0 1.6 1.3510624999999998 2.0389391686839873 9.239 0.691 0 0
10 1.3 0.798923076923077 0.12013291455618356 9.239 0.683 1.3510624999999998 16
20 0 0 0 9.239 0.683 1.1035517241379311 29
30 0 0 0 9.239 0.683 1.1035517241379311 29
40 0 0 0 9.239 0.683 1.1035517241379311 29
50 0 0 0 9.239 0.683 1.1035517241379311 29
60 0 0 0 9.239 0.683 1.1035517241379311 29
70 0 0 0 9.239 0.683 1.1035517241379311 29
80 0 0 0 9.239 0.683 1.1035517241379311 29
90 1.7 3.2150588235294117 6.489223378445477 27.336 0.648 1.1035517241379311 29
100 3.8 0.7951315789473684 0.40559865897296166 27.336 0.606 1.8838913043478258 46
110 0.4 0.7969999999999999 0.12324771803161305 27.336 0.606 1.3913571428571427 84
120 0 0 0 27.336 0.606 1.364340909090909 88
130 0 0 0 27.336 0.606 1.364340909090909 88
140 0 0 0 27.336 0.606 1.364340909090909 88
150 0 0 0 27.336 0.606 1.364340909090909 88
160 0 0 0 27.336 0.606 1.364340909090909 88
170 0 0 0 27.336 0.606 1.364340909090909 88
177 0 0 0 27.336 0.606 1.364340909090909 88
