0 0.1 724.99609375 0 724.99609375 724.99609375 0 0
10 0.1 725.75390625 0.0 725.75390625 724.99609375 724.99609375 1
20 0.1 719.53125 0.0 725.75390625 719.53125 725.375 2
30 0.1 720.08203125 0.0 725.75390625 719.53125 723.4270833333334 3
40 0.1 721.7890625 0.0 725.75390625 719.53125 722.5908203125 4
50 0.1 721.67578125 0.0 725.75390625 719.53125 722.43046875 5
60 0.1 721.8203125 0.0 725.75390625 719.53125 722.3046875 6
70 0.1 721.69921875 0.0 725.75390625 719.53125 722.2354910714286 7
80 0.1 723.84375 0.0 725.75390625 719.53125 722.16845703125 8
90 0.1 724.84765625 0.0 725.75390625 719.53125 722.3546006944445 9
100 0.1 724.59765625 0.0 725.75390625 719.53125 722.60390625 10
110 0.1 708.22265625 0.0 725.75390625 708.22265625 722.78515625 11
120 0.1 703.875 0.0 725.75390625 703.875 721.5716145833334 12
130 0.1 706.61328125 0.0 725.75390625 703.875 720.2103365384615 13
140 0.1 710.640625 0.0 725.75390625 703.875 719.2391183035714 14
150 0.1 710.5234375 0.0 725.75390625 703.875 718.6658854166667 15
160 0.1 710.609375 0.0 725.75390625 703.875 718.156982421875 16
170 0.1 710.89453125 0.0 725.75390625 703.875 717.7130055147059 17
177 0.1 711.09375 0.0 725.75390625 703.875 717.3342013888889 18
