0 0.1 0.0 0 0.0 0.0 0 0
10 0.1 0.0 0.0 0.0 0.0 0.0 1
20 0.1 0.0703125 0.0 0.0703125 0.0 0.0 2
30 0.1 0.05859375 0.0 0.0703125 0.0 0.0234375 3
40 0.1 0.05078125 0.0 0.0703125 0.0 0.0322265625 4
50 0.1 0.0390625 0.0 0.0703125 0.0 0.0359375 5
60 0.1 0.0390625 0.0 0.0703125 0.0 0.036458333333333336 6
70 0.1 0.03125 0.0 0.0703125 0.0 0.036830357142857144 7
80 0.1 0.01953125 0.0 0.0703125 0.0 0.0361328125 8
90 0.1 0.01953125 0.0 0.0703125 0.0 0.03428819444444445 9
100 0.1 0.01953125 0.0 0.0703125 0.0 0.0328125 10
110 0.1 0.01171875 0.0 0.0703125 0.0 0.03160511363636364 11
120 0.1 0.01171875 0.0 0.0703125 0.0 0.02994791666666667 12
130 0.1 0.01171875 0.0 0.0703125 0.0 0.02854567307692308 13
140 0.1 0.01171875 0.0 0.0703125 0.0 0.027343750000000003 14
150 0.1 0.01171875 0.0 0.0703125 0.0 0.026302083333333337 15
160 0.1 0.0 0.0 0.0703125 0.0 0.025390625000000003 16
170 0.1 0.0 0.0 0.0703125 0.0 0.023897058823529414 17
177 0.1 0.0 0.0 0.0703125 0.0 0.022569444444444448 18
