10 0.1 475 0 475 475 0 0
20 0.1 851.0 0.0 851 475 475.0 1
30 0.1 435.0 0.0 851 435 663.0 2
40 0.1 52.0 0.0 851 52 587.0 3
50 0.1 1.0 0.0 851 1 453.25 4
60 0.1 6.0 0.0 851 1 362.8 5
70 0.1 2.0 0.0 851 1 303.3333333333333 6
80 0.1 4.0 0.0 851 1 260.2857142857143 7
90 0.1 13.0 0.0 851 1 228.25 8
100 0.1 317.0 0.0 851 1 204.33333333333334 9
110 0.1 1891.0 0.0 1891 1 215.6 10
120 0.1 1653.0 0.0 1891 1 367.90909090909093 11
130 0.1 617.0 0.0 1891 1 475.0 12
140 0.1 71.0 0.0 1891 1 485.9230769230769 13
150 0.1 0.0 0.0 1891 0 456.2857142857143 14
160 0.1 1.0 0.0 1891 0 425.8666666666667 15
170 0.1 15.0 0.0 1891 0 399.3125 16
177 0.1 10.0 0.0 1891 0 376.70588235294116 17
