0 4.2 93.84428571428568 49.75064683297414 175.657 15.905 0 0
10 10.8 137.43264814814822 212.65671584640805 832.878 5.633 93.84428571428568 42
20 5.8 143.30120689655172 241.91841987749956 832.878 5.633 125.2279066666667 150
30 0.8 138.282625 268.13424685264357 840.546 5.633 130.26757692307694 208
40 0 0 0 840.546 5.633 130.56443055555556 216
50 0.1 14.061 0.0 840.546 5.633 130.56443055555556 216
60 0 0 0 840.546 5.633 130.0275483870968 217
70 0.2 60046.063500000004 10.933500000001004 60056.997 5.633 130.0275483870968 217
80 0.4 60003.50675 2.999561165820345 60056.997 5.633 677.2059589041096 219
90 2.8 6478.2883571428565 18548.471759836957 60061.12 5.633 1741.3548520179372 223
100 20 115.83803500000003 229.8889799494612 60061.12 5.117 2269.7777131474104 251
110 16.6 201.85611445783132 351.6842775330691 60061.12 5.117 1314.593820399113 451
120 5.5 372.91938181818193 475.9367517134448 60061.12 5.117 1015.2186839546191 617
130 0.2 1114.0325 77.80950000000007 60061.12 5.117 962.6495446428571 672
140 0 0 0 60061.12 5.117 963.0987522255191 674
150 0 0 0 60061.12 5.117 963.0987522255191 674
160 0.4 60048.4835 12.794845241345612 60061.256 5.117 963.0987522255191 674
170 0.8 60029.2645 25.331771508323286 60061.261 5.117 1311.6850929203538 678
177 0.3 60004.913 1.2633941058383114 60061.261 5.117 1996.4382055393585 686
