10 0.1 264 0 264 264 0 0
20 0.1 367.0 0.0 367 264 264.0 1
30 0.1 176.0 0.0 367 176 315.5 2
40 0.1 28.0 0.0 367 28 269.0 3
50 0.1 1.0 0.0 367 1 208.75 4
60 0.1 6.0 0.0 367 1 167.2 5
70 0.1 2.0 0.0 367 1 140.33333333333334 6
80 0.1 6.0 0.0 367 1 120.57142857142857 7
90 0.1 19.0 0.0 367 1 106.25 8
100 0.1 181.0 0.0 367 1 96.55555555555556 9
110 0.1 842.0 0.0 842 1 105.0 10
120 0.1 566.0 0.0 842 1 172.0 11
130 0.1 189.0 0.0 842 1 204.83333333333334 12
140 0.1 18.0 0.0 842 1 203.6153846153846 13
150 0.1 0.0 0.0 842 0 190.35714285714286 14
160 0.1 1.0 0.0 842 0 177.66666666666666 15
170 0.1 21.0 0.0 842 0 166.625 16
177 0.1 15.0 0.0 842 0 158.05882352941177 17
