10 0.5 13237.877799999998 2974.74896906851 18428.945 9354.077 0 0
20 1 15172.080599999998 3775.0422192492156 21320.33 9354.077 13237.877799999998 5
30 0.4 23776.2725 5151.218395659927 29211.997 9354.077 14527.346333333331 15
40 0 0 0 29211.997 9354.077 16474.488684210526 19
50 0.1 39581.235 0.0 39581.235 9354.077 16474.488684210526 19
60 0 0 0 39581.235 9354.077 17629.825999999997 20
70 0.2 72492.23199999999 3296.874000000007 75789.106 9354.077 17629.825999999997 20
80 0.4 72299.37475 2305.373618301203 75789.106 9354.077 22617.317454545453 22
90 0.3 77303.07100000001 2151.78761669889 80223.077 9354.077 30260.710884615386 26
100 0.3 8201.407666666666 347.7645292640157 80223.077 7847.315 35127.16193103448 29
110 1.9 12468.970999999998 3476.4111884914796 80223.077 6568.633 32602.87246875 32
120 2 18665.3217 5232.610957068947 80223.077 6568.633 25102.007215686273 51
130 0.2 24952.1725 3244.2485000000006 80223.077 6568.633 23288.856366197186 71
140 0 0 0 80223.077 6568.633 23334.42667123288 73
150 0 0 0 80223.077 6568.633 23334.42667123288 73
160 0.5 66911.689 3418.332450676671 80223.077 6568.633 23334.42667123288 73
170 0.7 70006.92428571428 3018.5283375901554 80223.077 6568.633 26127.840923076925 78
177 0.3 73936.33533333334 456.8363472494506 80223.077 6568.633 29741.412494117645 85
