10 0.2 16.213 4.127 20.34 12.086 0 0
20 0.2 16.319499999999998 4.796500000000001 21.116 11.523 16.213 2
30 0.1 28.172 0.0 28.172 11.523 16.26625 4
40 0 0 0 28.172 11.523 18.647399999999998 5
50 0 0 0 28.172 11.523 18.647399999999998 5
60 0 0 0 28.172 11.523 18.647399999999998 5
70 0 0 0 28.172 11.523 18.647399999999998 5
80 0 0 0 28.172 11.523 18.647399999999998 5
90 0 0 0 28.172 11.523 18.647399999999998 5
100 0.1 8.504 0.0 28.172 8.504 18.647399999999998 5
110 0.3 10.711 2.4730826917028073 28.172 8.504 16.956833333333332 6
120 0.2 9.847000000000001 0.94 28.172 8.504 14.874888888888888 9
130 0 0 0 28.172 8.504 13.96072727272727 11
140 0 0 0 28.172 8.504 13.96072727272727 11
150 0 0 0 28.172 8.504 13.96072727272727 11
160 0 0 0 28.172 8.504 13.96072727272727 11
170 0 0 0 28.172 8.504 13.96072727272727 11
177 0 0 0 28.172 8.504 13.96072727272727 11
