0 0.2 128.47899999999998 7.846 136.325 120.633 0 0
10 0 0 0 136.325 120.633 128.47899999999998 2
20 0 0 0 136.325 120.633 128.47899999999998 2
30 0 0 0 136.325 120.633 128.47899999999998 2
40 0 0 0 136.325 120.633 128.47899999999998 2
50 0 0 0 136.325 120.633 128.47899999999998 2
60 0 0 0 136.325 120.633 128.47899999999998 2
70 0 0 0 136.325 120.633 128.47899999999998 2
80 0 0 0 136.325 120.633 128.47899999999998 2
90 0 0 0 136.325 120.633 128.47899999999998 2
100 0 0 0 136.325 120.633 128.47899999999998 2
110 0 0 0 136.325 120.633 128.47899999999998 2
120 0 0 0 136.325 120.633 128.47899999999998 2
130 0 0 0 136.325 120.633 128.47899999999998 2
140 0 0 0 136.325 120.633 128.47899999999998 2
150 0 0 0 136.325 120.633 128.47899999999998 2
160 0 0 0 136.325 120.633 128.47899999999998 2
170 0 0 0 136.325 120.633 128.47899999999998 2
177 0 0 0 136.325 120.633 128.47899999999998 2
