10 0.2 28.1905 18.0865 46.277 10.104 0 0
20 0.2 9.911000000000001 0.4379999999999993 46.277 9.473 28.1905 2
30 0.1 9.895 0.0 46.277 9.473 19.05075 4
40 0 0 0 46.277 9.473 17.2196 5
50 0 0 0 46.277 9.473 17.2196 5
60 0 0 0 46.277 9.473 17.2196 5
70 0 0 0 46.277 9.473 17.2196 5
80 0 0 0 46.277 9.473 17.2196 5
90 0 0 0 46.277 9.473 17.2196 5
100 0.2 9.512 1.403 46.277 8.109 17.2196 5
110 0.3 24.500333333333334 11.240190696286646 46.277 8.109 15.017428571428571 7
120 0.1 8.842 0.0 46.277 8.109 17.862299999999998 10
130 0 0 0 46.277 8.109 17.042272727272728 11
140 0 0 0 46.277 8.109 17.042272727272728 11
150 0 0 0 46.277 8.109 17.042272727272728 11
160 0 0 0 46.277 8.109 17.042272727272728 11
170 0 0 0 46.277 8.109 17.042272727272728 11
177 0 0 0 46.277 8.109 17.042272727272728 11
