0 0.8 121.83300000000001 26.35955913895376 180.044 79.122 0 0
10 1.3 86.60869230769232 16.94817880111478 180.044 63.613 121.83300000000001 8
20 0 0 0 180.044 63.613 100.02747619047621 21
30 0 0 0 180.044 63.613 100.02747619047621 21
40 0 0 0 180.044 63.613 100.02747619047621 21
50 0 0 0 180.044 63.613 100.02747619047621 21
60 0 0 0 180.044 63.613 100.02747619047621 21
70 0 0 0 180.044 63.613 100.02747619047621 21
80 0 0 0 180.044 63.613 100.02747619047621 21
90 1.1 76.90536363636365 11.006274072486006 180.044 55.412 100.02747619047621 21
100 2.5 72.77724 14.773306487797507 180.044 53.635 92.07925 32
110 0.2 73.717 0.7459999999999951 180.044 53.635 83.61345614035089 57
120 0 0 0 180.044 53.635 83.27798305084747 59
130 0 0 0 180.044 53.635 83.27798305084747 59
140 0 0 0 180.044 53.635 83.27798305084747 59
150 0 0 0 180.044 53.635 83.27798305084747 59
160 0 0 0 180.044 53.635 83.27798305084747 59
170 0 0 0 180.044 53.635 83.27798305084747 59
177 0 0 0 180.044 53.635 83.27798305084747 59
