10 0.5 60.1232 23.662878805420107 74.009 12.938 0 0
20 0.1 13.087 0.0 74.009 12.938 60.1232 5
30 0 0 0 74.009 12.938 52.28383333333333 6
40 0 0 0 74.009 12.938 52.28383333333333 6
50 0 0 0 74.009 12.938 52.28383333333333 6
60 0 0 0 74.009 12.938 52.28383333333333 6
70 0 0 0 74.009 12.938 52.28383333333333 6
80 0 0 0 74.009 12.938 52.28383333333333 6
90 0 0 0 74.009 12.938 52.28383333333333 6
100 0.8 26.699625000000005 16.533354347632397 74.009 12.425 52.28383333333333 6
110 1 19.525 7.341470315951703 74.009 11.075 37.66428571428571 14
120 0.3 19.471 9.232736539076589 74.009 11.075 30.10625 24
130 0 0 0 74.009 11.075 28.924555555555553 27
140 0 0 0 74.009 11.075 28.924555555555553 27
150 0 0 0 74.009 11.075 28.924555555555553 27
160 0 0 0 74.009 11.075 28.924555555555553 27
170 0 0 0 74.009 11.075 28.924555555555553 27
177 0 0 0 74.009 11.075 28.924555555555553 27
