10 0.1 31.397 0 31.397 31.397 0 0
20 0.3 12.463666666666667 0.7569699832592802 31.397 11.529 31.397 1
30 0.2 32.7405 19.7165 52.457 11.529 17.197 4
40 0 0 0 52.457 11.529 22.37816666666667 6
50 0.1 14.233 0.0 52.457 11.529 22.37816666666667 6
60 0 0 0 52.457 11.529 21.21457142857143 7
70 0 0 0 52.457 11.529 21.21457142857143 7
80 0 0 0 52.457 11.529 21.21457142857143 7
90 0 0 0 52.457 11.529 21.21457142857143 7
100 0.1 10.127 0.0 52.457 10.127 21.21457142857143 7
110 0.8 10.375125 1.0439889172663668 52.457 8.456 19.828625000000002 8
120 0.8 12.690124999999998 4.213754099300883 52.457 8.456 15.101875000000001 16
130 0 0 0 52.457 8.456 14.297958333333334 24
140 0 0 0 52.457 8.456 14.297958333333334 24
150 0 0 0 52.457 8.456 14.297958333333334 24
160 0 0 0 52.457 8.456 14.297958333333334 24
170 0 0 0 52.457 8.456 14.297958333333334 24
177 0 0 0 52.457 8.456 14.297958333333334 24
