10 0.5 794.4526 24.886384434867196 843.773 776.23 0 0
20 0.6 796.7668333333335 11.707511654441715 843.773 776.23 794.4526 5
30 0.1 840.728 0.0 843.773 776.23 795.7149090909093 11
40 0 0 0 843.773 776.23 799.466 12
50 0 0 0 843.773 776.23 799.466 12
60 0 0 0 843.773 776.23 799.466 12
70 0 0 0 843.773 776.23 799.466 12
80 0 0 0 843.773 776.23 799.466 12
90 0 0 0 843.773 776.23 799.466 12
100 0.6 927.3038333333334 27.60070163007134 953.299 776.23 799.466 12
110 1.8 989.2493333333332 31.38943870865559 1039.83 776.23 842.0786111111112 18
120 1.6 1039.878125 67.21128972117982 1272.45 776.23 915.6639722222221 36
130 0.2 1114.2265 77.82249999999999 1272.45 776.23 953.8837115384614 52
140 0 0 0 1272.45 776.23 959.8223333333333 54
150 0 0 0 1272.45 776.23 959.8223333333333 54
160 0 0 0 1272.45 776.23 959.8223333333333 54
170 0 0 0 1272.45 776.23 959.8223333333333 54
177 0 0 0 1272.45 776.23 959.8223333333333 54
