0 0.1 375574.15625 0 375574.15625 375574.15625 0 0
10 0.1 375563.46484375 0.0 375574.15625 375563.46484375 375574.15625 1
20 0.1 375554.99609375 0.0 375574.15625 375554.99609375 375568.810546875 2
30 0.1 375555.2734375 0.0 375574.15625 375554.99609375 375564.2057291667 3
40 0.1 375558.35546875 0.0 375574.15625 375554.99609375 375561.97265625 4
50 0.1 375557.2578125 0.0 375574.15625 375554.99609375 375561.24921875 5
60 0.1 375536.51953125 0.0 375574.15625 375536.51953125 375560.583984375 6
70 0.1 375538.03515625 0.0 375574.15625 375536.51953125 375557.14620535716 7
80 0.1 375545.66015625 0.0 375574.15625 375536.51953125 375554.75732421875 8
90 0.1 375547.80859375 0.0 375574.15625 375536.51953125 375553.74652777775 9
100 0.1 375501.3125 0.0 375574.15625 375501.3125 375553.152734375 10
110 0.1 375513.9609375 0.0 375574.15625 375501.3125 375548.43998579547 11
120 0.1 375527.04296875 0.0 375574.15625 375501.3125 375545.5667317708 12
130 0.1 375534.890625 0.0 375574.15625 375501.3125 375544.14182692306 13
140 0.1 375504.69921875 0.0 375574.15625 375501.3125 375543.48102678574 14
150 0.1 375432.71875 0.0 375574.15625 375432.71875 375540.89557291666 15
160 0.1 375471.78125 0.0 375574.15625 375432.71875 375534.1345214844 16
170 0.1 375498.8984375 0.0 375574.15625 375432.71875 375530.4666819853 17
177 0.1 375504.96484375 0.0 375574.15625 375432.71875 375528.712890625 18
