10 0.1 639 0 639 639 0 0
20 0.1 1146.0 0.0 1146 639 639.0 1
30 0.1 724.0 0.0 1146 639 892.5 2
40 0.1 71.0 0.0 1146 71 836.3333333333334 3
50 0.1 408.0 0.0 1146 71 645.0 4
60 0.1 2163.0 0.0 2163 71 597.6 5
70 0.1 1815.0 0.0 2163 71 858.5 6
80 0.1 682.0 0.0 2163 71 995.1428571428571 7
90 0.1 1026.0 0.0 2163 71 956.0 8
100 0.1 5026.0 0.0 5026 71 963.7777777777778 9
110 0.1 4585.0 0.0 5026 71 1370.0 10
120 0.1 868.0 0.0 5026 71 1662.2727272727273 11
130 0.1 49.0 0.0 5026 49 1596.0833333333333 12
140 0.1 5309.0 0.0 5309 49 1477.076923076923 13
150 0.1 12434.0 0.0 12434 49 1750.7857142857142 14
160 0.1 6230.0 0.0 12434 49 2463.0 15
170 0.1 962.0 0.0 12434 49 2698.4375 16
177 0.1 221.0 0.0 12434 49 2596.294117647059 17
