0 5.4 66.85616666666674 58.56718739816248 216.185 5.038 0 0
10 13 48.00275384615387 52.92832787299931 216.185 4.358 66.85616666666674 54
20 7 42.81301428571429 44.738076614730666 216.185 4.358 53.53582065217395 184
30 1.3 39.06969230769231 42.37339569621961 216.185 4.358 50.5807165354331 254
40 2.9 40.653862068965516 41.43375228892015 216.185 4.358 50.02025468164797 267
50 21 47.537728571428566 50.99580302056278 306.894 4.083 49.10260135135138 296
60 20.8 42.946048076923084 52.26195143657791 306.894 4.046 48.45314822134389 506
70 6.9 39.35650724637681 50.516844694350574 306.894 4.046 46.84883893557424 714
80 6.7 36.583388059701484 39.462171169382565 306.894 4.046 46.18859514687102 783
90 45.3 51.6364966887417 51.94137668231332 336.458 3.764 45.431478823529424 850
100 40.6 52.857593596059175 74.13199580906567 568.866 3.764 47.58871066768995 1303
110 10.6 42.23853773584902 75.80761399009481 568.866 3.764 48.84041720304274 1709
120 1.8 36.05838888888889 50.15709398938375 568.866 3.764 48.45485289256201 1815
130 36.8 55.722644021739164 48.95689820294144 568.866 3.764 48.33312002182218 1833
140 100.3 86.70827218344958 166.78549595715944 2282.303 3.764 49.56862426169926 2201
150 55.8 95.38690501792114 262.31119267308634 2377.881 3.764 61.19504962546817 3204
160 14.5 50.973082758620684 152.47347626714046 2377.881 3.764 66.26656884635833 3762
170 1.6 15.792625 11.503734382120227 2377.881 3.764 65.69898361914514 3907
177 0.3 18.479 3.5092198563213453 2377.881 3.764 65.49543996941118 3923
