0 271.9140625 271.9140625
10 972.90234375 1244.81640625
20 807.1265625 2051.94296875
30 95.66171875 2147.6046875
40 165.32265625 2312.92734375
50 1544.48046875 3857.4078125
60 1680.3171875 5537.725
70 788.93203125 6326.65703125
80 493.4375 6820.09453125
90 3738.1296875 10558.22421875
100 4693.0109375 15251.23515625
110 900.87265625 16152.1078125
120 83.878125 16235.9859375
130 3558.9765625 19794.9625
140 10251.85703125 30046.81953125
150 6768.67109375 36815.490625
160 1199.103125 38014.59375
170 63.72734375 38078.32109375
177 3.58984375 38081.9109375
