0 1 2552.4011 1368.213630792827 4707.75 875.482 0 0
10 1.6 3785.0149375 1961.0631338303615 8195.576 875.482 2552.4011 10
20 0.3 9364.341333333334 2648.7990794084194 12737.573 875.482 3310.9326923076924 26
30 0.1 5209.003 0.0 12737.573 875.482 3937.147379310345 29
40 0.2 1740.589 77.90200000000004 12737.573 875.482 3979.5425666666665 30
50 3 3041.0262333333335 1687.3827236736718 12737.573 135.515 3839.60796875 32
60 2.7 5366.705000000001 2989.046664467006 12737.573 135.515 3453.1974516129035 62
70 0.1 5645.461 0.0 12737.573 135.515 4033.6997415730343 89
80 0.5 1983.8301999999999 874.2582573423944 12737.573 135.515 4051.6082000000006 90
90 7.3 2914.216643835615 2141.957593928094 12737.573 135.515 3942.7777789473694 95
100 3.7 4024.0370270270278 2664.2401546136784 12737.573 135.515 3495.8434761904755 168
110 0.3 14050.932666666666 4449.448062086078 20211.403 135.515 3591.175970731707 205
120 0.1 5364.968 0.0 20211.403 135.515 3742.0378461538453 208
130 4.6 2473.3891304347812 1399.1463366025016 20211.403 135.515 3749.8030622009564 209
140 15.2 3493.320006578948 2371.6405840221037 20211.403 135.515 3519.547999999999 255
150 4.1 6667.210170731707 3262.1049381613966 20211.403 135.515 3509.7527788697785 407
160 0 0 0 20211.403 135.515 3798.7165133928565 448
170 0 0 0 20211.403 135.515 3798.7165133928565 448
177 0 0 0 20211.403 135.515 3798.7165133928565 448
