10 0.4 70.35425000000001 8.548809781922865 81.65 60.651 0 0
20 0.5 70.4616 9.388021913054954 81.79 60.651 70.35425000000001 4
30 0 0 0 81.79 60.651 70.41388888888889 9
40 0 0 0 81.79 60.651 70.41388888888889 9
50 0.7 66.63885714285713 5.6637763633354705 81.79 60.651 70.41388888888889 9
60 0.8 66.00487499999998 5.732682213360078 81.79 59.948 68.7623125 16
70 0.4 62.355999999999995 3.741454463173379 81.79 59.697 67.84316666666666 24
80 0 0 0 81.79 59.697 67.0592857142857 28
90 2.2 66.30745454545455 5.364167415929116 81.79 59.697 67.0592857142857 28
100 2 74.00045 27.717817891159836 184.586 59.511 66.72848 50
110 0.1 60.596 0.0 184.586 59.511 68.80618571428573 70
120 0 0 0 184.586 59.511 68.69054929577466 71
130 0.9 68.98988888888888 12.154564871268594 184.586 59.511 68.69054929577466 71
140 3.9 79.68441025641027 23.998315668159147 210.955 59.511 68.724225 80
150 1.3 70.89515384615385 9.442332378473138 210.955 59.511 72.31621848739496 119
160 0.3 63.085 3.789366789671682 210.955 59.511 72.17626515151517 132
170 0 0 0 210.955 59.511 71.97423703703704 135
177 0 0 0 210.955 59.511 71.97423703703704 135
