10 0.4 8.6105 1.14842185193421 10.226 6.978 0 0
20 0.1 7.508 0.0 10.226 6.978 8.6105 4
30 0.1 9.537 0.0 10.226 6.978 8.39 5
40 0 0 0 10.226 6.978 8.581166666666666 6
50 0.3 7.833666666666667 0.21100131647825193 10.226 6.978 8.581166666666666 6
60 1 7.179799999999998 0.7036963549713753 10.226 6.21 8.332 9
70 0.3 7.669333333333333 0.7898482273337216 10.226 6.21 7.7255789473684215 19
80 0 0 0 10.226 6.21 7.7179090909090915 22
90 0.4 20.16575 15.494560035299484 44.175 6.21 7.7179090909090915 22
100 1.7 8.595882352941175 4.010419193027859 44.175 6.174 9.632961538461538 26
110 0.3 7.106999999999999 0.31193054782541985 44.175 6.174 9.222953488372093 43
120 0 0 0 44.175 6.174 9.08495652173913 46
130 0.1 6.773 0.0 44.175 6.174 9.08495652173913 46
140 2.5 17.286599999999996 26.67328322647964 131.657 6.174 9.03576595744681 47
150 2.5 8.3662 1.7700525641912446 131.657 6.119 11.900638888888889 72
160 0.3 7.713333333333334 1.7071866395395143 131.657 6.119 10.989701030927835 97
170 0 0 0 131.657 6.119 10.89141 100
177 0 0 0 131.657 6.119 10.89141 100
