0 0.1 180.116 0 180.116 180.116 0 0
10 0.7 180.8562857142857 17.21421911190435 204.506 158.424 180.116 1
20 0.3 170.706 11.114203015361314 204.506 158.424 180.76375 8
30 0 0 0 204.506 158.424 178.02072727272727 11
40 0 0 0 204.506 158.424 178.02072727272727 11
50 0.6 165.8285 7.816475159345588 204.506 158.424 178.02072727272727 11
60 0.4 170.04025 9.223742715812287 204.506 156.065 173.71758823529413 17
70 0.5 165.21240000000003 11.51841285247235 204.506 156.065 173.01714285714286 21
80 0 0 0 204.506 156.065 171.5162307692308 26
90 0.4 173.8 5.241261298580718 204.506 156.065 171.5162307692308 26
100 1.4 189.00164285714285 33.25665706636179 296.534 156.065 171.82073333333335 30
110 0.6 169.8225 5.940661740636866 296.534 156.065 177.2873863636364 44
120 0.1 174.79 0.0 296.534 156.065 176.39160000000004 50
130 0.3 193.92066666666665 28.534109533834915 296.534 156.065 176.36019607843141 51
140 3.5 329.97171428571426 147.4035870051184 749.078 156.065 177.33577777777785 54
150 3.6 309.03383333333346 164.59146711875908 750.285 156.065 237.36114606741572 89
160 0.5 192.1598 24.091181144975028 750.285 156.065 258.00288000000006 125
170 0 0 0 750.285 156.065 255.4704538461539 130
177 0 0 0 750.285 156.065 255.4704538461539 130
