0 1.2 68.90358333333334 32.629687646524026 138.716 39.118 0 0
10 0.6 42.206 3.347802463308332 138.716 39.118 68.90358333333334 12
20 0 0 0 138.716 39.118 60.0043888888889 18
30 0 0 0 138.716 39.118 60.0043888888889 18
40 0.7 48.102 6.250220613249241 138.716 39.118 60.0043888888889 18
50 2.6 47.493307692307695 5.98907959905251 138.716 39.118 56.67172000000001 25
60 0.2 45.2325 0.6024999999999991 138.716 39.118 51.99252941176471 51
70 0 0 0 138.716 39.118 51.737433962264156 53
80 1.3 54.41761538461539 3.5342575009243786 138.716 39.118 51.737433962264156 53
90 4.3 64.70358139534882 28.172822891666986 186.786 39.118 52.26534848484849 66
100 0.9 62.00866666666666 9.036764895568421 186.786 39.118 57.172174311926604 109
110 0 0 0 186.786 39.118 57.541059322033895 118
120 0 0 0 186.786 39.118 57.541059322033895 118
130 8.1 75.08538271604937 13.801073908445238 186.786 39.118 57.541059322033895 118
140 7.4 126.80302702702701 63.86502655071549 329.97 39.118 64.682216080402 199
150 0 0 0 329.97 39.118 81.52082417582417 273
160 0 0 0 329.97 39.118 81.52082417582417 273
170 0 0 0 329.97 39.118 81.52082417582417 273
177 0 0 0 329.97 39.118 81.52082417582417 273
