30 0.1 126.757 0 126.757 126.757 0 0
40 0 0 0 126.757 126.757 126.757 1
50 0.2 125.132 0.5829999999999984 126.757 124.549 126.757 1
60 0.2 124.73949999999999 0.2105000000000068 126.757 124.529 125.67366666666668 3
70 0 0 0 126.757 124.529 125.3 5
80 0 0 0 126.757 124.529 125.3 5
90 0.4 126.13525 0.9957465478222871 127.529 124.529 125.3 5
100 0.8 126.196375 2.1123918870264053 129.847 123.671 125.67122222222221 9
110 0.3 124.88999999999999 0.8475781183269653 129.847 123.671 125.91835294117648 17
120 0.1 126.033 0.0 129.847 123.671 125.76410000000001 20
130 0.1 127.198 0.0 129.847 123.671 125.77690476190476 21
140 1 128.19570000000002 2.02159961664025 131.507 123.671 125.8415 22
150 0.8 125.399625 1.0597498451875367 131.507 123.671 126.57718750000001 32
160 0.3 127.55166666666666 4.170794195620561 133.444 123.671 126.34167500000001 40
170 0 0 0 133.444 123.671 126.42609302325582 43
177 0 0 0 133.444 123.671 126.42609302325582 43
