10 0.4 12.882 3.56264080423497 17.52 8.887 0 0
20 0.5 10.795399999999997 3.131375007883917 17.52 8.754 12.882 4
30 0 0 0 17.52 8.754 11.722777777777777 9
40 0 0 0 17.52 8.754 11.722777777777777 9
50 0.7 8.765857142857145 0.4488962427273079 17.52 8.026 11.722777777777777 9
60 0.8 9.827250000000001 2.9639466826344907 17.566 7.956 10.429125 16
70 0.4 9.24075 0.17171105817622892 17.566 7.956 10.228500000000002 24
80 0 0 0 17.566 7.956 10.08739285714286 28
90 2.2 10.302136363636361 4.921435731900107 30.681 7.956 10.08739285714286 28
100 2 10.215999999999998 3.4765838261143656 30.681 7.416 10.18188 50
110 0.1 9.199 0.0 30.681 7.416 10.191628571428572 70
120 0 0 0 30.681 7.416 10.177647887323943 71
130 0.9 9.407111111111112 1.0625798212573068 30.681 7.416 10.177647887323943 71
140 3.9 11.568333333333335 3.6377368939220593 30.681 7.416 10.0909625 80
150 1.2 10.700750000000001 2.4523642716434546 30.681 7.416 10.575142857142858 119
160 0.4 9.02475 0.860379676363871 30.681 7.416 10.586648854961833 131
170 0 0 0 30.681 7.416 10.54037037037037 135
177 0 0 0 30.681 7.416 10.54037037037037 135
