10 0.5 73.98800000000001 2.28516879026474 77.418 70.927 0 0
20 1.1 64.77481818181818 6.230446851305459 77.418 56.131 73.98800000000001 5
30 0.2 66.2275 2.9935000000000027 77.418 56.131 67.6539375 16
40 0 0 0 77.418 56.131 67.49544444444444 18
50 0.7 65.501 3.8414873979451545 77.418 56.131 67.49544444444444 18
60 1.7 60.276470588235284 5.507419317906762 77.418 54.17 66.93700000000001 25
70 1 63.83270000000001 4.81082140699486 77.418 54.17 64.24107142857143 42
80 0.4 56.84375 3.7770475490123228 77.418 54.17 64.16253846153846 52
90 1.9 67.6917894736842 8.893537479712288 95.245 54.17 63.63976785714285 56
100 5.7 65.44950877192983 13.596277394447538 127.302 53.661 64.66628 75
110 1 63.303999999999995 4.326690143747294 127.302 53.661 65.00449242424243 132
120 0 0 0 127.302 53.661 64.88473943661972 142
130 0.6 74.25683333333335 24.92116532465705 127.302 53.005 64.88473943661972 142
140 4.4 81.96704545454544 32.19741240093862 214.178 53.005 65.2646891891892 148
150 6.3 73.67017460317459 15.377799021553495 214.178 53.005 69.0923125 192
160 1.4 68.14185714285715 20.56107644436498 214.178 52.211 70.2233137254902 255
170 0.1 55.484 0.0 214.178 52.211 70.11498513011152 269
177 0 0 0 214.178 52.211 70.0607962962963 270
