10 0.8 20.991624999999996 9.454348945558072 37.273 9.113 0 0
20 0.2 10.0115 0.2575000000000003 37.273 9.113 20.991624999999996 8
30 0.1 11.054 0.0 37.273 9.113 18.795599999999997 10
40 0 0 0 37.273 9.113 18.09181818181818 11
50 0.1 13.929 0.0 37.273 9.113 18.09181818181818 11
60 0.8 9.506 0.3418117171777463 37.273 9.013 17.744916666666665 12
70 0.3 10.033666666666667 0.2710059449942415 37.273 9.013 14.449349999999999 20
80 0.3 9.844 0.29324733587877655 37.273 9.013 13.873391304347825 23
90 0 0 0 37.273 9.013 13.408461538461536 26
100 1.1 9.805090909090909 0.5003045353573898 37.273 8.905 13.408461538461536 26
110 1 9.586700000000002 0.38704962214165745 37.273 8.905 12.337189189189187 37
120 0.4 10.043 0.6215629493462425 37.273 8.905 11.751978723404255 47
130 0.1 8.655 0.0 37.273 8.655 11.617941176470588 51
140 1.3 13.934384615384614 3.9193727625821717 37.273 8.655 11.560961538461537 52
150 3.8 16.752657894736846 8.218815320817278 56.775 8.563 12.035646153846153 65
160 2.3 10.281652173913047 1.7594480015963423 56.775 8.317 13.77590291262136 103
170 0.4 10.975 1.417823508057333 56.775 8.317 13.138063492063493 126
177 0 0 0 56.775 8.317 13.071507692307694 130
