0 1.7 2.117117647058823 2.81937871508961 13.378 1.207 0 0
10 1.1 1.4457272727272727 0.1714049383552352 13.378 1.121 2.117117647058823 17
20 0 0 0 13.378 1.121 1.8533571428571423 28
30 0.8 1.4704999999999997 0.10815960428921696 13.378 1.121 1.8533571428571423 28
40 4.7 1.4016808510638297 0.19178346681598116 13.378 1.06 1.7682777777777772 36
50 0.5 1.531 0.10404806581575649 13.378 1.06 1.5606867469879515 83
60 0 0 0 13.378 1.06 1.5589999999999997 88
70 0 0 0 13.378 1.06 1.5589999999999997 88
80 0 0 0 13.378 1.06 1.5589999999999997 88
90 6.3 1.752873015873016 2.7829103156848003 23.65 1.06 1.5589999999999997 88
100 5.7 1.4997543859649118 0.6821908793102534 23.65 0.909 1.639887417218543 151
110 0 0 0 23.65 0.909 1.601485576923077 208
120 0 0 0 23.65 0.909 1.601485576923077 208
130 4 1.4726750000000002 0.6673043304033026 23.65 0.909 1.601485576923077 208
140 14.6 1.4196438356164376 0.7441150001316358 23.65 0.909 1.5807096774193548 248
150 3.8 2.2939210526315787 4.591720531689155 23.65 0.909 1.5210253807106595 394
160 0 0 0 23.65 0.909 1.5890115740740738 432
170 0 0 0 23.65 0.909 1.5890115740740738 432
180 7.6 1.3651184210526315 0.2534919788570743 23.65 0.909 1.5890115740740738 432
190 30.4 1.4338026315789483 2.3326423844945543 30.408 0.865 1.5555157480314958 508
200 8.1 1.144617283950617 0.16099663119711732 30.408 0.865 1.5099482758620693 812
210 0 0 0 30.408 0.865 1.4768107502799555 893
220 0 0 0 30.408 0.865 1.4768107502799555 893
230 0 0 0 30.408 0.865 1.4768107502799555 893
240 43.5 1.2295126436781618 0.6842108478553199 30.408 0.794 1.4768107502799555 893
250 49.7 1.1398953722334006 0.7407276190017654 30.408 0.794 1.3958057228915668 1328
260 0 0 0 30.408 0.794 1.3261139726027402 1825
270 0 0 0 30.408 0.794 1.3261139726027402 1825
280 0 0 0 30.408 0.794 1.3261139726027402 1825
290 0 0 0 30.408 0.794 1.3261139726027402 1825
300 88.5 1.1675344632768332 0.9726201575364246 30.408 0.776 1.3261139726027402 1825
310 100.4 1.1022549800796817 0.8318886786286832 30.408 0.776 1.274326937269372 2710
320 5.2 1.2019423076923075 0.569916742011887 30.408 0.776 1.2278109854604196 3714
330 5.8 1.1583793103448272 0.3969016132575187 30.408 0.776 1.2274537971322355 3766
340 1.3 1.3423076923076922 0.4931951376351781 30.408 0.776 1.2264061192468614 3824
350 0 0 0 30.408 0.776 1.2267988011467288 3837
360 0 0 0 30.408 0.776 1.2267988011467288 3837
368 0 0 0 30.408 0.776 1.2267988011467288 3837
