0 0.1 375581.67578125 0 375581.67578125 375581.67578125 0 0
10 0.1 375578.81640625 0.0 375581.67578125 375578.81640625 375581.67578125 1
20 0.1 375569.2109375 0.0 375581.67578125 375569.2109375 375580.24609375 2
30 0.1 375568.296875 0.0 375581.67578125 375568.296875 375576.5677083333 3
40 0.1 375567.69921875 0.0 375581.67578125 375567.69921875 375574.5 4
50 0.1 375544.0625 0.0 375581.67578125 375544.0625 375573.13984375 5
60 0.1 375531.6328125 0.0 375581.67578125 375531.6328125 375568.2936197917 6
70 0.1 375539.55859375 0.0 375581.67578125 375531.6328125 375563.05636160716 7
80 0.1 375541.28515625 0.0 375581.67578125 375531.6328125 375560.119140625 8
90 0.1 375543.12890625 0.0 375581.67578125 375531.6328125 375558.02647569444 9
100 0.1 375541.67578125 0.0 375581.67578125 375531.6328125 375556.53671875 10
110 0.1 375511.2265625 0.0 375581.67578125 375511.2265625 375555.1857244318 11
120 0.1 375510.078125 0.0 375581.67578125 375510.078125 375551.5224609375 12
130 0.1 375536.2578125 0.0 375581.67578125 375510.078125 375548.3344350961 13
140 0.1 375539.97265625 0.0 375581.67578125 375510.078125 375547.4718191964 14
150 0.1 375488.2421875 0.0 375581.67578125 375488.2421875 375546.971875 15
160 0.1 375448.2734375 0.0 375581.67578125 375448.2734375 375543.30126953125 16
170 0.1 375479.06640625 0.0 375581.67578125 375448.2734375 375537.7113970588 17
180 0.1 375504.41015625 0.0 375581.67578125 375448.2734375 375534.4533420139 18
190 0.1 375514.359375 0.0 375581.67578125 375448.2734375 375532.8721217105 19
200 0.1 375393.7890625 0.0 375581.67578125 375393.7890625 375531.946484375 20
210 0.1 375329.1640625 0.0 375581.67578125 375329.1640625 375525.3675595238 21
220 0.1 375384.7578125 0.0 375581.67578125 375329.1640625 375516.44921875 22
230 0.1 375461.296875 0.0 375581.67578125 375329.1640625 375510.72350543475 23
240 0.1 375472.4296875 0.0 375581.67578125 375329.1640625 375508.6640625 24
250 0.1 375348.4375 0.0 375581.67578125 375329.1640625 375507.2146875 25
260 0.1 375115.33984375 0.0 375581.67578125 375115.33984375 375501.1078725961 26
270 0.1 375122.60546875 0.0 375581.67578125 375115.33984375 375486.8201678241 27
280 0.1 375312.00390625 0.0 375581.67578125 375115.33984375 375473.8125 28
290 0.1 375372.22265625 0.0 375581.67578125 375115.33984375 375468.232893319 29
300 0.1 375393.375 0.0 375581.67578125 375115.33984375 375465.0325520833 30
310 0.1 375195.30859375 0.0 375581.67578125 375115.33984375 375462.72101814515 31
320 0.1 374864.9296875 0.0 375581.67578125 374864.9296875 375454.3643798828 32
330 0.1 374625.49609375 0.0 375581.67578125 374625.49609375 375436.5027225379 33
340 0.1 374976.1484375 0.0 375581.67578125 374625.49609375 375412.64958639705 34
350 0.1 375198.6171875 0.0 375581.67578125 374625.49609375 375400.178125 35
360 0.1 375240.9453125 0.0 375581.67578125 374625.49609375 375394.57921006944 36
368 0.1 375262.19140625 0.0 375581.67578125 374625.49609375 375390.4269425676 37
