0 0.1 0.01171875 0 0.01171875 0.01171875 0 0
10 0.1 0.01171875 0.0 0.01171875 0.01171875 0.01171875 1
20 0.1 0.0 0.0 0.01171875 0.0 0.01171875 2
30 0.1 0.0 0.0 0.01171875 0.0 0.0078125 3
40 0.1 0.0 0.0 0.01171875 0.0 0.005859375 4
50 0.1 0.0 0.0 0.01171875 0.0 0.0046875 5
60 0.1 0.0 0.0 0.01171875 0.0 0.00390625 6
70 0.1 0.0 0.0 0.01171875 0.0 0.0033482142857142855 7
80 0.1 0.0 0.0 0.01171875 0.0 0.0029296875 8
90 0.1 0.0 0.0 0.01171875 0.0 0.0026041666666666665 9
100 0.1 0.0 0.0 0.01171875 0.0 0.00234375 10
110 0.1 0.0 0.0 0.01171875 0.0 0.002130681818181818 11
120 0.1 0.0 0.0 0.01171875 0.0 0.001953125 12
130 0.1 0.0 0.0 0.01171875 0.0 0.0018028846153846155 13
140 0.1 0.0 0.0 0.01171875 0.0 0.0016741071428571428 14
150 0.1 0.078125 0.0 0.078125 0.0 0.0015625 15
160 0.1 0.0703125 0.0 0.078125 0.0 0.00634765625 16
170 0.1 0.05859375 0.0 0.078125 0.0 0.01011029411764706 17
180 0.1 0.05078125 0.0 0.078125 0.0 0.012803819444444444 18
190 0.1 0.0390625 0.0 0.078125 0.0 0.014802631578947368 19
200 0.1 0.03125 0.0 0.078125 0.0 0.016015625 20
210 0.1 0.03125 0.0 0.078125 0.0 0.016741071428571428 21
220 0.1 0.01953125 0.0 0.078125 0.0 0.01740056818181818 22
230 0.1 0.01953125 0.0 0.078125 0.0 0.01749320652173913 23
240 0.1 0.01953125 0.0 0.078125 0.0 0.017578124999999997 24
250 0.1 0.01171875 0.0 0.078125 0.0 0.017656249999999995 25
260 0.1 0.08984375 0.0 0.08984375 0.0 0.017427884615384612 26
270 0.1 0.078125 0.0 0.08984375 0.0 0.020109953703703703 27
280 0.1 0.05859375 0.0 0.08984375 0.0 0.022181919642857144 28
290 0.1 0.05078125 0.0 0.08984375 0.0 0.0234375 29
300 0.1 0.0390625 0.0 0.08984375 0.0 0.024348958333333334 30
310 0.1 0.26953125 0.0 0.26953125 0.0 0.024823588709677418 31
320 0.1 0.37890625 0.0 0.37890625 0.0 0.032470703125 32
330 0.1 0.7109375 0.0 0.7109375 0.0 0.04296875 33
340 0.1 0.6015625 0.0 0.7109375 0.0 0.06261488970588236 34
350 0.1 0.51171875 0.0 0.7109375 0.0 0.07801339285714286 35
360 0.1 0.4296875 0.0 0.7109375 0.0 0.0900607638888889 36
368 0.1 0.359375 0.0 0.7109375 0.0 0.09923986486486487 37
