10 0.1 316 0 316 316 0 0
20 0.1 721.0 0.0 721 316 316.0 1
30 0.1 612.0 0.0 721 316 518.5 2
40 0.1 207.0 0.0 721 207 549.6666666666666 3
50 0.1 1583.0 0.0 1583 207 464.0 4
60 0.1 2124.0 0.0 2124 207 687.8 5
70 0.1 493.0 0.0 2124 207 927.1666666666666 6
80 0.1 114.0 0.0 2124 114 865.1428571428571 7
90 0.1 9.0 0.0 2124 9 771.25 8
100 0.1 1232.0 0.0 2124 9 686.5555555555555 9
110 0.1 4006.0 0.0 4006 9 741.1 10
120 0.1 3639.0 0.0 4006 9 1037.909090909091 11
130 0.1 458.0 0.0 4006 9 1254.6666666666667 12
140 0.1 890.0 0.0 4006 9 1193.3846153846155 13
150 0.1 4871.0 0.0 4871 9 1171.7142857142858 14
160 0.1 7125.0 0.0 7125 9 1418.3333333333333 15
170 0.1 2482.0 0.0 7125 9 1775.0 16
180 0.1 174.0 0.0 7125 9 1816.5882352941176 17
190 0.1 1058.0 0.0 7125 9 1725.3333333333333 18
200 0.1 10451.0 0.0 10451 9 1690.2105263157894 19
210 0.1 16606.0 0.0 16606 9 2128.25 20
220 0.1 5789.0 0.0 16606 9 2817.6666666666665 21
230 0.1 794.0 0.0 16606 9 2952.7272727272725 22
240 0.1 132.0 0.0 16606 9 2858.8695652173915 23
250 0.1 9346.0 0.0 16606 9 2745.25 24
260 0.1 30804.0 0.0 30804 9 3009.28 25
270 0.1 27686.0 0.0 30804 9 4078.3076923076924 26
280 0.1 5706.0 0.0 30804 9 4952.666666666667 27
290 0.1 752.0 0.0 30804 9 4979.571428571428 28
300 0.1 51.0 0.0 30804 9 4833.793103448276 29
310 0.1 13788.0 0.0 30804 9 4674.366666666667 30
320 0.1 29021.0 0.0 30804 9 4968.354838709677 31
330 0.1 53092.0 0.0 53092 9 5720.0 32
340 0.1 38655.0 0.0 53092 9 7155.515151515152 33
350 0.1 2992.0 0.0 53092 9 8081.970588235294 34
360 0.1 113.0 0.0 53092 9 7936.542857142857 35
368 0.1 16.0 0.0 53092 9 7719.222222222223 36
