0 0.1 7606.042 0 7606.042 7606.042 0 0
10 0.9 9939.493444444444 2773.697131107309 13271.08 4847.935 7606.042 1
20 1.4 15110.915714285715 3329.3135384471507 21382.564 4847.935 9706.148299999999 10
30 0.4 21245.428 1877.855628828798 24326.766 4847.935 12858.929291666667 24
40 0.4 7938.09 1243.1700552864834 24326.766 4847.935 14057.000535714285 28
50 3.1 12600.829612903224 3740.2799556456075 24326.766 4747.501 13292.13671875 32
60 1.9 17410.225842105265 2696.170452706721 24326.766 4747.501 12951.969730158728 63
70 0.4 29375.95975 4358.059301413726 35065.836 4747.501 13984.980292682925 82
80 0.1 35436.803 0.0 35436.803 4747.501 14700.83980232558 86
90 0.1 41290.202 0.0 41290.202 4747.501 14939.18420689655 87
100 2.3 11425.480173913045 2653.8119187329567 41290.202 4747.501 15238.62759090909 88
110 6.9 15707.607565217388 4119.039967882887 41290.202 4747.501 14448.515963963962 111
120 2.5 22218.46528 4699.194516714376 41290.202 4747.501 14931.167744444443 180
130 0.3 35511.509 4836.890119193807 41719.407 4747.501 15819.862565853655 205
140 2.1 6799.121714285713 2237.1342347311033 41719.407 2114.349 16103.87669711538 208
150 9.5 12255.73167368422 3414.706431424767 41719.407 2114.349 15250.602222707419 229
160 8.8 17301.32229545455 4132.0375758679775 41719.407 2114.349 14372.47659876543 324
170 1.5 25666.02 3699.265645366965 41719.407 2114.349 14998.055291262135 412
180 0.5 39579.1636 6445.601812170858 48577.791 2114.349 15372.808149882901 427
190 3.7 7847.245189189192 1743.789461122278 48577.791 2114.349 15652.974300925924 432
200 18.9 12308.121037037034 3294.962452417118 48577.791 2114.349 15037.170511727076 469
210 17.4 17390.873431034484 4232.788235536309 48577.791 2114.349 14253.29459878419 658
220 5.6 25922.854142857137 4145.833312116606 48577.791 2114.349 14909.470941105767 832
230 0.5 33305.3084 2779.9408918189324 48577.791 2114.349 15604.008620495493 888
240 0.4 5092.04975 1075.933260121039 48577.791 2114.349 15703.120041433367 893
250 19.1 10452.132513088995 3057.2764431231385 48577.791 2114.349 15655.80200222965 897
260 46.6 15317.073386266095 3970.948031226983 48577.791 2114.349 14742.290170955877 1088
270 22.7 21390.74059471364 4179.618053375122 48577.791 2114.349 14914.651160875157 1554
280 3.9 29983.843025641025 3768.9074952839796 48577.791 2114.349 15740.070757439637 1781
290 0.5 43115.85100000001 4942.808370836357 48577.791 2114.349 16045.294448901095 1820
300 0.2 5273.78 1372.349 48577.791 2114.349 16119.46035726027 1825
310 8.6 11996.326895348837 2460.730224750052 48577.791 2114.349 16107.587691297203 1827
320 44.8 18884.31526339284 3775.8556662831634 48577.791 2114.349 15922.763630423415 1913
330 110 23583.39763363636 4171.790317888136 48577.791 2114.349 16484.718366370176 2361
340 21.8 30383.427756880734 4468.532833700569 48577.791 2114.349 18740.871846287195 3461
350 1.6 41174.43781250001 3090.727573195916 49302.534 2114.349 19430.754202500673 3679
360 0.3 50702.95200000001 2912.427457920624 54387.042 2114.349 19524.908177537207 3695
368 0 0 0 54387.042 2114.349 19550.20134451054 3698
