0 14.225 14.225
10 50.91171875 65.13671875
20 29.53203125 94.66875
30 7.92109375 102.58984375
40 80.71796875 183.3078125
50 99.62734375 282.93515625
60 31.43125 314.36640625
70 6.54609375 320.9125
80 0.78984375 321.70234375
90 56.61953125 378.321875
100 229.1859375 607.5078125
110 145.67109375 753.17890625
120 26.025 779.20390625
130 19.1765625 798.38046875
140 285.9109375 1084.29140625
150 378.19765625 1462.4890625
160 124.1125 1586.6015625
170 16.7953125 1603.396875
180 31.73359375 1635.13046875
190 554.63828125 2189.76875
200 829.825 3019.59375
210 254.62578125 3274.21953125
220 49.84921875 3324.06875
230 2.2296875 3326.2984375
240 389.65859375 3715.95703125
250 1575.99296875 5291.95
260 1195.4984375 6487.4484375
270 273.4578125 6760.90625
280 35.6203125 6796.5265625
290 5.91484375 6802.44140625
300 747 7549.44140625
310 2222.2546875 9771.69609375
320 2294.39921875 12066.0953125
330 1221.44609375 13287.54140625
340 163.3265625 13450.86796875
350 15.37265625 13466.240625
360 2.2625 13468.503125
368 0 13468.503125
