0 0.7 1846.9425714285717 1553.4149584146955 4709.507 201.587 0 0
10 1.6 4904.819875 2864.3710034180904 9738.318 201.587 1846.9425714285717 7
20 0.5 4593.8936 3197.0251555419827 10048.704 201.587 3974.1615652173914 23
30 0.1 1288.792 0.0 10048.704 201.587 4084.8280000000004 28
40 3.5 2684.6737714285714 1659.870403060657 10048.704 201.587 3988.412965517242 29
50 2.1 4523.964619047618 2161.7827308989454 10048.704 201.587 3275.4305937500003 64
60 0.2 2460.132 1136.989 10048.704 201.587 3583.8919411764705 85
70 0.1 10226.61 0.0 10226.61 201.587 3558.058379310345 87
80 0 0 0 10226.61 201.587 3633.837375 88
90 2.1 2102.1686666666665 1181.8238214379194 10226.61 201.587 3633.837375 88
100 8.6 4018.5878372093025 2193.4710420940132 11692.355 201.587 3338.7452385321103 109
110 1.3 7951.7288461538465 2771.0448308615078 13889.048 201.587 3638.5732564102564 195
120 0 0 0 13889.048 201.587 3908.1454807692307 208
130 0.4 745.5072499999999 297.2911691787825 13889.048 201.587 3908.1454807692307 208
140 11 2707.763254545453 1748.697411494216 13889.048 197.42 3848.473061320755 212
150 9.9 4079.285535353534 2717.013430328429 14304.025 197.42 3458.789586956521 322
160 1.1 10309.364999999998 3245.023030657677 15123.436 197.42 3604.7019358669827 421
170 0 0 0 15123.436 197.42 3775.4225231481473 432
180 0.5 772.8668 400.3679631855676 15123.436 197.42 3775.4225231481473 432
190 21 2960.406823809525 1913.0095862710657 15123.436 172.063 3741.068338672768 437
200 22.8 4545.325570175438 3005.889661990298 15422.228 145.817 3487.685157650695 647
210 1.8 7624.424388888889 3106.4460582804113 15422.228 145.817 3763.276030857143 875
220 0 0 0 15422.228 145.817 3841.1043292273234 893
230 0 0 0 15422.228 145.817 3841.1043292273234 893
240 14.4 2261.798666666666 1356.115613494538 15422.228 145.817 3841.1043292273234 893
250 55.3 3865.816207956602 2516.508231199586 15422.228 145.817 3621.7986248794596 1037
260 22.6 5971.359991150444 3317.992325726164 15615.977 145.817 3706.6676333333335 1590
270 0.9 12009.923444444443 2990.3505763636963 17328.297 145.817 3988.5071007709257 1816
280 0 0 0 17328.297 145.817 4028.0647704109597 1825
290 0 0 0 17328.297 145.817 4028.0647704109597 1825
300 26.2 2363.5959694656485 1356.5324832232225 17328.297 145.817 4028.0647704109597 1825
310 90.5 5146.39268066299 2477.161193128793 17328.297 145.817 3819.108936272162 2087
320 67.4 6669.982224035602 3030.288974424607 19062.817 83.714 4220.576780080216 2992
330 3.2 12554.6965625 4154.256065279303 19106.426 83.714 4670.903912984179 3666
340 0 0 0 19106.426 83.714 4739.124941860465 3698
350 0 0 0 19106.426 83.714 4739.124941860465 3698
360 0 0 0 19106.426 83.714 4739.124941860465 3698
368 0 0 0 19106.426 83.714 4739.124941860465 3698
