10 0.1 12.61 0 12.61 12.61 0 0
20 0 0 0 12.61 12.61 12.61 1
30 0.1 12.359 0.0 12.61 12.359 12.61 1
40 0.4 11.841249999999999 0.5580575127171032 12.687 11.261 12.4845 2
50 0.1 24.201 0.0 24.201 11.261 12.055666666666667 6
60 0 0 0 24.201 11.261 13.790714285714285 7
70 0 0 0 24.201 11.261 13.790714285714285 7
80 0 0 0 24.201 11.261 13.790714285714285 7
90 0.4 11.90075 0.6286745481566759 24.201 11.261 13.790714285714285 7
100 0.6 14.859499999999999 3.5767320629311885 24.201 11.261 13.103454545454547 11
110 0 0 0 24.201 11.261 13.723235294117648 17
120 0 0 0 24.201 11.261 13.723235294117648 17
130 0.2 11.849 0.5570000000000004 24.201 11.261 13.723235294117648 17
140 1.9 11.67694736842105 0.7814258542248073 24.201 10.028 13.525947368421052 19
150 0.5 11.5894 1.1644558557540945 24.201 10.028 12.601447368421052 38
160 0 0 0 24.201 10.028 12.483767441860463 43
170 0 0 0 24.201 10.028 12.483767441860463 43
180 1 12.0128 0.5877904048213108 24.201 10.028 12.483767441860463 43
190 3 11.797233333333333 1.695659767039236 24.201 9.398 12.394905660377358 53
200 1.1 14.313909090909094 6.6017815702146985 34.786 9.398 12.17887951807229 83
210 0 0 0 34.786 9.398 12.428723404255319 94
220 0 0 0 34.786 9.398 12.428723404255319 94
230 0 0 0 34.786 9.398 12.428723404255319 94
240 3.6 12.124916666666666 1.620863733648068 34.786 9.398 12.428723404255319 94
250 3.9 76.9482564102564 77.90739816083362 243.738 9.398 12.344592307692308 130
260 0 0 0 243.738 9.398 27.253130177514794 169
270 0 0 0 243.738 9.398 27.253130177514794 169
280 0 0 0 243.738 9.398 27.253130177514794 169
290 0 0 0 243.738 9.398 27.253130177514794 169
300 7 96.0897142857143 199.88690333715806 1054.714 9.398 27.253130177514794 169
310 9.9 1318.2561212121211 908.949656676412 3233.137 1.619 47.41447280334729 239
320 0 0 0 3233.137 1.619 419.6432396449704 338
330 0 0 0 3233.137 1.619 419.6432396449704 338
340 0 0 0 3233.137 1.619 419.6432396449704 338
350 0 0 0 3233.137 1.619 419.6432396449704 338
360 0 0 0 3233.137 1.619 419.6432396449704 338
368 0 0 0 3233.137 1.619 419.6432396449704 338
