10 0.2 15.797 0.10199999999999987 15.899 15.695 0 0
20 0.4 16.280250000000002 0.6701728788156083 17.222 15.479 15.797 2
30 0 0 0 17.222 15.479 16.11916666666667 6
40 0 0 0 17.222 15.479 16.11916666666667 6
50 1 16.655199999999997 1.161860473550933 19.215 14.974 16.11916666666667 6
60 0.5 20.238399999999995 5.243148504477056 29.933 14.974 16.454187499999996 16
70 0.2 16.7885 0.5105000000000004 29.933 14.974 17.355190476190472 21
80 0 0 0 29.933 14.974 17.30591304347826 23
90 0.1 16.253 0.0 29.933 14.974 17.30591304347826 23
100 1.2 17.733999999999998 2.436169055436561 29.933 14.974 17.262041666666665 24
110 1.7 19.344882352941184 8.207143494487005 48.972 14.974 17.41936111111111 36
120 0.3 21.498333333333335 6.636673078851749 48.972 14.974 18.03698113207547 53
130 0 0 0 48.972 14.974 18.222410714285715 56
140 1.1 21.486545454545453 7.135824031712823 48.972 14.974 18.222410714285715 56
150 3.6 19.432666666666673 4.508136878036326 48.972 14.974 18.75831343283582 67
160 1.4 20.290999999999997 7.500995457747115 48.972 14.974 18.994009708737867 103
170 0.1 50.085 0.0 50.085 14.974 19.149205128205132 117
180 0 0 0 50.085 14.974 19.411372881355934 118
190 1.5 22.046066666666665 5.955550088969298 50.085 14.974 19.411372881355934 118
200 7.4 23.753324324324325 15.371405437957092 147.382 14.974 19.708518796992482 133
210 3.7 21.418810810810818 4.564669378145038 147.382 14.974 21.154487922705314 207
220 0.7 23.125142857142855 5.73308342439044 147.382 14.974 21.19456967213115 244
230 0 0 0 147.382 14.974 21.24841035856574 251
240 0.2 22.939500000000002 1.1564999999999985 147.382 14.974 21.24841035856574 251
250 9.5 94.64315789473686 135.12758698701376 981.382 14.974 21.261778656126484 253
260 15.3 34.45376470588235 24.90320919466009 981.382 14.974 41.29405172413794 348
270 4.3 26.489906976744187 6.069830616440372 981.382 14.974 39.205101796407185 501
280 0.4 34.191500000000005 6.786151689286057 981.382 14.974 38.20004044117647 544
290 0 0 0 981.382 14.974 38.17078102189781 548
300 0.2 243.85999999999999 212.396 981.382 14.974 38.17078102189781 548
310 5.7 713.3708947368422 650.8498149188093 3297.305 0.747 38.91874181818182 550
320 26.1 605.8774521072792 410.4373399457486 3297.305 0.738 102.25279901153213 607
330 24 204.49900000000028 225.05030161595735 3297.305 0.738 253.688322580645 868
340 1 21.9421 12.494612234479309 3297.305 0.738 243.03359566786997 1108
350 0 0 0 3297.305 0.738 241.05603309481208 1118
360 0 0 0 3297.305 0.738 241.05603309481208 1118
368 0 0 0 3297.305 0.738 241.05603309481208 1118
