0 0.1 7.556 0 7.556 7.556 0 0
10 0.4 8.5735 2.0590775240383734 12.133 7.194 7.556 1
20 0.3 8.054 0.5090520602060257 12.133 7.194 8.37 5
30 0.1 7.915 0.0 12.133 7.194 8.2515 8
40 0.2 7.462 0.2469999999999999 12.133 7.194 8.214111111111112 9
50 0.7 7.177142857142857 0.3255866918004342 12.133 6.758 8.077363636363636 11
60 0.3 7.239333333333334 0.11939104749612595 12.133 6.758 7.727277777777778 18
70 0.1 7.911 0.0 12.133 6.758 7.657571428571428 21
80 0 0 0 12.133 6.758 7.669090909090909 22
90 0 0 0 12.133 6.758 7.669090909090909 22
100 1.2 7.289000000000001 0.32079250822507266 12.133 6.754 7.669090909090909 22
110 1.2 7.293166666666668 0.35970099465466493 12.133 6.754 7.534941176470588 34
120 0.3 7.742 0.10155130066457367 12.133 6.754 7.471869565217392 46
130 0 0 0 12.133 6.754 7.488408163265307 49
140 1.1 9.155727272727274 4.015430217885843 18.701 6.135 7.488408163265307 49
150 2.4 7.328749999999999 0.9317348178711223 18.701 5.948 7.794083333333334 60
160 1.3 7.305307692307693 0.6001551574532633 18.701 5.948 7.661130952380954 84
170 0.1 7.518 0.0 18.701 5.948 7.613443298969074 97
180 0 0 0 18.701 5.948 7.6124693877551035 98
190 1.6 7.138375000000001 0.8528968193017253 18.701 5.948 7.6124693877551035 98
200 4.3 8.752046511627904 4.007417958675023 23.434 5.948 7.545929824561405 114
210 2.7 7.167037037037037 0.49596471510406653 23.434 5.948 7.876267515923567 157
220 0 0 0 23.434 5.948 7.772195652173913 184
230 0 0 0 23.434 5.948 7.772195652173913 184
240 0.4 39.183 54.985312116055134 134.42 5.948 7.772195652173913 184
250 5.2 76.38482692307693 144.8712040431512 849.925 5.948 8.440510638297873 188
260 9.6 14.389104166666664 22.948130782393058 849.925 5.948 23.16177916666667 240
270 2.6 7.618692307692307 2.6619101696862897 849.925 5.948 20.655300595238096 336
280 0.2 7.1905 0.028500000000000192 849.925 5.948 19.71896961325967 362
290 0 0 0 849.925 5.948 19.650131868131872 364
300 0.6 293.1376666666667 244.0031604335394 849.925 5.948 19.650131868131872 364
310 5.7 458.92429824561367 607.7675295235766 3253.09 0.764 24.08506486486487 370
320 20.8 541.5952644230777 416.4726126882963 3253.09 0.764 82.13151990632315 427
330 11.7 243.01433333333298 272.15237908217046 3253.09 0.764 232.63302992126006 635
340 1 6.6684 1.6153234474866016 3253.09 0.764 234.2482061170214 752
350 0 0 0 3253.09 0.764 231.26159448818913 762
360 0 0 0 3253.09 0.764 231.26159448818913 762
368 0 0 0 3253.09 0.764 231.26159448818913 762
