10 0.3 124.21600000000001 0.1821281600046096 124.38 123.962 0 0
20 0.2 124.3395 0.6015000000000015 124.941 123.738 124.21600000000001 3
30 0 0 0 124.941 123.738 124.2654 5
40 0.1 124.199 0.0 124.941 123.738 124.2654 5
50 0.4 124.49699999999999 0.24134829603707472 124.941 123.738 124.25433333333332 6
60 0.2 124.569 0.18500000000000227 124.941 123.738 124.35139999999998 10
70 0 0 0 124.941 123.738 124.38766666666665 12
80 0 0 0 124.941 123.738 124.38766666666665 12
90 0 0 0 124.941 123.738 124.38766666666665 12
100 0.2 124.7815 0.32750000000000057 125.109 123.738 124.38766666666665 12
110 0.2 124.088 0.5230000000000068 125.109 123.565 124.44392857142854 14
120 0.1 124.628 0.0 125.109 123.565 124.39943749999998 16
130 0 0 0 125.109 123.565 124.41288235294117 17
140 1 125.11869999999999 1.4082713552437243 129.29 123.565 124.41288235294117 17
150 1.3 124.88838461538464 1.4649227093531858 129.623 123.565 124.67429629629629 27
160 0.9 124.80422222222222 0.8936981565728609 129.623 123.565 124.743875 40
170 0 0 0 129.623 123.565 124.75495918367348 49
180 0 0 0 129.623 123.565 124.75495918367348 49
190 0.9 127.00844444444445 2.420348418954552 130.167 123.565 124.75495918367348 49
200 3.1 131.43554838709682 23.89515858486915 261.578 123.565 125.10463793103449 58
210 1.6 125.1186875 1.145245591497191 261.578 123.565 127.30978651685395 89
220 0.2 125.451 1.1709999999999958 261.578 123.565 126.97590476190477 105
230 0 0 0 261.578 123.565 126.9474018691589 107
240 0.1 131.163 0.0 261.578 123.565 126.9474018691589 107
250 3 175.24593333333328 89.35064808193738 553.432 123.565 126.9864351851852 108
260 5.9 141.08042372881354 49.69678135306502 553.432 123.565 137.4776304347826 138
270 1 124.66689999999998 0.5275650575995321 553.432 123.565 138.5566395939086 197
280 0 0 0 553.432 123.565 137.8856376811594 207
290 0 0 0 553.432 123.565 137.8856376811594 207
300 0 0 0 553.432 123.565 137.8856376811594 207
310 3.4 685.0540294117644 546.4638276395787 1829.4 0.751 137.8856376811594 207
320 8.3 624.4791807228917 437.10060437806095 1829.4 0.737 215.07951867219913 241
330 6.2 352.78303225806474 252.6727759436373 1829.4 0.737 319.9565925925926 324
340 0.2 125.27699999999999 1.0429999999999957 1829.4 0.737 325.2292331606218 386
350 0 0 0 1829.4 0.737 324.1985515463918 388
360 0 0 0 1829.4 0.737 324.1985515463918 388
368 0 0 0 1829.4 0.737 324.1985515463918 388
