10 0.2 8.7685 0.4965000000000006 9.265 8.272 0 0
20 0.4 10.049 2.114845739055216 13.707 8.272 8.7685 2
30 0 0 0 13.707 8.272 9.622166666666667 6
40 0 0 0 13.707 8.272 9.622166666666667 6
50 1 31.723599999999994 68.77429630348827 238.041 7.762 9.622166666666667 6
60 0.5 9.568000000000001 0.6771738329262286 238.041 7.762 23.435562499999996 16
70 0.2 9.4725 0.6524999999999999 238.041 7.762 20.133761904761904 21
80 0 0 0 238.041 7.762 19.206695652173913 23
90 0.1 7.97 0.0 238.041 7.762 19.206695652173913 23
100 1.2 8.96433333333333 0.6806350384424497 238.041 7.762 18.738500000000002 24
110 1.7 9.037882352941175 0.7335300533041208 238.041 7.434 15.480444444444446 36
120 0.3 9.267999999999999 0.8274084037926288 238.041 7.434 13.413962264150944 53
130 0 0 0 238.041 7.434 13.191857142857144 56
140 1.1 9.146818181818183 0.6604565663486572 238.041 7.434 13.191857142857144 56
150 3.6 9.092166666666664 0.9527572705923926 238.041 7.434 12.527746268656717 67
160 1.4 9.543571428571427 1.9783965626697992 238.041 7.434 11.326961165048543 103
170 0.1 10.608 0.0 238.041 7.434 11.113564102564101 117
180 0 0 0 238.041 7.434 11.109279661016947 118
190 1.5 13.587066666666667 12.86240848605821 238.041 7.434 11.109279661016947 118
200 7.4 12.3812972972973 14.935287641643912 238.041 7.434 11.388729323308269 133
210 3.7 10.221972972972978 3.295386311984604 238.041 7.434 11.74356038647343 207
220 0.7 11.219 4.186182952796702 238.041 7.434 11.51282786885246 244
230 0 0 0 238.041 7.434 11.504633466135457 251
240 0.2 12.068000000000001 1.5079999999999996 238.041 7.434 11.504633466135457 251
250 9.4 70.78538297872342 88.32556376970547 515.924 7.434 11.509086956521738 253
260 15.4 17.094805194805204 28.33656411159198 515.924 7.434 27.56664265129683 347
270 4.3 9.128418604651165 1.0221165962834444 515.924 7.434 24.34775449101797 501
280 0.4 9.619250000000001 0.4537303026027685 515.924 7.434 23.14475551470589 544
290 0 0 0 515.924 7.434 23.046029197080298 548
300 0.1 10.132 0.0 515.924 7.434 23.046029197080298 548
310 4.7 787.743638297872 854.9176727656027 3153.897 0.716 23.022506375227692 549
320 24.5 692.3551020408164 564.20401940849 3153.897 0.706 83.32769630872481 596
330 26.7 324.99150187265894 375.8923484585355 3153.897 0.706 260.7494732461356 841
340 1 7.6021 2.291059599835849 3153.897 0.706 276.230178700361 1108
350 0 0 0 3153.897 0.706 273.8274230769231 1118
360 0 0 0 3153.897 0.706 273.8274230769231 1118
368 0 0 0 3153.897 0.706 273.8274230769231 1118
