10 0.3 10.552999999999999 0.3121666221747611 10.885 10.135 0 0
20 0.2 15.016 4.17 19.186 10.135 10.552999999999999 3
30 0.2 10.5425 0.2535000000000003 19.186 10.135 12.3382 5
40 0.2 11.253 0.9160000000000004 19.186 10.135 11.82514285714286 7
50 1.1 10.90363636363636 1.8191762507808191 19.186 9.65 11.698 9
60 0.3 9.742333333333333 0.49950397618259423 19.186 9.05 11.261099999999999 20
70 0.1 11.286 0.0 19.186 9.05 11.062999999999999 23
80 0 0 0 19.186 9.05 11.072291666666665 24
90 0 0 0 19.186 9.05 11.072291666666665 24
100 1 10.1054 0.6495835896941978 19.186 8.884 11.072291666666665 24
110 2.9 11.083379310344828 3.1485701671557162 23.735 8.884 10.787911764705882 34
120 0.5 10.762 0.7266330573267356 23.735 8.884 10.923920634920634 63
130 0.1 11.013 0.0 23.735 8.884 10.912014705882354 68
140 0.8 10.35425 0.8857092849801235 23.735 8.884 10.913478260869567 69
150 2.8 14.725821428571427 22.67246436768237 131.882 7.879 10.855376623376626 77
160 1.7 10.998823529411764 2.500300740388553 131.882 7.879 11.88749523809524 105
170 0.2 10.975999999999999 0.20799999999999974 131.882 7.879 11.763663934426232 122
180 0 0 0 131.882 7.879 11.750959677419358 124
190 1.6 20.496812499999997 31.02143399574468 136.444 7.879 11.750959677419358 124
200 7.6 11.45857894736842 4.90413211985877 136.444 7.879 12.750485714285716 140
210 3.7 10.435513513513515 1.4409028254952125 136.444 7.879 12.295925925925927 216
220 0.4 10.425 0.28157148293106626 136.444 7.879 12.023849802371542 253
230 0 0 0 136.444 7.879 11.998964980544747 257
240 0.4 42.566 56.56477564262056 140.538 7.879 11.998964980544747 257
250 8.2 82.00060975609753 147.08313861967173 801.566 7.879 12.467425287356322 261
260 14.6 18.325650684931514 24.2497499528395 801.566 7.879 29.09051895043731 343
270 4.6 10.291543478260872 2.1546176772379266 801.566 7.879 25.87646830265848 489
280 0.2 10.379 0.43599999999999994 801.566 7.879 24.53645607476635 535
290 0 0 0 801.566 7.879 24.48372811918063 537
300 0 0 0 801.566 7.879 24.48372811918063 537
310 3 237.80876666666657 579.2535381189417 2134.652 0.726 24.48372811918063 537
320 16.7 663.6462634730541 694.4826777322512 3583.45 0.712 35.770767195767185 567
330 33.1 302.32933232628403 410.0572590645887 3583.45 0.712 178.6252738419619 734
340 2.7 8.613555555555555 3.424466136639061 3583.45 0.712 217.07226291079817 1065
350 0 0 0 3583.45 0.712 211.91806410256413 1092
360 0 0 0 3583.45 0.712 211.91806410256413 1092
368 0 0 0 3583.45 0.712 211.91806410256413 1092
