10 0.3 23.709000000000003 0.28364179287733354 24.091 23.412 0 0
20 0.5 22.6904 0.6322463443943346 24.091 22.041 23.709000000000003 3
30 0.1 23.918 0.0 24.091 22.041 23.072375 8
40 0.1 22.872 0.0 24.091 22.041 23.166333333333334 9
50 0.6 22.853666666666665 0.4785731106343343 24.091 22.041 23.136900000000004 10
60 0.5 22.6422 0.3374465290975743 24.091 22.041 23.0306875 16
70 0.1 22.647 0.0 24.091 22.041 22.938190476190478 21
80 0 0 0 24.091 22.041 22.924954545454547 22
90 0 0 0 24.091 22.041 22.924954545454547 22
100 0.6 22.64616666666667 1.141188768589823 25.164 21.951 22.924954545454547 22
110 1.4 24.34735714285714 6.731842855384537 48.396 20.023 22.86521428571429 28
120 0.6 23.691333333333333 0.6105144460935292 48.396 20.023 23.359261904761905 42
130 0.1 24.466 0.0 48.396 20.023 23.40077083333333 48
140 0.5 30.2874 16.69202237717168 63.612 20.023 23.42251020408163 49
150 2.2 26.49281818181818 11.11547267075111 76.487 20.023 24.058148148148145 54
160 2 22.68045 1.2571813900547528 76.487 20.023 24.76292105263158 76
170 0.2 27.6085 5.107500000000001 76.487 20.023 24.329072916666664 96
180 0 0 0 76.487 20.023 24.396 98
190 0.9 48.25555555555556 41.653956040242676 152.812 20.023 24.396 98
200 3 25.8636 7.12343229349448 152.812 20.023 26.4028785046729 107
210 3.7 28.494405405405395 13.937564201203648 152.812 19.88 26.284788321167884 137
220 0.9 22.49511111111111 0.687473222823089 152.812 19.88 26.75464942528735 174
230 0.1 28.39 0.0 152.812 19.88 26.545163934426228 183
240 0.1 23.985 0.0 152.812 19.88 26.555190217391303 184
250 2.8 208.29553571428573 254.30083678243912 1178.924 19.88 26.541297297297294 185
260 9.8 47.005714285714284 81.39281918835698 1178.924 19.88 50.43387323943662 213
270 4.6 25.208869565217395 8.557185825016091 1178.924 19.88 49.35361736334405 311
280 0.7 27.567714285714285 6.789808512222789 1178.924 19.88 46.2425294117647 357
290 0 0 0 1178.924 19.88 45.883398351648346 364
300 0.1 162.44 0.0 1178.924 19.88 45.883398351648346 364
310 2.3 2569.246304347826 2005.4829912727937 5784.359 0.877 46.202731506849304 365
320 12.4 1791.8412903225803 1200.2087258179022 5784.359 0.728 195.76459278350515 388
330 20.4 907.0614999999997 955.2558508188997 5784.359 0.728 582.3144179687499 512
340 4.2 18.865285714285715 6.394148319197106 5784.359 0.728 674.8401229050278 716
350 0.4 23.455 0.8016844765866447 5784.359 0.728 638.4932321899735 758
360 0 0 0 5784.359 0.728 635.26468503937 762
368 0 0 0 5784.359 0.728 635.26468503937 762
