10 0.4 62.888999999999996 2.2996042050753016 64.566 58.986 0 0
20 0.7 66.37642857142858 7.415003917870902 79.798 58.127 62.888999999999996 4
30 0.3 67.70333333333333 8.43244971655463 79.798 58.127 65.10827272727273 11
40 0.3 64.649 0.7760081614691092 79.798 58.127 65.66435714285714 14
50 2.4 62.97591666666668 6.286909693407057 80.284 56.787 65.48517647058824 17
60 0.6 65.41083333333334 6.69775338992279 80.284 56.787 64.01634146341463 41
70 0.1 56.744 0.0 80.284 56.744 64.19436170212767 47
80 0 0 0 80.284 56.744 64.03914583333334 48
90 0 0 0 80.284 56.744 64.03914583333334 48
100 2.2 67.33695454545456 8.116359962654963 85.658 56.744 64.03914583333334 48
110 5.5 65.49945454545457 12.874924096959926 140.771 55.372 65.07560000000001 70
120 1.2 62.83066666666667 5.8966501978288965 140.771 55.372 65.26209600000001 125
130 0.2 61.8995 2.2524999999999995 140.771 55.372 65.04912408759125 137
140 1.6 74.9844375 29.76749067978512 187.073 55.372 65.0038057553957 139
150 5.8 71.65684482758618 23.01306852923125 187.073 55.372 66.03406451612905 155
160 3.2 69.99109374999999 14.99808351165111 187.073 55.372 67.56515023474178 213
170 0.3 63.457666666666675 3.2095455891588296 187.073 55.372 67.8820081632653 245
180 0 0 0 187.073 55.372 67.82848790322579 248
190 3.8 73.38686842105265 23.827540633489253 209.439 55.372 67.82848790322579 248
200 14.7 77.45728571428572 30.091093709366074 252.322 55.372 68.56701398601398 286
210 6.9 67.27162318840577 14.683447345394391 252.322 55.251 71.58518937644341 433
220 1 59.7479 3.8640109847152364 252.322 55.251 70.9922888446215 502
230 0.2 71.6195 0.6574999999999989 252.322 55.251 70.77267187499999 512
240 0.8 102.138125 51.30982792418402 252.322 55.251 70.77596692607003 514
250 16.4 356.2733841463415 476.9602284828958 2589.647 55.251 71.25661302681992 522
260 29.4 106.63240476190465 94.34992391794788 2589.647 55.251 139.3947332361516 686
270 8.9 65.17684269662922 14.34522332032817 2589.647 55.251 129.56603469387753 980
280 0.5 63.14880000000001 5.134410283567142 2589.647 55.251 124.20528811973806 1069
290 0 0 0 2589.647 55.251 123.92104003724394 1074
300 0.2 1171.259 758.116 2589.647 55.251 123.92104003724394 1074
310 6.6 1641.5857272727276 2251.900140900983 7443.025 0.863 125.86776486988848 1076
320 32.2 2873.2805403726707 1599.6378155172815 7443.025 0.773 213.46617600700526 1142
330 63.7 1297.8337346938795 1245.6493528630933 7443.025 0.773 798.4799911202185 1464
340 8.2 60.192426829268285 13.43059119980775 7443.025 0.773 949.8785321275587 2101
350 0.1 57.732 0.0 7443.025 0.773 916.4592647732484 2183
360 0 0 0 7443.025 0.773 916.0660746337002 2184
368 0 0 0 7443.025 0.773 916.0660746337002 2184
