10 0.2 11.8095 0.005499999999999616 11.815 11.804 0 0
20 0.3 11.299333333333331 0.0646855642490823 11.815 11.209 11.8095 2
30 0.1 12.119 0.0 12.119 11.209 11.5034 5
40 0 0 0 12.119 11.209 11.606 6
50 0.7 11.118428571428572 0.5137108294814606 12.119 10.219 11.606 6
60 0.7 10.958142857142859 0.7406017685584042 12.126 9.452 11.343461538461538 13
70 0.2 11.794 0.06400000000000006 12.126 9.452 11.2086 20
80 0.1 11.828 0.0 12.126 9.452 11.261818181818184 22
90 0 0 0 12.126 9.452 11.286434782608696 23
100 0.4 14.095000000000002 4.872628500101357 22.513 9.452 11.286434782608696 23
110 2.1 11.672333333333329 2.0414629752618785 22.513 9.452 11.702518518518518 27
120 0.8 11.57525 0.13483856087929721 22.513 9.452 11.6893125 48
130 0 0 0 22.513 9.452 11.673017857142856 56
140 0.4 11.26125 0.44373661951657756 22.513 9.452 11.673017857142856 56
150 2.2 11.145636363636363 0.9639560790378624 22.513 9.452 11.645566666666666 60
160 2.8 11.206857142857142 0.7975645837837351 22.513 9.452 11.511439024390242 82
170 0.5 12.735 2.605496267508361 22.513 9.452 11.433909090909088 110
180 0.3 13.924 2.619174424635875 22.513 9.452 11.490478260869564 115
190 0.8 42.81925 53.18712662794917 135.387 9.452 11.552347457627116 118
200 5 14.722880000000002 17.810711227393476 136.718 9.452 13.537547619047617 126
210 5.2 13.419980769230765 16.412624078258954 136.718 9.452 13.874289772727273 176
220 2.1 12.031095238095238 3.082319224294186 136.718 9.263 13.770675438596491 228
230 0.2 12.2735 0.20650000000000013 136.718 9.263 13.623963855421685 249
240 0.1 12.398 0.0 136.718 9.263 13.613203187250996 251
250 5.4 109.57718518518516 186.53272253643485 1223.73 9.263 13.608380952380951 252
260 12.9 21.744945736434108 52.40311273083669 1223.73 9.073 30.5440522875817 306
270 9.2 11.938739130434785 3.444427133758697 1223.73 9.073 27.934662068965515 435
280 2 12.245 3.6551617611263123 1223.73 9.073 25.142204933586335 527
290 0.1 10.848 0.0 1223.73 9.073 24.67064351005484 547
300 0 0 0 1223.73 9.073 24.645419708029195 548
310 1.4 923.5782857142857 1025.617317085139 3259.102 0.765 24.645419708029195 548
320 12.1 1876.4054958677682 1546.408406598437 6424.751 0.73 47.03876512455516 562
330 34.8 684.3893994252875 980.083900077017 6424.751 0.73 371.128625183016 683
340 8 31.636312499999995 39.46599749043274 6424.751 0.73 476.8655305528613 1031
350 0.6 35.0935 32.622114026888774 6424.751 0.73 444.8058208820882 1111
360 0.1 12.029 0.0 6424.751 0.73 442.6050384959713 1117
368 0 0 0 6424.751 0.73 442.21990787119853 1118
