0 0.2 13.9485 0.6365000000000003 14.585 13.312 0 0
10 1.8 13.739333333333333 0.4462377293675545 14.585 12.719 13.9485 2
20 0.7 13.304285714285713 0.9644413207782476 14.957 11.92 13.76025 20
30 0.1 14.012 0.0 14.957 11.92 13.642037037037037 27
40 2.1 14.532000000000002 3.6793668968865774 27.329 11.92 13.655249999999999 28
50 3.5 14.17171428571429 2.2376698284654264 27.329 11.043 14.031 49
60 0.3 18.55966666666667 5.95481633264667 27.329 11.043 14.089630952380952 84
70 0.1 13.024 0.0 27.329 11.043 14.24377011494253 87
80 0 0 0 27.329 11.043 14.229909090909091 88
90 0.9 13.757222222222223 0.3432410159956535 27.329 11.043 14.229909090909091 88
100 8.1 15.60512345679012 13.595872718307298 134.298 11.043 14.186051546391752 97
110 2.8 14.546749999999998 3.133473080248634 134.298 11.043 14.831808988764044 178
120 0.2 14.307500000000001 0.0924999999999998 134.298 11.043 14.793063106796115 206
130 0.3 13.141 0.6810858976663668 134.298 11.043 14.788394230769228 208
140 8.2 13.668487804878051 1.879917663245651 134.298 10.688 14.76497156398104 211
150 11.8 15.097694915254234 12.009469859810755 139.398 10.688 14.458105802047783 293
160 2.1 13.862000000000002 1.015002556881602 139.398 10.688 14.641734793187346 411
170 0 0 0 139.398 10.688 14.603831018518518 432
180 0 0 0 139.398 10.688 14.603831018518518 432
190 16.5 18.035290909090907 19.641585010108308 142.338 10.688 14.603831018518518 432
200 26.2 17.184763358778632 16.126652667225912 142.338 10.688 15.55222445561139 597
210 3.4 17.977294117647062 24.1351868228178 155.771 10.688 16.050158323632132 859
220 0 0 0 155.771 10.688 16.12353191489362 893
230 0 0 0 155.771 10.688 16.12353191489362 893
240 8 18.261550000000007 20.1546997601676 155.771 10.688 16.12353191489362 893
250 49.9 113.25858316633271 191.30525917260294 1576.678 10.688 16.29931963001028 973
260 32.8 32.601231707317126 78.00699839086504 1576.678 10.688 49.16798301630436 1472
270 2.4 15.884625000000002 6.400533785113161 1576.678 10.688 46.1491527777778 1800
280 0.1 26.792 0.0 1576.678 10.688 45.75093530701756 1824
290 0 0 0 1576.678 10.688 45.74054684931509 1825
300 10.9 308.30523853211014 412.88458593208594 2442.307 10.688 45.74054684931509 1825
310 68.9 1413.828387518141 1119.6335508378972 5189.969 0.693 60.538660289555345 1934
320 94.2 1231.9533864118878 849.305174921749 5189.969 0.693 416.01583225314494 2623
330 13.3 757.833842105263 558.1072810187553 5189.969 0.693 631.6156011220189 3565
340 0 0 0 5189.969 0.693 636.1550889670085 3698
350 0 0 0 5189.969 0.693 636.1550889670085 3698
360 0 0 0 5189.969 0.693 636.1550889670085 3698
368 0 0 0 5189.969 0.693 636.1550889670085 3698
