0 1.3 13
10 2.9 42
20 1.4 56
30 0.4 60
40 0 60
50 0 60
60 0 60
70 0.2 62
80 0.5 67
90 0 67
100 0 67
110 0.9 76
120 7.5 151
130 5.4 205
140 0.5 210
150 0 210
160 0 210
170 0.2 212
180 0.5 217
190 0.9 226
200 0.2 228
210 6.8 296
220 16.3 459
230 5.9 518
240 1.8 536
250 0.5 541
260 0 541
270 0.1 542
280 0.7 549
290 0.9 558
300 0.3 561
310 12.2 683
320 31.3 996
330 9.7 1093
340 2.6 1119
350 0.4 1123
360 0 1123
370 0.3 1126
380 2.9 1155
390 3.7 1192
400 0.5 1197
410 0.1 1198
420 0 1198
430 27.7 1475
440 62.2 2097
450 19.9 2296
460 7 2366
470 2.1 2387
480 0.2 2389
490 0.5 2394
500 6.3 2457
510 7.3 2530
520 1 2540
530 0 2540
540 7.5 2615
550 102.3 3638
560 78.8 4426
570 11.4 4540
580 4.3 4583
590 5.6 4639
600 7.3 4712
610 6.6 4778
620 15.1 4929
630 5.9 4988
640 0.5 4993
650 0 4993
660 0 4993
670 109.7 6090
680 245.8 8548
690 75.8 9306
700 6.8 9374
710 0.3 9377
720 0 9377
730 1.1 9388
740 23.4 9622
750 25 9872
760 6.2 9934
770 0.2 9936
780 0.1 9937
782 0 9937
