10 1.4 14
20 0.9 23
30 0.1 24
40 0 24
50 0 24
60 0 24
70 0 24
80 0 24
90 0 24
100 0 24
110 0 24
120 2 44
130 3.6 80
140 0.9 89
150 0.1 90
160 0 90
170 0 90
180 0 90
190 0 90
200 0 90
210 1.2 102
220 6.3 165
230 4.9 214
240 0.4 218
250 0.1 219
260 0 219
270 0 219
280 0 219
290 0 219
300 0 219
310 1 229
320 9.7 326
330 8.2 408
340 2 428
350 0.1 429
360 0 429
370 0 429
380 0 429
390 0 429
400 0 429
410 0 429
420 0 429
430 2.3 452
440 14.1 593
450 16.8 761
460 4.1 802
470 0.2 804
480 0 804
490 0 804
500 0 804
510 0 804
520 0 804
530 0 804
540 0 804
550 20.4 1008
560 39.6 1404
570 20.7 1611
580 2.7 1638
590 0 1638
600 0 1638
610 0 1638
620 0 1638
630 0 1638
640 0 1638
650 0 1638
660 0 1638
670 8.5 1723
680 69.2 2415
690 72.7 3142
700 20.2 3344
710 1.7 3361
720 0.2 3363
730 0 3363
740 0 3363
750 0 3363
760 0 3363
770 0 3363
780 0 3363
782 0 3363
