0 14 14
10 18 4
20 11 -7
30 7 -4
40 7 0
50 7 0
60 7 0
70 5 -2
80 2 -3
90 1 -1
100 1 0
110 23 22
120 56 33
130 30 -26
140 20 -10
150 18 -2
160 18 0
170 17 -1
180 14 -3
190 7 -7
200 1 -6
210 67 66
220 84 17
230 44 -40
240 26 -18
250 20 -6
260 20 0
270 20 0
280 18 -2
290 6 -12
300 1 -5
310 131 130
320 184 53
330 112 -72
340 79 -33
350 75 -4
360 75 0
370 73 -2
380 56 -17
390 17 -39
400 3 -14
410 1 -2
420 0 -1
430 250 250
440 384 134
450 238 -146
460 173 -65
470 152 -21
480 151 -1
490 149 -2
500 114 -35
510 33 -81
520 5 -28
530 2 -3
540 194 192
550 715 521
560 560 -155
570 390 -170
580 341 -49
590 316 -25
600 278 -38
610 244 -34
620 126 -118
630 32 -94
640 3 -29
650 2 -1
660 0 -2
670 1088 1088
680 1546 458
690 974 -572
700 779 -195
710 745 -34
720 741 -4
730 738 -3
740 623 -115
750 278 -345
760 65 -213
770 7 -58
780 0 -7
782 0 0
