0 1.4 2.242285714285714 3.248161995181086 13.757 0.983 0 0
10 1.3 1.1426923076923077 0.10880567336408993 13.757 0.983 2.242285714285714 14
20 0.4 1.1252499999999999 0.10128764732187243 13.757 0.983 1.7128518518518518 27
30 0.1 1.361 0.0 13.757 0.983 1.637032258064516 31
40 0 0 0 13.757 0.983 1.6284062499999998 32
50 0 0 0 13.757 0.983 1.6284062499999998 32
60 0 0 0 13.757 0.983 1.6284062499999998 32
70 0 0 0 13.757 0.983 1.6284062499999998 32
80 0 0 0 13.757 0.983 1.6284062499999998 32
90 0 0 0 13.757 0.983 1.6284062499999998 32
100 0 0 0 13.757 0.983 1.6284062499999998 32
110 2.3 2.1686086956521744 5.2800934505821875 26.926 0.826 1.6284062499999998 32
120 3.9 1.0169487179487176 0.14982946694500054 26.926 0.642 1.8543090909090911 55
130 1.5 1.0424666666666667 0.11075610843450377 26.926 0.642 1.5068936170212766 94
140 0.4 1.1267500000000001 0.14643834026647543 26.926 0.642 1.4429816513761469 109
150 0.1 1.218 0.0 26.926 0.642 1.4317876106194691 113
160 0 0 0 26.926 0.642 1.4299122807017544 114
170 0 0 0 26.926 0.642 1.4299122807017544 114
180 0 0 0 26.926 0.642 1.4299122807017544 114
190 0 0 0 26.926 0.642 1.4299122807017544 114
200 0 0 0 26.926 0.642 1.4299122807017544 114
210 6.8 1.7807205882352954 4.29873324995655 35.793 0.642 1.4299122807017544 114
220 6.9 1.082449275362319 0.5323254299477342 35.793 0.642 1.5609835164835166 182
230 2.1 1.4075238095238096 1.0327604534426227 35.793 0.642 1.4294342629482075 251
240 0.4 1.05275 0.09396907736058703 35.793 0.642 1.4277426470588237 272
250 0.1 1.286 0.0 35.793 0.642 1.422307971014493 276
260 0 0 0 35.793 0.642 1.4218158844765345 277
270 0 0 0 35.793 0.642 1.4218158844765345 277
280 0 0 0 35.793 0.642 1.4218158844765345 277
290 0 0 0 35.793 0.642 1.4218158844765345 277
300 0 0 0 35.793 0.642 1.4218158844765345 277
310 13.3 1.2039323308270675 1.8875032527801032 35.793 0.642 1.4218158844765345 277
320 11.6 1.0884999999999996 0.7790188402396155 35.793 0.621 1.351136585365854 410
330 3.7 0.9552972972972972 0.11885327426497852 35.793 0.621 1.293216730038023 526
340 1.3 1.0334615384615382 0.12158290326712841 35.793 0.621 1.2710088809946716 563
350 0.1 1.245 0.0 35.793 0.621 1.2656475694444445 576
360 0 0 0 35.793 0.621 1.2656117850953208 577
370 0 0 0 35.793 0.621 1.2656117850953208 577
380 0 0 0 35.793 0.621 1.2656117850953208 577
390 0 0 0 35.793 0.621 1.2656117850953208 577
400 0 0 0 35.793 0.621 1.2656117850953208 577
410 0 0 0 35.793 0.621 1.2656117850953208 577
420 0 0 0 35.793 0.621 1.2656117850953208 577
430 26.1 1.1067241379310346 1.5339303462158513 35.793 0.584 1.2656117850953208 577
440 24.5 0.8690571428571429 0.5661961266889335 35.793 0.509 1.2161252983293558 838
450 6.4 0.9189687499999999 0.15736104671562626 35.793 0.509 1.1376103416435828 1083
460 2.4 1.0283749999999998 0.19367085749194862 35.793 0.509 1.1254106364428946 1147
470 0.2 1.174 0.023000000000000076 35.793 0.509 1.123421861656704 1171
480 0 0 0 35.793 0.509 1.1235080988917308 1173
490 0 0 0 35.793 0.509 1.1235080988917308 1173
500 0 0 0 35.793 0.509 1.1235080988917308 1173
510 0 0 0 35.793 0.509 1.1235080988917308 1173
520 0 0 0 35.793 0.509 1.1235080988917308 1173
530 0 0 0 35.793 0.509 1.1235080988917308 1173
540 19.4 1.0323298969072159 1.2430706843215216 35.793 0.509 1.1235080988917308 1173
550 62.8 0.8853471337579626 1.1207545444587341 35.793 0.471 1.1105683979517191 1367
560 21.7 0.8682073732718896 0.6463812762072778 35.793 0.471 1.0396716791979952 1995
570 9.8 0.9674795918367347 0.5393228980481146 35.793 0.471 1.0228508137432188 2212
580 1.7 1.019705882352941 0.36593341803665075 35.793 0.471 1.0205017316017317 2310
590 0 0 0 35.793 0.471 1.020495917490331 2327
600 0 0 0 35.793 0.471 1.020495917490331 2327
610 0 0 0 35.793 0.471 1.020495917490331 2327
620 0 0 0 35.793 0.471 1.020495917490331 2327
630 0 0 0 35.793 0.471 1.020495917490331 2327
640 0 0 0 35.793 0.471 1.020495917490331 2327
650 0 0 0 35.793 0.471 1.020495917490331 2327
660 0 0 0 35.793 0.471 1.020495917490331 2327
670 111.5 0.8159417040358734 0.9575398574808058 35.793 0.46 1.020495917490331 2327
680 94.3 0.7255705196182395 0.47616442202030085 35.793 0.425 0.9542327135386399 3442
690 28.6 0.7879510489510488 0.3829546674530479 35.793 0.425 0.9050586088939563 4385
700 12.3 0.8939674796747971 0.20516299032955476 35.793 0.425 0.8978882466281306 4671
710 0.7 1.1761428571428574 0.2536535480709457 35.793 0.425 0.8977876512307046 4794
720 0.1 0.839 0.0 35.793 0.425 0.8981935013538842 4801
730 0 0 0 35.793 0.425 0.8981811745106202 4802
740 0 0 0 35.793 0.425 0.8981811745106202 4802
750 0 0 0 35.793 0.425 0.8981811745106202 4802
760 0 0 0 35.793 0.425 0.8981811745106202 4802
770 0 0 0 35.793 0.425 0.8981811745106202 4802
780 0 0 0 35.793 0.425 0.8981811745106202 4802
782 0 0 0 35.793 0.425 0.8981811745106202 4802
