0 0 0
10 0.5 5
20 0.7 12
30 0.5 17
40 0 17
50 0 17
60 0 17
70 0.2 19
80 0.3 22
90 0.1 23
100 0 23
110 0.1 24
120 0.3 27
130 2.5 52
140 1.2 64
150 0.2 66
160 0 66
170 0.1 67
180 0.3 70
190 0.8 78
200 0.5 83
210 0.2 85
220 3.2 117
230 4.1 158
240 2 178
250 0.6 184
260 0 184
270 0 184
280 0.3 187
290 1.1 198
300 0.5 203
310 0.3 206
320 4.1 247
330 7.2 319
340 3.5 354
350 0.5 359
360 0 359
370 0.2 361
380 1.7 378
390 4 418
400 1.3 431
410 0.2 433
420 0.1 434
430 0.5 439
440 7.7 516
450 14.2 658
460 7.3 731
470 2.2 753
480 0.1 754
490 0.2 756
500 4.2 798
510 7.7 875
520 2.5 900
530 0.3 903
540 0.2 905
550 6.2 967
560 24.3 1210
570 18 1390
580 5 1440
590 2.5 1465
600 3.9 1504
610 3.4 1538
620 12.3 1661
630 8.8 1749
640 2.9 1778
650 0.1 1779
660 0.2 1781
670 1.5 1796
680 29.1 2087
690 56.7 2654
700 24.9 2903
710 3.3 2936
720 0.4 2940
730 0.3 2943
740 11.5 3058
750 36.3 3421
760 20 3621
770 5.3 3674
780 0.7 3681
782 0 3681
