110 0.1 1
120 0 1
130 0 1
140 0 1
150 0 1
160 0 1
170 0 1
180 0 1
190 0 1
200 0 1
210 0.1 2
220 0 2
230 0 2
240 0 2
250 0 2
260 0 2
270 0 2
280 0 2
290 0 2
300 0 2
310 0.1 3
320 0 3
330 0 3
340 0 3
350 0 3
360 0 3
370 0 3
380 0 3
390 0 3
400 0 3
410 0 3
420 0 3
430 0.1 4
440 0 4
450 0 4
460 0 4
470 0 4
480 0 4
490 0 4
500 0 4
510 0 4
520 0 4
530 0 4
540 0.1 5
550 0 5
560 0 5
570 0 5
580 0 5
590 0 5
600 0 5
610 0 5
620 0 5
630 0 5
640 0 5
650 0 5
660 0 5
670 0.1 6
680 0 6
690 0 6
700 0 6
710 0 6
720 0 6
730 0 6
740 0 6
750 0 6
760 0 6
770 0 6
780 0 6
782 0 6
