0 3.6 72.25927777777777 77.14119276495936 361.98 6.399 0 0
10 9 59.267466666666685 72.96309579022352 444.462 0.491 72.25927777777777 36
20 4.8 49.44727083333333 67.43215852733631 448.438 0.491 62.97941269841271 126
30 0.9 95.48644444444444 56.807991271007936 448.438 0.491 59.24640804597702 174
40 0 0 0 448.438 0.491 61.0287049180328 183
50 0 0 0 448.438 0.491 61.0287049180328 183
60 0 0 0 448.438 0.491 61.0287049180328 183
70 0.9 20030.506 28282.66016661068 60049.598 0.491 61.0287049180328 183
80 1.7 14146.242176470589 25444.857727141272 60057.604 0.491 997.097953125 192
90 0.1 38.019 0.0 60057.604 0.491 2066.6455693779903 209
100 0 0 0 60057.604 0.491 2056.9854428571425 210
110 3.9 38.886307692307696 46.75107904590661 60057.604 0.491 2056.9854428571425 210
120 21.5 42.049251162790675 59.33839730791353 60057.604 0.455 1740.8976265060237 249
130 16.7 44.193035928143686 72.20622219890909 60057.604 0.455 953.7157284482756 464
140 2.6 47.26542307692308 46.89756015235849 60057.604 0.455 713.0021156893818 631
150 0.3 25.103333333333335 25.867795645465343 60057.604 0.455 686.6563713850836 657
160 0 0 0 60057.604 0.455 683.649312121212 660
170 0.7 14580.06342857143 23011.13505467656 60057.604 0.455 683.649312121212 660
180 1.9 17758.084947368417 26291.486683032574 60057.604 0.455 829.4887406296849 667
190 3.4 15905.675794117642 26464.924202353763 60061.395 0.455 1298.3565655976674 686
200 1.1 5486.988181818182 17239.383194224803 60061.395 0.455 1988.1466402777774 720
210 21.4 37.543920560747694 46.277794192421474 60061.395 0.455 2040.796786593707 731
220 47.3 45.68836575052857 89.2128005813523 60061.395 0.429 1587.1501058201056 945
230 22.7 73.36129074889871 191.87389596869664 60061.395 0.359 1072.9671699576868 1418
240 4.8 100.6216041666667 235.28306952209536 60061.395 0.359 935.0276352583586 1645
250 0.9 85.35011111111109 36.03770528347727 60061.395 0.359 911.3705239220319 1693
260 0 0 0 60061.395 0.359 907.0026133960048 1702
270 0.4 30015.107 29999.525784563488 60061.395 0.359 907.0026133960048 1702
280 2.2 16382.778500000002 26722.838220849793 60061.395 0.359 975.2513927315358 1706
290 4 15026.587175000002 25977.63859637595 60061.395 0.359 1171.4120387731482 1728
300 1.3 9258.338538461543 21638.85967506357 60061.395 0.359 1484.8775395927603 1768
310 38.5 37.33351948051939 48.95475419339102 60061.395 0.357 1541.6181308253792 1781
320 85.2 58.07211267605643 156.57297090975962 60061.395 0.336 1274.236055401662 2166
330 36.2 153.8201104972376 594.2945410347888 60061.395 0.336 930.9054791252486 3018
340 9.4 308.2627234042553 939.2864923784007 60061.395 0.336 847.679176331361 3380
350 0.9 594.6643333333333 1305.8155799923152 60061.395 0.336 833.0835670696603 3474
360 0 0 0 60061.395 0.336 832.4674966982485 3483
370 1 18059.173099999996 27479.133669715055 60061.395 0.336 832.4674966982485 3483
380 11.6 21245.926749999995 28661.865735326028 60061.395 0.336 881.785291153736 3493
390 14.1 11970.251177304975 23910.27268983427 60061.395 0.336 1536.3268287614296 3609
400 2.5 2488.0265999999992 11740.033720690852 60061.395 0.336 1928.642384266667 3750
410 0.5 12064.962 23969.81012687125 60061.395 0.336 1932.3469154966892 3775
420 0.1 106.664 0.0 60061.395 0.336 1945.7498455026457 3780
430 82.1 49.747841656516385 57.734277137007474 60061.395 0.319 1945.2634435334571 3781
440 167 78.8171730538919 291.6507254779916 60061.395 0.319 1607.1021421121254 4602
450 75.1 356.4676671105191 1431.8128733743004 60061.395 0.319 1200.176775669643 6272
460 21.7 1132.6253317972353 2867.5137300870897 60061.395 0.319 1109.9552833546918 7023
470 4.1 345.42519512195145 1428.0454174225424 60061.395 0.319 1110.6347585635358 7240
480 0.3 3235.5526666666665 4404.9295426453255 60061.395 0.319 1106.3257911001235 7281
490 2 27041.931299999997 29825.74074843091 60061.395 0.319 1107.202737918726 7284
500 24 19550.428412500005 28071.819541368724 60061.964 0.319 1178.2178763691127 7304
510 28.2 11994.979088652492 23897.522476636084 60061.964 0.319 1762.6996537645812 7544
520 5.5 7774.9115454545445 19943.937374448164 60061.964 0.319 2131.4068861487353 7826
530 0.3 215.68933333333334 42.15644945781 60061.964 0.319 2170.7918317472404 7881
540 35 47.30649428571426 55.16472373996909 60061.964 0.319 2170.047881024861 7884
550 284.7 78.07764488935732 106.23846800823571 60061.964 0.297 2079.8171929803257 8234
560 236.3 130.88179094371563 436.7832911721422 60061.964 0.297 1565.5177169930512 11081
570 64.3 452.00900622083975 2109.0647272282536 60061.964 0.297 1313.35729648914 13444
580 15 4680.424040000001 9400.679961987807 60061.964 0.297 1274.0411219564137 14087
590 12.1 9150.633752066115 13101.665244498965 60061.964 0.297 1309.9305254618248 14237
600 13.4 5170.098328358208 10807.980374811124 60061.964 0.297 1376.0069351580999 14358
610 20.1 19008.498114427843 27761.503204607598 60061.964 0.297 1411.088928443279 14492
620 57 15892.831484210497 26360.343222507352 60061.964 0.297 1651.821198666031 14693
630 25.3 10124.3617826087 22253.21198420688 60061.964 0.297 2183.654774159731 15263
640 4 1810.1187249999998 9319.711236525287 60061.964 0.297 2313.133948762566 15516
650 0.1 307.689 0.0 60061.964 0.297 2311.8405179994843 15556
660 0.2 408.0765 16.29949999999998 60061.964 0.297 2311.7116916500595 15557
670 325.2 86.37214083640866 108.21644697214353 60061.964 0.297 2311.4669927373207 15559
680 676.8 151.55430762411257 220.0804364268557 60061.964 0.291 1926.7979980862249 18811
690 294.9 342.778253645303 464.2185025989346 60061.964 0.291 1457.082634035731 25579
700 51.5 441.20550679611733 504.1579960606445 60061.964 0.291 1341.8946216348838 28528
710 5 402.8966000000002 556.8760305670913 60061.964 0.291 1325.9233068897831 29043
720 0.6 321.78766666666667 426.9678257923996 60061.964 0.291 1324.3369687553695 29093
730 5.9 29549.078101694922 29944.57743726573 60061.964 0.291 1324.1302504553412 29099
740 102.5 21073.3613570732 28521.991634798538 60061.964 0.291 1381.2422582481643 29158
750 131.7 13896.129300683378 25043.989789787178 60061.964 0.291 2049.9770452572643 30183
760 47.1 6823.138643312097 18535.69563748622 60061.964 0.291 2545.2590300317465 31500
770 8.1 2629.241691358025 11262.045170401696 60061.964 0.291 2608.2811844171283 31971
780 1.1 434.46536363636363 483.95314795062785 60061.964 0.291 2608.334154623737 32052
782 0 0 0 60061.964 0.291 2607.588355518823 32063
