10 0.1 187 0 187 187 0 0
20 0.1 277.0 0.0 277 187 187.0 1
30 0.1 138.0 0.0 277 138 232.0 2
40 0.1 32.0 0.0 277 32 200.66666666666666 3
50 0.1 0.0 0.0 277 0 158.5 4
60 0.1 1.0 0.0 277 0 126.8 5
70 0.1 1.0 0.0 277 0 105.83333333333333 6
80 0.1 23.0 0.0 277 0 90.85714285714286 7
90 0.1 51.0 0.0 277 0 82.375 8
100 0.1 1.0 0.0 277 0 78.88888888888889 9
110 0.1 0.0 0.0 277 0 71.1 10
120 0.1 266.0 0.0 277 0 64.63636363636364 11
130 0.1 738.0 0.0 738 0 81.41666666666667 12
140 0.1 462.0 0.0 738 0 131.92307692307693 13
150 0.1 98.0 0.0 738 0 155.5 14
160 0.1 15.0 0.0 738 0 151.66666666666666 15
170 0.1 1.0 0.0 738 0 143.125 16
180 0.1 26.0 0.0 738 0 134.76470588235293 17
190 0.1 65.0 0.0 738 0 128.72222222222223 18
200 0.1 111.0 0.0 738 0 125.36842105263158 19
210 0.1 26.0 0.0 738 0 124.65 20
220 0.1 997.0 0.0 997 0 119.95238095238095 21
230 0.1 1560.0 0.0 1560 0 159.8181818181818 22
240 0.1 661.0 0.0 1560 0 220.69565217391303 23
250 0.1 161.0 0.0 1560 0 239.04166666666666 24
260 0.1 28.0 0.0 1560 0 235.92 25
270 0.1 0.0 0.0 1560 0 227.92307692307693 26
280 0.1 19.0 0.0 1560 0 219.4814814814815 27
290 0.1 108.0 0.0 1560 0 212.32142857142858 28
300 0.1 128.0 0.0 1560 0 208.72413793103448 29
310 0.1 32.0 0.0 1560 0 206.03333333333333 30
320 0.1 1970.0 0.0 1970 0 200.41935483870967 31
330 0.1 2697.0 0.0 2697 0 255.71875 32
340 0.1 1058.0 0.0 2697 0 329.6969696969697 33
350 0.1 292.0 0.0 2697 0 351.11764705882354 34
360 0.1 25.0 0.0 2697 0 349.42857142857144 35
370 0.1 1.0 0.0 2697 0 340.4166666666667 36
380 0.1 46.0 0.0 2697 0 331.2432432432432 37
390 0.1 342.0 0.0 2697 0 323.7368421052632 38
400 0.1 400.0 0.0 2697 0 324.20512820512823 39
410 0.1 79.0 0.0 2697 0 326.1 40
420 0.1 10.0 0.0 2697 0 320.0731707317073 41
430 0.1 18.0 0.0 2697 0 312.6904761904762 42
440 0.1 4647.0 0.0 4647 0 305.83720930232556 43
450 0.1 6268.0 0.0 6268 0 404.5 44
460 0.1 2467.0 0.0 6268 0 534.8 45
470 0.1 755.0 0.0 6268 0 576.8043478260869 46
480 0.1 142.0 0.0 6268 0 580.595744680851 47
490 0.1 6.0 0.0 6268 0 571.4583333333333 48
500 0.1 90.0 0.0 6268 0 559.9183673469387 49
510 0.1 853.0 0.0 6268 0 550.52 50
520 0.1 772.0 0.0 6268 0 556.4509803921569 51
530 0.1 160.0 0.0 6268 0 560.5961538461539 52
540 0.1 15.0 0.0 6268 0 553.0377358490566 53
550 0.1 4222.0 0.0 6268 0 543.074074074074 54
560 0.1 16327.0 0.0 16327 0 609.9636363636364 55
570 0.1 9501.0 0.0 16327 0 890.625 56
580 0.1 2104.0 0.0 16327 0 1041.6842105263158 57
590 0.1 673.0 0.0 16327 0 1060.0 58
600 0.1 703.0 0.0 16327 0 1053.4406779661017 59
610 0.1 502.0 0.0 16327 0 1047.6 60
620 0.1 802.0 0.0 16327 0 1038.655737704918 61
630 0.1 1617.0 0.0 16327 0 1034.8387096774193 62
640 0.1 711.0 0.0 16327 0 1044.079365079365 63
650 0.1 112.0 0.0 16327 0 1038.875 64
660 0.1 6.0 0.0 16327 0 1024.6153846153845 65
670 0.1 87.0 0.0 16327 0 1009.1818181818181 66
680 0.1 34814.0 0.0 34814 0 995.4179104477612 67
690 0.1 49886.0 0.0 49886 0 1492.75 68
700 0.1 17271.0 0.0 49886 0 2194.1014492753625 69
710 0.1 1938.0 0.0 49886 0 2409.4857142857145 70
720 0.1 172.0 0.0 49886 0 2402.845070422535 71
730 0.1 13.0 0.0 49886 0 2371.8611111111113 72
740 0.1 307.0 0.0 49886 0 2339.5479452054797 73
750 0.1 4069.0 0.0 49886 0 2312.0810810810813 74
760 0.1 4764.0 0.0 49886 0 2335.5066666666667 75
770 0.1 1348.0 0.0 49886 0 2367.4605263157896 76
780 0.1 284.0 0.0 49886 0 2354.220779220779 77
782 0.1 42.0 0.0 49886 0 2327.6794871794873 78
