10 0.5 10991.9538 3176.111498584229 15724.791 7411.478 0 0
20 0.7 13574.624285714284 1992.9636025648354 17721.755 7411.478 10991.9538 5
30 0.5 23073.1684 3191.33119489517 27612.569 7411.478 12498.511583333333 12
40 0 0 0 27612.569 7411.478 15608.70476470588 17
50 0 0 0 27612.569 7411.478 15608.70476470588 17
60 0 0 0 27612.569 7411.478 15608.70476470588 17
70 0.2 70715.45449999999 382.60150000000067 71098.056 7411.478 15608.70476470588 17
80 0.3 76677.272 3050.7829876748046 80628.145 7411.478 21409.41526315789 19
90 0.1 82408.258 0.0 82408.258 7411.478 28945.941181818176 22
100 0 0 0 82408.258 7411.478 31270.38973913043 23
110 0.1 100530.249 0.0 100530.249 7411.478 31270.38973913043 23
120 0.3 8816.349666666667 1508.1758006643506 100530.249 6689.558 34156.21720833333 24
130 2.5 13867.290760000004 3801.7511321417574 100530.249 6689.558 31340.676370370365 27
140 1.2 20956.963916666668 3728.645419833622 100530.249 6689.558 22940.01021153846 52
150 0.2 26061.0455 2352.968499999999 100530.249 6689.558 22568.18903125 64
160 0 0 0 100530.249 6689.558 22674.033166666668 66
170 0.1 58770.337 0.0 100530.249 6689.558 22674.033166666668 66
180 0.3 68893.18 2331.0855675882062 100530.249 6689.558 23212.783970149256 67
190 0.8 72658.84225 5271.546840587585 100530.249 6689.558 25170.51522857143 70
200 0.5 78197.378 5062.2069797370805 100530.249 6689.558 30041.11287179487 78
210 0.2 46256.038 40149.90700000001 100530.249 6106.131 32942.09269879518 83
220 3.2 11269.771062499998 3343.3234892976716 100530.249 4914.739 33255.362 85
230 4.1 14258.831 4006.901526094307 100530.249 4914.739 27242.208923076923 117
240 2 23009.498 4916.570648830483 100530.249 4914.739 23873.104525316456 158
250 0.6 33108.12633333333 3178.236069717902 100530.249 4914.739 23776.07008426966 178
260 0 0 0 100530.249 4914.739 24080.37626630435 184
270 0 0 0 100530.249 4914.739 24080.37626630435 184
280 0.3 70733.21833333334 1508.0471779853362 100530.249 4914.739 24080.37626630435 184
290 1.1 75216.25781818182 4214.796525434535 100530.249 4914.739 24828.817582887703 187
300 0.5 81148.89540000001 2988.0042909714584 100530.249 4914.739 27628.11981818182 198
310 0.3 34033.32366666667 37040.87346655703 100530.249 4914.739 28946.36552216749 203
320 4.1 11224.82143902439 2591.9546590562063 100530.249 4914.739 29020.447436893206 206
330 7.2 14696.14477777778 4216.39265837421 100530.249 4914.739 26066.517615384615 247
340 3.5 23653.511714285713 4275.393751043934 100530.249 4914.739 23500.163871473356 319
350 0.5 30370.7868 3677.5794040115784 100530.249 4914.739 23515.325381355935 354
360 0 0 0 100530.249 4914.739 23610.805345403904 359
370 0.2 56231.0225 8707.9735 100530.249 4914.739 23610.805345403904 359
380 1.7 70910.2452352941 3948.783535521985 100530.249 4914.739 23791.526770083106 361
390 4 76440.532125 4521.222026552401 100530.249 4914.739 25910.622574074074 378
400 1.3 82009.07692307692 3380.8615593838763 100530.249 4914.739 30746.020617224884 418
410 0.2 97161.9135 2793.2914999999957 100530.249 4914.739 32292.238092807427 431
420 0.1 109179.904 0.0 109179.904 4914.739 32591.86707852194 433
430 0.5 5670.5960000000005 1697.9117641935343 109179.904 2835.114 32768.33720967742 434
440 7.7 10756.106636363633 3029.5236383314955 109179.904 2835.114 32459.70689977221 439
450 14.2 15844.442830985907 4701.673863214064 109179.904 2835.114 29220.991356589144 516
460 7.3 23099.50884931508 4314.045482191238 109179.904 2835.114 26334.259 658
470 2.2 30563.397045454545 3348.1516410163536 109179.904 2835.114 26011.22649521204 731
480 0.1 44996.088 0.0 109179.904 2835.114 26144.22483798141 753
490 0.2 57406.034 6013.080999999998 109179.904 2835.114 26169.227309018566 754
500 4.2 71135.11335714285 3320.788345704626 109179.904 2835.114 26251.864363756613 756
510 7.7 76364.08370129867 4617.822476464932 109179.904 2835.114 28614.140626566415 798
520 2.5 82473.86583999998 4177.275735585315 109179.904 2835.114 32816.13561714285 875
530 0.3 89694.84033333334 1467.5933024318767 109179.904 2835.114 34195.51701222221 900
540 0.2 99544.295 1371.778999999995 109179.904 2835.114 34379.90014617939 903
550 6.2 9044.584112903225 2268.1816770486153 109179.904 2835.114 34523.90985856352 905
560 24.3 13187.551913580246 3590.7732287387853 109179.904 2835.114 32890.281941054796 967
570 18 18312.434877777778 4308.462193140407 109179.904 2835.114 28933.452687603298 1210
580 5 28129.751300000007 5671.216168680091 109179.904 2835.114 27558.069086330925 1390
590 2.5 43932.66796 3467.666443337993 109179.904 2835.114 27577.919163194434 1440
600 3.9 49543.66428205128 5036.412652000145 109179.904 2835.114 27857.010439590435 1465
610 3.4 62353.99861764706 6283.5593325509135 109179.904 2835.114 28419.363830452116 1504
620 12.3 73844.36934959346 3658.942859160496 109179.904 2835.114 29169.544313394006 1538
630 8.8 79744.21597727273 5072.234289596228 109179.904 2835.114 32477.794451535206 1661
640 2.9 85458.24475862071 3521.0333278615935 109179.904 2835.114 34855.97918238992 1749
650 0.1 96854.984 0.0 109179.904 2835.114 35681.32547131607 1778
660 0.2 104788.4885 921.7944999999927 109179.904 2835.114 35715.71201349071 1779
670 1.5 6359.801666666666 1088.3160143342352 109179.904 2835.114 35793.27829814709 1781
680 29.1 11022.675384879716 2851.9290239929537 109179.904 2630.726 35547.45304788417 1796
690 56.7 15634.510169312163 3950.062551344435 109179.904 2630.726 32127.850604216565 2087
700 24.9 21693.173738955837 4335.484256515198 109179.904 2630.726 28604.216833835708 2654
710 3.3 31059.71796969697 3835.964781233874 109179.904 2630.726 28011.433599035474 2903
720 0.4 40559.998250000004 4618.3111405892405 109179.904 2630.726 28045.69565088555 2936
730 0.3 65409.18433333334 1680.7762555597826 109179.904 2630.726 28062.721912925164 2940
740 11.5 72034.26246956519 2982.076391562287 109179.904 2630.726 28100.79170132517 2943
750 36.3 76825.68162809908 4261.578167661116 109179.904 2630.726 29752.966043492474 3058
760 20 82552.86355999993 4535.349432738355 109179.904 2630.726 34747.82010874012 3421
770 5.3 92146.39535849058 4268.274044606985 109179.904 2630.726 37388.253328914645 3621
780 0.7 100270.2532857143 2677.1660717165423 109179.904 2630.726 38178.177533478476 3674
782 0 0 0 109179.904 2630.726 38296.255373811444 3681
