10 0.2 41.301 27.283 68.584 14.018 0 0
20 0 0 0 68.584 14.018 41.301 2
30 0 0 0 68.584 14.018 41.301 2
40 0 0 0 68.584 14.018 41.301 2
50 0 0 0 68.584 14.018 41.301 2
60 0 0 0 68.584 14.018 41.301 2
70 0 0 0 68.584 14.018 41.301 2
80 0 0 0 68.584 14.018 41.301 2
90 0 0 0 68.584 14.018 41.301 2
100 0 0 0 68.584 14.018 41.301 2
110 0 0 0 68.584 14.018 41.301 2
120 0.3 12.073999999999998 0.37070833099172007 68.584 11.697 41.301 2
130 0.2 12.9275 0.09450000000000003 68.584 11.697 23.7648 5
140 0 0 0 68.584 11.697 20.66842857142857 7
150 0 0 0 68.584 11.697 20.66842857142857 7
160 0 0 0 68.584 11.697 20.66842857142857 7
170 0 0 0 68.584 11.697 20.66842857142857 7
180 0 0 0 68.584 11.697 20.66842857142857 7
190 0 0 0 68.584 11.697 20.66842857142857 7
200 0 0 0 68.584 11.697 20.66842857142857 7
210 0.3 11.891666666666666 0.5996478596272606 68.584 11.137 20.66842857142857 7
220 0.6 10.990166666666667 0.8918500278758884 68.584 9.442 18.0354 10
230 0.3 11.173 0.539271731133758 68.584 9.442 15.3934375 16
240 0 0 0 68.584 9.442 14.727052631578946 19
250 0 0 0 68.584 9.442 14.727052631578946 19
260 0 0 0 68.584 9.442 14.727052631578946 19
270 0 0 0 68.584 9.442 14.727052631578946 19
280 0 0 0 68.584 9.442 14.727052631578946 19
290 0 0 0 68.584 9.442 14.727052631578946 19
300 0 0 0 68.584 9.442 14.727052631578946 19
310 0.2 10.59 0.12100000000000044 68.584 9.442 14.727052631578946 19
320 1.2 27.839000000000002 25.787288225015054 89.813 9.442 14.333047619047617 21
330 0.8 20.982875000000003 4.958736291574194 89.813 9.442 19.24430303030303 33
340 0 0 0 89.813 9.442 19.583536585365856 41
350 0 0 0 89.813 9.442 19.583536585365856 41
360 0 0 0 89.813 9.442 19.583536585365856 41
370 0 0 0 89.813 9.442 19.583536585365856 41
380 0 0 0 89.813 9.442 19.583536585365856 41
390 0 0 0 89.813 9.442 19.583536585365856 41
400 0 0 0 89.813 9.442 19.583536585365856 41
410 0 0 0 89.813 9.442 19.583536585365856 41
420 0 0 0 89.813 9.442 19.583536585365856 41
430 0.8 19.54 2.7030375043643033 89.813 9.442 19.583536585365856 41
440 2.7 32.361999999999995 28.087843396506372 116.529 9.442 19.576428571428576 49
450 1 22.6544 5.703320843157958 116.529 9.442 24.118671052631584 76
460 0.1 22.315 0.0 116.529 9.442 23.948406976744188 86
470 0 0 0 116.529 9.442 23.929632183908048 87
480 0 0 0 116.529 9.442 23.929632183908048 87
490 0 0 0 116.529 9.442 23.929632183908048 87
500 0 0 0 116.529 9.442 23.929632183908048 87
510 0 0 0 116.529 9.442 23.929632183908048 87
520 0 0 0 116.529 9.442 23.929632183908048 87
530 0 0 0 116.529 9.442 23.929632183908048 87
540 0 0 0 116.529 9.442 23.929632183908048 87
550 3.6 30.290805555555544 27.75919594058421 129.352 9.442 23.929632183908048 87
560 3.5 33.320342857142855 36.27443479834788 184.502 9.442 25.791439024390243 123
570 0.4 22.118000000000002 4.42780267175492 184.502 9.442 27.459234177215187 158
580 0 0 0 184.502 9.442 27.327351851851844 162
590 0 0 0 184.502 9.442 27.327351851851844 162
600 0 0 0 184.502 9.442 27.327351851851844 162
610 0 0 0 184.502 9.442 27.327351851851844 162
620 0 0 0 184.502 9.442 27.327351851851844 162
630 0 0 0 184.502 9.442 27.327351851851844 162
640 0 0 0 184.502 9.442 27.327351851851844 162
650 0 0 0 184.502 9.442 27.327351851851844 162
660 0 0 0 184.502 9.442 27.327351851851844 162
670 2.9 36.06193103448276 50.35797261738378 275.525 9.442 27.327351851851844 162
680 10.7 61.02802803738319 117.77975125540155 997.803 9.442 28.653544502617798 191
690 5.5 90.46821818181816 239.12420900304974 1001.055 9.442 40.27793959731544 298
700 0.2 18.386000000000003 0.7479999999999984 1001.055 9.442 48.097954674220965 353
710 0 0 0 1001.055 9.442 47.9305633802817 355
720 0 0 0 1001.055 9.442 47.9305633802817 355
730 0 0 0 1001.055 9.442 47.9305633802817 355
740 0 0 0 1001.055 9.442 47.9305633802817 355
750 0 0 0 1001.055 9.442 47.9305633802817 355
760 0 0 0 1001.055 9.442 47.9305633802817 355
770 0 0 0 1001.055 9.442 47.9305633802817 355
780 0 0 0 1001.055 9.442 47.9305633802817 355
782 0 0 0 1001.055 9.442 47.9305633802817 355
