10 0.2 9.066500000000001 0.5314999999999999 9.598 8.535 0 0
20 0 0 0 9.598 8.535 9.066500000000001 2
30 0 0 0 9.598 8.535 9.066500000000001 2
40 0 0 0 9.598 8.535 9.066500000000001 2
50 0 0 0 9.598 8.535 9.066500000000001 2
60 0 0 0 9.598 8.535 9.066500000000001 2
70 0 0 0 9.598 8.535 9.066500000000001 2
80 0 0 0 9.598 8.535 9.066500000000001 2
90 0 0 0 9.598 8.535 9.066500000000001 2
100 0 0 0 9.598 8.535 9.066500000000001 2
110 0 0 0 9.598 8.535 9.066500000000001 2
120 0 0 0 9.598 8.535 9.066500000000001 2
130 0.5 24.895 31.35624316145032 87.594 8.53 9.066500000000001 2
140 0 0 0 87.594 8.53 20.37257142857143 7
150 0 0 0 87.594 8.53 20.37257142857143 7
160 0 0 0 87.594 8.53 20.37257142857143 7
170 0 0 0 87.594 8.53 20.37257142857143 7
180 0 0 0 87.594 8.53 20.37257142857143 7
190 0 0 0 87.594 8.53 20.37257142857143 7
200 0 0 0 87.594 8.53 20.37257142857143 7
210 0.1 8.586 0.0 87.594 8.53 20.37257142857143 7
220 0.7 8.822714285714287 0.7228014377180971 87.594 7.199 18.899250000000002 8
230 0.4 8.55875 0.18056768121676622 87.594 7.199 14.196866666666669 15
240 0 0 0 87.594 7.199 13.009894736842108 19
250 0 0 0 87.594 7.199 13.009894736842108 19
260 0 0 0 87.594 7.199 13.009894736842108 19
270 0 0 0 87.594 7.199 13.009894736842108 19
280 0 0 0 87.594 7.199 13.009894736842108 19
290 0 0 0 87.594 7.199 13.009894736842108 19
300 0 0 0 87.594 7.199 13.009894736842108 19
310 0.2 8.100000000000001 1.6200000000000006 87.594 6.48 13.009894736842108 19
320 0.8 8.321250000000001 0.7610523552949566 87.594 6.48 12.542285714285716 21
330 1 7.8997 0.7845435679425329 87.594 6.295 11.377862068965518 29
340 0.2 7.757 1.3160000000000005 87.594 6.295 10.486025641025643 39
350 0 0 0 87.594 6.295 10.352902439024392 41
360 0 0 0 87.594 6.295 10.352902439024392 41
370 0 0 0 87.594 6.295 10.352902439024392 41
380 0 0 0 87.594 6.295 10.352902439024392 41
390 0 0 0 87.594 6.295 10.352902439024392 41
400 0 0 0 87.594 6.295 10.352902439024392 41
410 0 0 0 87.594 6.295 10.352902439024392 41
420 0 0 0 87.594 6.295 10.352902439024392 41
430 0.6 8.101 1.3414298341694952 87.594 6.295 10.352902439024392 41
440 2.6 9.729230769230767 6.972581374474497 87.594 5.885 10.065425531914896 47
450 1.2 9.406333333333336 5.251653903507183 87.594 5.885 9.94568493150685 73
460 0.2 8.8535 1.5535000000000003 87.594 5.885 9.86954117647059 85
470 0 0 0 87.594 5.885 9.846183908045978 87
480 0 0 0 87.594 5.885 9.846183908045978 87
490 0 0 0 87.594 5.885 9.846183908045978 87
500 0 0 0 87.594 5.885 9.846183908045978 87
510 0 0 0 87.594 5.885 9.846183908045978 87
520 0 0 0 87.594 5.885 9.846183908045978 87
530 0 0 0 87.594 5.885 9.846183908045978 87
540 0 0 0 87.594 5.885 9.846183908045978 87
550 2.6 7.162269230769228 1.297306575406028 87.594 5.521 9.846183908045978 87
560 3.8 8.596157894736843 5.378072309344951 87.594 5.509 9.228646017699115 113
570 1 7.2780000000000005 0.9338948548953466 87.594 5.509 9.069476821192053 151
580 0.1 6.633 0.0 87.594 5.509 8.958204968944099 161
590 0 0 0 87.594 5.509 8.943851851851852 162
600 0 0 0 87.594 5.509 8.943851851851852 162
610 0 0 0 87.594 5.509 8.943851851851852 162
620 0 0 0 87.594 5.509 8.943851851851852 162
630 0 0 0 87.594 5.509 8.943851851851852 162
640 0 0 0 87.594 5.509 8.943851851851852 162
650 0 0 0 87.594 5.509 8.943851851851852 162
660 0 0 0 87.594 5.509 8.943851851851852 162
670 1.7 7.490529411764706 1.7529486794154472 87.594 5.509 8.943851851851852 162
680 8.7 11.496218390804595 19.425065776557098 139.861 5.509 8.805826815642458 179
690 8.3 8.33157831325301 3.560282360267356 139.861 5.509 9.685766917293233 266
700 0.5 8.379199999999999 1.2195973761860925 139.861 5.509 9.363710601719196 349
710 0.1 6.149 0.0 139.861 5.509 9.349805084745762 354
720 0 0 0 139.861 5.509 9.340788732394365 355
730 0 0 0 139.861 5.509 9.340788732394365 355
740 0 0 0 139.861 5.509 9.340788732394365 355
750 0 0 0 139.861 5.509 9.340788732394365 355
760 0 0 0 139.861 5.509 9.340788732394365 355
770 0 0 0 139.861 5.509 9.340788732394365 355
780 0 0 0 139.861 5.509 9.340788732394365 355
782 0 0 0 139.861 5.509 9.340788732394365 355
