20 0.3 13.729666666666667 0.9369618751878624 14.46 12.407 0 0
30 0.1 46.714 0.0 46.714 12.407 13.729666666666667 3
40 0 0 0 46.714 12.407 21.975749999999998 4
50 0 0 0 46.714 12.407 21.975749999999998 4
60 0 0 0 46.714 12.407 21.975749999999998 4
70 0 0 0 46.714 12.407 21.975749999999998 4
80 0 0 0 46.714 12.407 21.975749999999998 4
90 0 0 0 46.714 12.407 21.975749999999998 4
100 0 0 0 46.714 12.407 21.975749999999998 4
110 0 0 0 46.714 12.407 21.975749999999998 4
120 0.2 26.7095 13.270499999999998 46.714 12.407 21.975749999999998 4
130 0.9 12.570555555555554 3.189104510712515 46.714 10.19 23.55366666666667 6
140 0.1 37.466 0.0 46.714 10.19 16.9638 15
150 0 0 0 46.714 10.19 18.2451875 16
160 0 0 0 46.714 10.19 18.2451875 16
170 0 0 0 46.714 10.19 18.2451875 16
180 0 0 0 46.714 10.19 18.2451875 16
190 0 0 0 46.714 10.19 18.2451875 16
200 0 0 0 46.714 10.19 18.2451875 16
210 0 0 0 46.714 10.19 18.2451875 16
220 0.7 11.362142857142857 0.583417377813426 46.714 10.19 18.2451875 16
230 0.8 11.023625 0.7532355105642595 46.714 10.16 16.150347826086954 23
240 0.7 11.687285714285716 0.5674211623743023 46.714 10.16 14.82732258064516 31
250 0 0 0 46.714 10.16 14.248894736842104 38
260 0 0 0 46.714 10.16 14.248894736842104 38
270 0 0 0 46.714 10.16 14.248894736842104 38
280 0 0 0 46.714 10.16 14.248894736842104 38
290 0 0 0 46.714 10.16 14.248894736842104 38
300 0 0 0 46.714 10.16 14.248894736842104 38
310 0.3 11.138666666666666 0.19848817485068426 46.714 10.16 14.248894736842104 38
320 1.5 26.625133333333334 17.972975015716113 77.328 10.16 14.021317073170732 41
330 2 45.25189999999999 34.090241640240684 114.251 10.16 17.397339285714285 56
340 0.6 38.88166666666667 34.684955935134504 116.26 10.16 24.72748684210526 76
350 0 0 0 116.26 10.16 25.76315853658536 82
360 0 0 0 116.26 10.16 25.76315853658536 82
370 0 0 0 116.26 10.16 25.76315853658536 82
380 0 0 0 116.26 10.16 25.76315853658536 82
390 0 0 0 116.26 10.16 25.76315853658536 82
400 0 0 0 116.26 10.16 25.76315853658536 82
410 0 0 0 116.26 10.16 25.76315853658536 82
420 0 0 0 116.26 10.16 25.76315853658536 82
430 0.4 24.14525 2.7553862138546035 116.26 10.16 25.76315853658536 82
440 3.9 33.03458974358974 29.002660917461146 141.312 10.16 25.687906976744184 86
450 4.3 36.99790697674418 45.45067721900043 248.216 10.16 27.980072 125
460 0.8 35.955375 31.43273617956882 248.216 10.16 30.288208333333333 168
470 0.2 24.2895 0.7555000000000014 248.216 10.16 30.545806818181816 176
480 0 0 0 248.216 10.16 30.475511235955054 178
490 0 0 0 248.216 10.16 30.475511235955054 178
500 0 0 0 248.216 10.16 30.475511235955054 178
510 0 0 0 248.216 10.16 30.475511235955054 178
520 0 0 0 248.216 10.16 30.475511235955054 178
530 0 0 0 248.216 10.16 30.475511235955054 178
540 0 0 0 248.216 10.16 30.475511235955054 178
550 2.8 145.12510714285713 245.76361018907394 893.121 10.16 30.475511235955054 178
560 8.9 35.62544943820224 33.00505699148978 893.121 10.16 46.05895145631068 206
570 4.2 49.21766666666669 61.3727784998663 893.121 10.16 42.91121694915254 295
580 0.5 24.122000000000003 5.589123473318513 893.121 10.16 43.69718397626113 337
590 0 0 0 893.121 10.16 43.4109970760234 342
600 0 0 0 893.121 10.16 43.4109970760234 342
610 0 0 0 893.121 10.16 43.4109970760234 342
620 0 0 0 893.121 10.16 43.4109970760234 342
630 0 0 0 893.121 10.16 43.4109970760234 342
640 0 0 0 893.121 10.16 43.4109970760234 342
650 0 0 0 893.121 10.16 43.4109970760234 342
660 0 0 0 893.121 10.16 43.4109970760234 342
670 1 44.0938 33.73696536382607 893.121 10.16 43.4109970760234 342
680 16.2 47.997376543209896 88.94846967378825 1008.387 10.16 43.43039488636364 352
690 17.9 109.24631843575423 246.681213427403 1126.673 10.16 44.86979377431908 514
700 3.8 40.590973684210525 64.7207691863922 1126.673 10.16 61.49807359307361 693
710 0.2 25.4185 5.890500000000002 1126.673 10.16 60.411247606019174 731
720 0 0 0 1126.673 10.16 60.31576944065487 733
730 0 0 0 1126.673 10.16 60.31576944065487 733
740 0 0 0 1126.673 10.16 60.31576944065487 733
750 0 0 0 1126.673 10.16 60.31576944065487 733
760 0 0 0 1126.673 10.16 60.31576944065487 733
770 0 0 0 1126.673 10.16 60.31576944065487 733
780 0 0 0 1126.673 10.16 60.31576944065487 733
782 0 0 0 1126.673 10.16 60.31576944065487 733
