10 0.4 0.77725 0.04026397272997285 0.837 0.737 0 0
20 0.4 0.7987500000000001 0.06780993658749432 0.911 0.729 0.77725 4
30 0 0 0 0.911 0.729 0.788 8
40 0 0 0 0.911 0.729 0.788 8
50 0 0 0 0.911 0.729 0.788 8
60 0 0 0 0.911 0.729 0.788 8
70 0 0 0 0.911 0.729 0.788 8
80 0 0 0 0.911 0.729 0.788 8
90 0 0 0 0.911 0.729 0.788 8
100 0 0 0 0.911 0.729 0.788 8
110 0 0 0 0.911 0.729 0.788 8
120 0.3 0.7399999999999999 0.061779176642835436 0.911 0.68 0.788 8
130 1.6 0.7370624999999998 0.04412265397446078 0.911 0.652 0.774909090909091 11
140 0.2 0.7475 0.014499999999999985 0.911 0.652 0.7524814814814815 27
150 0.1 0.803 0.0 0.911 0.652 0.7521379310344828 29
160 0 0 0 0.911 0.652 0.7538333333333334 30
170 0 0 0 0.911 0.652 0.7538333333333334 30
180 0 0 0 0.911 0.652 0.7538333333333334 30
190 0 0 0 0.911 0.652 0.7538333333333334 30
200 0 0 0 0.911 0.652 0.7538333333333334 30
210 0 0 0 0.911 0.652 0.7538333333333334 30
220 2 0.76695 0.08182693627406565 0.911 0.571 0.7538333333333334 30
230 2 0.8250000000000002 0.26619917355243605 1.647 0.486 0.75908 50
240 0.3 0.7053333333333334 0.08610974909317116 1.647 0.486 0.7779142857142858 70
250 0 0 0 1.647 0.486 0.7749315068493152 73
260 0 0 0 1.647 0.486 0.7749315068493152 73
270 0 0 0 1.647 0.486 0.7749315068493152 73
280 0 0 0 1.647 0.486 0.7749315068493152 73
290 0 0 0 1.647 0.486 0.7749315068493152 73
300 0 0 0 1.647 0.486 0.7749315068493152 73
310 0.2 0.5935 0.07450000000000001 1.647 0.486 0.7749315068493152 73
320 2.5 0.6689999999999999 0.12471984605506853 1.647 0.449 0.7700933333333335 75
330 3.2 0.728375 0.11788732703306154 1.647 0.449 0.7448200000000001 100
340 1.1 0.7028181818181817 0.10041714647302584 1.647 0.449 0.7408333333333335 132
350 0 0 0 1.647 0.449 0.737909090909091 143
360 0 0 0 1.647 0.449 0.737909090909091 143
370 0 0 0 1.647 0.449 0.737909090909091 143
380 0 0 0 1.647 0.449 0.737909090909091 143
390 0 0 0 1.647 0.449 0.737909090909091 143
400 0 0 0 1.647 0.449 0.737909090909091 143
410 0 0 0 1.647 0.449 0.737909090909091 143
420 0 0 0 1.647 0.449 0.737909090909091 143
430 0.6 0.7094999999999999 0.34438677384591876 1.647 0.416 0.737909090909091 143
440 3.7 0.6630270270270269 0.6739330100033997 4.653 0.406 0.736765100671141 149
450 6.5 0.6453076923076922 0.12023719161940165 4.653 0.406 0.7220967741935485 186
460 1.7 0.6584705882352939 0.10984219571038042 4.653 0.406 0.702211155378486 251
470 0 0 0 4.653 0.406 0.699436567164179 268
480 0 0 0 4.653 0.406 0.699436567164179 268
490 0 0 0 4.653 0.406 0.699436567164179 268
500 0 0 0 4.653 0.406 0.699436567164179 268
510 0 0 0 4.653 0.406 0.699436567164179 268
520 0 0 0 4.653 0.406 0.699436567164179 268
530 0 0 0 4.653 0.406 0.699436567164179 268
540 0 0 0 4.653 0.406 0.699436567164179 268
550 5.3 0.5201320754716983 0.11045037094940982 4.653 0.376 0.699436567164179 268
560 12.9 0.5393720930232557 0.10754714630600382 4.653 0.376 0.6698317757009346 321
570 8.7 0.609919540229885 0.12536697565027505 4.653 0.376 0.6324333333333333 450
580 0.9 0.7014444444444444 0.11184325451383695 4.653 0.376 0.6287858472998137 537
590 0 0 0 4.653 0.376 0.6299835164835164 546
600 0 0 0 4.653 0.376 0.6299835164835164 546
610 0 0 0 4.653 0.376 0.6299835164835164 546
620 0 0 0 4.653 0.376 0.6299835164835164 546
630 0 0 0 4.653 0.376 0.6299835164835164 546
640 0 0 0 4.653 0.376 0.6299835164835164 546
650 0 0 0 4.653 0.376 0.6299835164835164 546
660 0 0 0 4.653 0.376 0.6299835164835164 546
670 1.4 0.47014285714285714 0.05651909556305112 4.653 0.376 0.6299835164835164 546
680 19.3 0.5010829015544043 0.13499592535733657 4.653 0.359 0.6259874999999999 560
690 29.2 0.5404280821917805 0.1545860079985402 4.653 0.359 0.5939734395750331 753
700 7 0.6276857142857143 0.13539440195825175 4.653 0.359 0.5790114832535884 1045
710 0.5 0.8602000000000001 0.27537567067553376 4.653 0.359 0.5820672645739909 1115
720 0.1 0.772 0.0 4.653 0.359 0.5833089285714285 1120
730 0 0 0 4.653 0.359 0.5834772524531668 1121
740 0 0 0 4.653 0.359 0.5834772524531668 1121
750 0 0 0 4.653 0.359 0.5834772524531668 1121
760 0 0 0 4.653 0.359 0.5834772524531668 1121
770 0 0 0 4.653 0.359 0.5834772524531668 1121
780 0 0 0 4.653 0.359 0.5834772524531668 1121
782 0 0 0 4.653 0.359 0.5834772524531668 1121
