10 0.1 123.657 0 123.657 123.657 0 0
20 0.1 120.226 0.0 123.657 120.226 123.657 1
30 0 0 0 123.657 120.226 121.94149999999999 2
40 0 0 0 123.657 120.226 121.94149999999999 2
50 0 0 0 123.657 120.226 121.94149999999999 2
60 0 0 0 123.657 120.226 121.94149999999999 2
70 0 0 0 123.657 120.226 121.94149999999999 2
80 0 0 0 123.657 120.226 121.94149999999999 2
90 0 0 0 123.657 120.226 121.94149999999999 2
100 0 0 0 123.657 120.226 121.94149999999999 2
110 0 0 0 123.657 120.226 121.94149999999999 2
120 0 0 0 123.657 120.226 121.94149999999999 2
130 0.5 124.5328 0.4674280265452641 125.018 120.226 121.94149999999999 2
140 0 0 0 125.018 120.226 123.79242857142857 7
150 0 0 0 125.018 120.226 123.79242857142857 7
160 0 0 0 125.018 120.226 123.79242857142857 7
170 0 0 0 125.018 120.226 123.79242857142857 7
180 0 0 0 125.018 120.226 123.79242857142857 7
190 0 0 0 125.018 120.226 123.79242857142857 7
200 0 0 0 125.018 120.226 123.79242857142857 7
210 0.1 127.166 0.0 127.166 120.226 123.79242857142857 7
220 0.6 128.48100000000002 9.702290897858449 149.967 120.226 124.214125 8
230 0.5 124.872 2.5276969755095293 149.967 120.226 126.04278571428573 14
240 0 0 0 149.967 120.226 125.73468421052632 19
250 0 0 0 149.967 120.226 125.73468421052632 19
260 0 0 0 149.967 120.226 125.73468421052632 19
270 0 0 0 149.967 120.226 125.73468421052632 19
280 0 0 0 149.967 120.226 125.73468421052632 19
290 0 0 0 149.967 120.226 125.73468421052632 19
300 0 0 0 149.967 120.226 125.73468421052632 19
310 0 0 0 149.967 120.226 125.73468421052632 19
320 0.7 144.2654285714286 26.334063144024494 208.306 120.226 125.73468421052632 19
330 1.3 146.314 30.14883804368944 221.824 120.226 130.7237307692308 26
340 0.2 130.2595 3.2595000000000027 221.824 120.226 135.92048717948722 39
350 0 0 0 221.824 120.226 135.6443414634147 41
360 0 0 0 221.824 120.226 135.6443414634147 41
370 0 0 0 221.824 120.226 135.6443414634147 41
380 0 0 0 221.824 120.226 135.6443414634147 41
390 0 0 0 221.824 120.226 135.6443414634147 41
400 0 0 0 221.824 120.226 135.6443414634147 41
410 0 0 0 221.824 120.226 135.6443414634147 41
420 0 0 0 221.824 120.226 135.6443414634147 41
430 0.3 134.91166666666666 1.9097393073983178 221.824 120.226 135.6443414634147 41
440 2.3 141.90965217391303 21.56325224040578 240.698 120.226 135.5943863636364 44
450 1.7 143.05758823529413 26.28226429286224 246.262 120.226 137.76231343283584 67
460 0.2 137.1865 3.461500000000001 246.262 120.226 138.8339761904762 84
470 0.1 130.008 0.0 246.262 120.226 138.79566279069766 86
480 0 0 0 246.262 120.226 138.69465517241377 87
490 0 0 0 246.262 120.226 138.69465517241377 87
500 0 0 0 246.262 120.226 138.69465517241377 87
510 0 0 0 246.262 120.226 138.69465517241377 87
520 0 0 0 246.262 120.226 138.69465517241377 87
530 0 0 0 246.262 120.226 138.69465517241377 87
540 0 0 0 246.262 120.226 138.69465517241377 87
550 1.9 145.10536842105262 23.706991989285687 246.262 120.226 138.69465517241377 87
560 3.6 150.70891666666662 39.02784486632233 295.337 120.226 139.84374528301885 106
570 1.8 138.28705555555555 5.447358875559405 295.337 120.226 142.59829577464788 142
580 0.2 222.4905 94.36650000000002 316.857 120.226 142.11328125 160
590 0 0 0 316.857 120.226 143.1055925925926 162
600 0 0 0 316.857 120.226 143.1055925925926 162
610 0 0 0 316.857 120.226 143.1055925925926 162
620 0 0 0 316.857 120.226 143.1055925925926 162
630 0 0 0 316.857 120.226 143.1055925925926 162
640 0 0 0 316.857 120.226 143.1055925925926 162
650 0 0 0 316.857 120.226 143.1055925925926 162
660 0 0 0 316.857 120.226 143.1055925925926 162
670 0.8 152.41924999999998 38.47210162166215 316.857 120.226 143.1055925925926 162
680 6.8 161.3515 54.85127992996958 397.204 120.226 143.54388235294118 170
690 10.3 180.40707766990295 169.52722280728622 1186.066 120.226 148.63177310924368 238
700 1.3 138.82707692307693 6.05735977597676 1186.066 120.226 158.22959237536656 341
710 0.1 141.681 0.0 1186.066 120.226 157.51707062146892 354
720 0 0 0 1186.066 120.226 157.47246197183097 355
730 0 0 0 1186.066 120.226 157.47246197183097 355
740 0 0 0 1186.066 120.226 157.47246197183097 355
750 0 0 0 1186.066 120.226 157.47246197183097 355
760 0 0 0 1186.066 120.226 157.47246197183097 355
770 0 0 0 1186.066 120.226 157.47246197183097 355
780 0 0 0 1186.066 120.226 157.47246197183097 355
782 0 0 0 1186.066 120.226 157.47246197183097 355
