70 0.2 17.7245 0.22850000000000037 17.953 17.496 0 0
80 0.5 26.050400000000003 7.680615485753728 36.143 17.496 17.7245 2
90 0 0 0 36.143 17.496 23.671571428571433 7
100 0 0 0 36.143 17.496 23.671571428571433 7
110 0 0 0 36.143 17.496 23.671571428571433 7
120 0 0 0 36.143 17.496 23.671571428571433 7
130 0 0 0 36.143 17.496 23.671571428571433 7
140 0 0 0 36.143 17.496 23.671571428571433 7
150 0 0 0 36.143 17.496 23.671571428571433 7
160 0 0 0 36.143 17.496 23.671571428571433 7
170 0.2 27.4705 0.04150000000000187 36.143 17.496 23.671571428571433 7
180 0.5 18.7292 6.011381418609204 36.143 13.633 24.51577777777778 9
190 0.9 18.717111111111112 4.121207062781605 36.143 13.633 22.449142857142856 14
200 0.2 15.357 0.7530000000000001 36.143 13.633 20.988782608695654 23
210 0.1 16.116 0.0 36.143 13.633 20.538240000000005 25
220 0.2 14.1945 0.3224999999999998 36.143 13.633 20.368153846153852 26
230 0.4 15.844499999999998 1.359868467904157 36.143 13.633 19.927178571428577 28
240 0 0 0 36.143 13.633 19.416843750000005 32
250 0 0 0 36.143 13.633 19.416843750000005 32
260 0 0 0 36.143 13.633 19.416843750000005 32
270 0.1 16.114 0.0 36.143 13.633 19.416843750000005 32
280 0.7 15.859857142857141 0.8151147909644255 36.143 13.633 19.31675757575758 33
290 0.9 16.068555555555555 1.2329367029901601 36.143 13.633 18.711800000000004 40
300 0.3 15.966333333333333 0.6628847729599934 36.143 13.633 18.22630612244898 49
310 0 0 0 36.143 13.633 18.09592307692308 52
320 0.3 26.228666666666665 2.5881641284036765 36.143 13.633 18.09592307692308 52
330 0 0 0 36.143 13.633 18.539527272727273 55
340 0 0 0 36.143 13.633 18.539527272727273 55
350 0 0 0 36.143 13.633 18.539527272727273 55
360 0 0 0 36.143 13.633 18.539527272727273 55
370 0.2 36.585499999999996 0.9295000000000027 37.515 13.633 18.539527272727273 55
380 2.9 34.931724137931035 6.521139211330738 60.603 13.633 19.172719298245614 57
390 3.7 37.03667567567569 17.34993525660333 132.728 13.633 24.486802325581394 86
400 0.5 30.580399999999997 1.3335679360272579 132.728 13.633 28.261967479674798 123
410 0.1 40.358 0.0 132.728 13.633 28.352531250000002 128
420 0 0 0 132.728 13.633 28.44559689922481 129
430 0 0 0 132.728 13.633 28.44559689922481 129
440 0 0 0 132.728 13.633 28.44559689922481 129
450 0 0 0 132.728 13.633 28.44559689922481 129
460 0 0 0 132.728 13.633 28.44559689922481 129
470 0 0 0 132.728 13.633 28.44559689922481 129
480 0 0 0 132.728 13.633 28.44559689922481 129
490 0.4 31.17675 2.57061387366909 132.728 13.633 28.44559689922481 129
500 6.3 34.338587301587296 5.259742339741905 132.728 13.633 28.527736842105266 133
510 7.3 32.8983424657534 5.054401784906414 132.728 13.633 30.395510204081635 196
520 1 30.987800000000004 3.3725524102673328 132.728 13.633 31.07471747211895 269
530 0 0 0 132.728 13.633 31.07160215053763 279
540 0 0 0 132.728 13.633 31.07160215053763 279
550 0 0 0 132.728 13.633 31.07160215053763 279
560 0 0 0 132.728 13.633 31.07160215053763 279
570 0 0 0 132.728 13.633 31.07160215053763 279
580 0 0 0 132.728 13.633 31.07160215053763 279
590 0 0 0 132.728 13.633 31.07160215053763 279
600 0 0 0 132.728 13.633 31.07160215053763 279
610 4.2 38.88842857142857 6.470745618856112 132.728 13.633 31.07160215053763 279
620 15 38.88496666666668 12.918018260510735 171.075 13.633 32.09436448598131 321
630 5.9 37.73984745762711 6.052637653944862 171.075 13.633 34.25697664543525 471
640 0.5 39.651599999999995 3.581779200341639 171.075 13.633 34.64469245283019 530
650 0 0 0 171.075 13.633 34.69148598130842 535
660 0 0 0 171.075 13.633 34.69148598130842 535
670 0 0 0 171.075 13.633 34.69148598130842 535
680 0 0 0 171.075 13.633 34.69148598130842 535
690 0 0 0 171.075 13.633 34.69148598130842 535
700 0 0 0 171.075 13.633 34.69148598130842 535
710 0 0 0 171.075 13.633 34.69148598130842 535
720 0 0 0 171.075 13.633 34.69148598130842 535
730 1.1 47.567 16.148578744104555 171.075 13.633 34.69148598130842 535
740 23.4 47.93665811965811 28.214108326070743 421.559 13.633 34.95088278388279 546
750 25 47.817424000000024 42.653407031328975 448.705 13.633 38.84661538461538 780
760 6.2 44.29488709677418 11.805945004742092 448.705 13.633 41.023996116504854 1030
770 0.2 56.01 18.948 448.705 13.633 41.20970604395604 1092
780 0.1 53.784 0.0 448.705 13.633 41.23676325411334 1094
782 0 0 0 448.705 13.633 41.24822191780821 1095
