70 0.2 60.43000000000001 14.613000000000001 75.043 45.817 0 0
80 0.3 59.66400000000001 32.210685059464346 105.21 36.21 60.43000000000001 2
90 0.1 38.201 0.0 105.21 36.21 59.970400000000005 5
100 0 0 0 105.21 36.21 56.34216666666668 6
110 0.1 70.321 0.0 105.21 36.21 56.34216666666668 6
120 0 0 0 105.21 36.21 58.33914285714286 7
130 0 0 0 105.21 36.21 58.33914285714286 7
140 0 0 0 105.21 36.21 58.33914285714286 7
150 0 0 0 105.21 36.21 58.33914285714286 7
160 0 0 0 105.21 36.21 58.33914285714286 7
170 0.1 58.425 0.0 105.21 36.21 58.33914285714286 7
180 0.3 37.273666666666664 6.442612013427129 105.21 30.986 58.349875000000004 8
190 0.7 40.581 8.466883639889506 105.21 30.986 52.60181818181818 11
200 0.6 47.3765 12.974344180599909 105.21 30.986 47.927055555555555 18
210 0.1 55.092 0.0 105.21 30.986 47.78941666666666 24
220 0.3 43.46866666666667 9.528981769085068 105.21 30.759 48.08152 25
230 0.1 34.893 0.0 105.21 30.759 47.58728571428571 28
240 0.2 41.841499999999996 8.2415 105.21 30.759 47.14955172413793 29
250 0.1 51.578 0.0 105.21 30.759 46.807096774193546 31
260 0 0 0 105.21 30.759 46.9561875 32
270 0 0 0 105.21 30.759 46.9561875 32
280 0.2 36.873999999999995 1.7059999999999977 105.21 30.759 46.9561875 32
290 1.2 45.95116666666667 7.100860966968881 105.21 30.759 46.36311764705882 34
300 0.5 48.376400000000004 11.474676215039796 105.21 30.759 46.25565217391305 46
310 0.1 51.076 0.0 105.21 30.759 46.46356862745099 51
320 0.3 74.982 10.626627906662893 105.21 30.759 46.552269230769234 52
330 0 0 0 105.21 30.759 48.102981818181824 55
340 0 0 0 105.21 30.759 48.102981818181824 55
350 0 0 0 105.21 30.759 48.102981818181824 55
360 0 0 0 105.21 30.759 48.102981818181824 55
370 0.1 136.116 0.0 136.116 30.759 48.102981818181824 55
380 1.7 139.388705882353 24.464496289075736 185.744 30.759 49.674642857142864 56
390 3.9 140.2842307692307 23.357917531498472 209.043 30.759 70.5669589041096 73
400 1.4 136.81299999999996 32.152259818379356 236.026 30.759 94.84350892857141 112
410 0.2 128.9225 7.3535000000000075 236.026 30.759 99.5067857142857 126
420 0.1 106.83 0.0 236.026 30.759 99.96640624999998 128
430 0 0 0 236.026 30.759 100.01961240310075 129
440 0 0 0 236.026 30.759 100.01961240310075 129
450 0 0 0 236.026 30.759 100.01961240310075 129
460 0 0 0 236.026 30.759 100.01961240310075 129
470 0 0 0 236.026 30.759 100.01961240310075 129
480 0 0 0 236.026 30.759 100.01961240310075 129
490 0.1 237.974 0.0 237.974 30.759 100.01961240310075 129
500 3.5 221.01908571428567 28.009713592019104 276.032 30.759 101.08079999999998 130
510 8.1 225.73696296296288 39.2101355117587 449.294 30.759 126.52225454545452 165
520 2.8 247.32164285714288 78.85967834624007 540.578 30.759 159.1905121951219 246
530 0.3 215.84333333333336 42.155268412013335 540.578 30.759 168.19661313868608 274
540 0.2 217.3525 28.662499999999994 540.578 30.759 168.7126425992779 277
550 0 0 0 540.578 30.759 169.0613154121863 279
560 0 0 0 540.578 30.759 169.0613154121863 279
570 0 0 0 540.578 30.759 169.0613154121863 279
580 0 0 0 540.578 30.759 169.0613154121863 279
590 0 0 0 540.578 30.759 169.0613154121863 279
600 0 0 0 540.578 30.759 169.0613154121863 279
610 1.3 447.9808461538462 152.33966607341947 968.936 30.759 169.0613154121863 279
620 11.7 412.96240170940155 93.56301619846845 968.936 30.759 181.47896575342457 292
630 9.4 398.18080851063837 57.2683193990632 968.936 30.759 247.69794376528108 409
640 2.9 415.24703448275864 62.637420103917684 968.936 30.759 275.81999005964207 503
650 0.1 307.882 0.0 968.936 30.759 283.42033646616534 532
660 0.2 408.1805 16.30250000000001 968.936 30.759 283.4662307692307 533
670 0 0 0 968.936 30.759 283.93245233644853 535
680 0 0 0 968.936 30.759 283.93245233644853 535
690 0 0 0 968.936 30.759 283.93245233644853 535
700 0 0 0 968.936 30.759 283.93245233644853 535
710 0 0 0 968.936 30.759 283.93245233644853 535
720 0 0 0 968.936 30.759 283.93245233644853 535
730 0.2 1111.7635 241.23450000000003 1352.998 30.759 283.93245233644853 535
740 9.7 979.2679175257728 166.4640141500927 1414.765 30.759 287.01562197392917 537
750 27.3 994.744586080586 183.84370935349042 1809.572 30.759 392.92803943217655 634
760 15 972.485253333334 142.4193152109262 1809.572 30.759 574.0701753031973 907
770 3.3 967.2787878787877 247.42588792015323 1809.572 30.759 630.6096849574267 1057
780 0.5 925.3812 271.00492665957205 1809.572 30.759 640.802419266055 1090
782 0 0 0 1809.572 30.759 642.1018657534246 1095
