0 0.4 45.88674999999999 30.19281431379824 87.749 16.533 0 0
10 1 27.7663 11.518296306746064 87.749 14.492 45.88674999999999 4
20 1 36.881800000000005 11.262370769957807 87.749 14.492 32.943571428571424 14
30 0 0 0 87.749 14.492 34.5845 24
40 0 0 0 87.749 14.492 34.5845 24
50 0 0 0 87.749 14.492 34.5845 24
60 0 0 0 87.749 14.492 34.5845 24
70 0 0 0 87.749 14.492 34.5845 24
80 0 0 0 87.749 14.492 34.5845 24
90 0 0 0 87.749 14.492 34.5845 24
100 0 0 0 87.749 14.492 34.5845 24
110 0 0 0 87.749 14.492 34.5845 24
120 3.1 19.280580645161294 7.040164119119775 87.749 14.482 34.5845 24
130 2.8 20.285142857142862 7.66293293679891 87.749 14.482 25.958654545454547 55
140 0.1 21.548 0.0 87.749 14.482 24.044698795180725 83
150 0 0 0 87.749 14.482 24.014976190476194 84
160 0 0 0 87.749 14.482 24.014976190476194 84
170 0 0 0 87.749 14.482 24.014976190476194 84
180 0 0 0 87.749 14.482 24.014976190476194 84
190 0 0 0 87.749 14.482 24.014976190476194 84
200 0 0 0 87.749 14.482 24.014976190476194 84
210 2.1 17.682380952380953 4.2008717856698725 87.749 14.482 24.014976190476194 84
220 6.8 20.25408823529412 8.843053702558421 87.749 14.482 22.748457142857145 105
230 3 19.91896666666667 5.290184517785956 87.749 14.482 21.768011560693644 173
240 0.1 23.377 0.0 87.749 14.482 21.494753694581284 203
250 0 0 0 87.749 14.482 21.503980392156866 204
260 0 0 0 87.749 14.482 21.503980392156866 204
270 0 0 0 87.749 14.482 21.503980392156866 204
280 0 0 0 87.749 14.482 21.503980392156866 204
290 0 0 0 87.749 14.482 21.503980392156866 204
300 0 0 0 87.749 14.482 21.503980392156866 204
310 2.9 22.461103448275864 8.678593447712466 87.749 14.482 21.503980392156866 204
320 14 28.141907142857157 15.772052271070416 115.004 14.482 21.623107296137345 233
330 5.7 38.825912280701765 25.25029058598169 133.615 14.482 24.069841823056308 373
340 0.4 46.072750000000006 7.692941484731312 133.615 14.482 26.025879069767452 430
350 0 0 0 133.615 14.482 26.210642857142865 434
360 0 0 0 133.615 14.482 26.210642857142865 434
370 0 0 0 133.615 14.482 26.210642857142865 434
380 0 0 0 133.615 14.482 26.210642857142865 434
390 0 0 0 133.615 14.482 26.210642857142865 434
400 0 0 0 133.615 14.482 26.210642857142865 434
410 0 0 0 133.615 14.482 26.210642857142865 434
420 0 0 0 133.615 14.482 26.210642857142865 434
430 7 35.44902857142855 19.178980772838216 151.183 14.482 26.210642857142865 434
440 27.8 47.77895683453238 33.020349053419274 204.301 14.482 27.493751984126988 504
450 11.4 57.78877192982454 38.24396317618859 205.408 14.482 34.705116368286454 782
460 0.8 43.806625 4.956915369902436 205.408 14.482 37.64209933035715 896
470 0.1 49.991 0.0 205.408 14.482 37.696652654867265 904
480 0 0 0 205.408 14.482 37.71023756906078 905
490 0 0 0 205.408 14.482 37.71023756906078 905
500 0 0 0 205.408 14.482 37.71023756906078 905
510 0 0 0 205.408 14.482 37.71023756906078 905
520 0 0 0 205.408 14.482 37.71023756906078 905
530 0 0 0 205.408 14.482 37.71023756906078 905
540 0.9 37.73055555555556 1.881610605076354 205.408 14.482 37.71023756906078 905
550 37.2 59.58784946236564 42.33678195677883 314.819 14.482 37.71043763676149 914
560 43 71.63007209302322 48.11081439935537 314.819 14.482 44.03889580093314 1286
570 6.4 79.69754687500001 44.26290882610183 314.819 14.482 50.95276864801865 1716
580 0.1 254.711 0.0 314.819 14.482 51.98628876404494 1780
590 0 0 0 314.819 14.482 52.100115103874224 1781
600 0 0 0 314.819 14.482 52.100115103874224 1781
610 0 0 0 314.819 14.482 52.100115103874224 1781
620 0 0 0 314.819 14.482 52.100115103874224 1781
630 0 0 0 314.819 14.482 52.100115103874224 1781
640 0 0 0 314.819 14.482 52.100115103874224 1781
650 0 0 0 314.819 14.482 52.100115103874224 1781
660 0 0 0 314.819 14.482 52.100115103874224 1781
670 26.6 105.22195864661654 86.23853228229859 487.833 14.482 52.100115103874224 1781
680 110.9 141.39368981064004 129.08303929931924 1074.937 14.482 59.00310014655593 2047
690 49.3 217.0687809330627 280.7548928866779 1384.404 14.482 87.95467300380221 3156
700 3.1 134.50516129032258 76.37474448469871 1384.404 14.482 105.3987001918333 3649
710 0.1 107.421 0.0 1384.404 14.482 105.64389048913036 3680
720 0 0 0 1384.404 14.482 105.64437326813358 3681
730 0 0 0 1384.404 14.482 105.64437326813358 3681
740 0 0 0 1384.404 14.482 105.64437326813358 3681
750 0 0 0 1384.404 14.482 105.64437326813358 3681
760 0 0 0 1384.404 14.482 105.64437326813358 3681
770 0 0 0 1384.404 14.482 105.64437326813358 3681
780 0 0 0 1384.404 14.482 105.64437326813358 3681
782 0 0 0 1384.404 14.482 105.64437326813358 3681
