10 0.8 69.88250000000001 29.593433557970254 122.199 33.813 0 0
20 0.7 62.519285714285715 21.095430925164045 122.199 33.693 69.88250000000001 8
30 0.1 71.068 0.0 122.199 33.693 66.44633333333334 15
40 0 0 0 122.199 33.693 66.73518750000001 16
50 0 0 0 122.199 33.693 66.73518750000001 16
60 0 0 0 122.199 33.693 66.73518750000001 16
70 0 0 0 122.199 33.693 66.73518750000001 16
80 0 0 0 122.199 33.693 66.73518750000001 16
90 0 0 0 122.199 33.693 66.73518750000001 16
100 0 0 0 122.199 33.693 66.73518750000001 16
110 0 0 0 122.199 33.693 66.73518750000001 16
120 1 51.83860000000001 20.38666710475256 122.199 33.693 66.73518750000001 16
130 2.6 54.62496153846155 14.535087066714881 122.199 32.08 61.00573076923078 26
140 0.7 71.00485714285715 31.565765612350948 135.381 32.08 57.815346153846164 52
150 0.1 61.073 0.0 135.381 32.08 59.38020338983052 59
160 0 0 0 135.381 32.08 59.408416666666675 60
170 0 0 0 135.381 32.08 59.408416666666675 60
180 0 0 0 135.381 32.08 59.408416666666675 60
190 0 0 0 135.381 32.08 59.408416666666675 60
200 0 0 0 135.381 32.08 59.408416666666675 60
210 0.4 44.50275 11.571845777035744 135.381 30.463 59.408416666666675 60
220 4 46.486000000000004 11.338966295478615 135.381 30.463 58.47681250000001 64
230 3.7 56.66464864864865 18.38413140524188 135.381 30.463 53.86496153846154 104
240 0.4 60.701 6.712691226326442 135.381 30.463 54.59963120567377 141
250 0.1 45.532 0.0 135.381 30.463 54.76794482758621 145
260 0 0 0 135.381 30.463 54.704684931506854 146
270 0 0 0 135.381 30.463 54.704684931506854 146
280 0 0 0 135.381 30.463 54.704684931506854 146
290 0 0 0 135.381 30.463 54.704684931506854 146
300 0 0 0 135.381 30.463 54.704684931506854 146
310 0.4 45.71424999999999 7.223223704655701 135.381 30.463 54.704684931506854 146
320 5.4 99.05792592592594 34.60415612206775 221.408 30.463 54.464940000000006 150
330 6.3 132.07158730158733 32.145024068576504 257.278 30.463 66.26896568627453 204
340 1.8 150.7982777777778 21.454048431228696 257.278 30.463 81.79542696629217 267
350 0.1 149.611 0.0 257.278 30.463 86.15350175438599 285
360 0 0 0 257.278 30.463 86.37538111888115 286
370 0 0 0 257.278 30.463 86.37538111888115 286
380 0 0 0 257.278 30.463 86.37538111888115 286
390 0 0 0 257.278 30.463 86.37538111888115 286
400 0 0 0 257.278 30.463 86.37538111888115 286
410 0 0 0 257.278 30.463 86.37538111888115 286
420 0 0 0 257.278 30.463 86.37538111888115 286
430 1 146.61209999999997 50.97124054886246 265.082 30.463 86.37538111888115 286
440 7.7 193.71554545454543 49.844259459110795 331.796 30.463 88.41040540540543 296
450 12.6 266.1949444444442 56.40007338328356 532.361 30.463 110.14900000000002 373
460 3.5 265.43265714285707 38.443946648106376 532.361 30.463 149.55138276553103 499
470 0.2 268.046 30.247000000000007 532.361 30.463 157.1465973782771 534
480 0 0 0 532.361 30.463 157.56040111940297 536
490 0 0 0 532.361 30.463 157.56040111940297 536
500 0 0 0 532.361 30.463 157.56040111940297 536
510 0 0 0 532.361 30.463 157.56040111940297 536
520 0 0 0 532.361 30.463 157.56040111940297 536
530 0 0 0 532.361 30.463 157.56040111940297 536
540 0 0 0 532.361 30.463 157.56040111940297 536
550 9.8 274.0453163265304 73.70319760412983 532.361 30.463 157.56040111940297 536
560 26.4 425.16059469696967 100.62242561185734 1081.96 30.463 175.5659558359621 634
570 16.9 526.5951834319529 96.565871582894 1124.656 30.463 248.94344432071264 898
580 2.5 559.81076 90.9819236342165 1124.656 30.463 292.9201490159325 1067
590 0 0 0 1124.656 30.463 299.03028205128203 1092
600 0 0 0 1124.656 30.463 299.03028205128203 1092
610 0 0 0 1124.656 30.463 299.03028205128203 1092
620 0 0 0 1124.656 30.463 299.03028205128203 1092
630 0 0 0 1124.656 30.463 299.03028205128203 1092
640 0 0 0 1124.656 30.463 299.03028205128203 1092
650 0 0 0 1124.656 30.463 299.03028205128203 1092
660 0 0 0 1124.656 30.463 299.03028205128203 1092
670 2.8 467.60285714285726 77.30366817794159 1124.656 30.463 299.03028205128203 1092
680 36.7 698.0349754768387 178.69071514434575 1394.317 30.463 303.2445964285714 1120
690 54.6 1011.2969358974365 320.94701154439764 2538.289 30.463 400.68109213180884 1487
700 19.1 1046.911565445026 154.73136939165371 2538.289 30.463 564.6733453025087 2033
710 1.6 1138.3020000000001 342.49605041299395 2538.289 30.463 606.0885881294964 2224
720 0.2 925.658 10.500999999999976 2538.289 30.463 609.8901125 2240
730 0 0 0 2538.289 30.463 610.1717966101695 2242
740 0 0 0 2538.289 30.463 610.1717966101695 2242
750 0 0 0 2538.289 30.463 610.1717966101695 2242
760 0 0 0 2538.289 30.463 610.1717966101695 2242
770 0 0 0 2538.289 30.463 610.1717966101695 2242
780 0 0 0 2538.289 30.463 610.1717966101695 2242
782 0 0 0 2538.289 30.463 610.1717966101695 2242
