20 0.2 32.9265 18.1325 51.059 14.794 0 0
30 0.2 39.6415 5.447499999999998 51.059 14.794 32.9265 2
40 0 0 0 51.059 14.794 36.284 4
50 0 0 0 51.059 14.794 36.284 4
60 0 0 0 51.059 14.794 36.284 4
70 0 0 0 51.059 14.794 36.284 4
80 0 0 0 51.059 14.794 36.284 4
90 0 0 0 51.059 14.794 36.284 4
100 0 0 0 51.059 14.794 36.284 4
110 0 0 0 51.059 14.794 36.284 4
120 0.1 13.328 0.0 51.059 13.328 36.284 4
130 0.4 15.26775 2.4803488035959784 51.059 12.908 31.6928 5
140 0.6 17.199833333333334 8.43816313772665 51.059 11.416 24.392777777777777 9
150 0.1 14.122 0.0 51.059 11.416 21.515600000000003 15
160 0 0 0 51.059 11.416 21.053500000000003 16
170 0 0 0 51.059 11.416 21.053500000000003 16
180 0 0 0 51.059 11.416 21.053500000000003 16
190 0 0 0 51.059 11.416 21.053500000000003 16
200 0 0 0 51.059 11.416 21.053500000000003 16
210 0 0 0 51.059 11.416 21.053500000000003 16
220 0.4 12.82125 0.9682784658867513 51.059 11.309 21.053500000000003 16
230 1 24.269800000000004 14.066570092243525 51.059 10.877 19.407050000000005 20
240 0.8 12.505375000000003 1.4082060340642637 51.059 10.24 21.02796666666667 30
250 0 0 0 51.059 10.24 19.23373684210527 38
260 0 0 0 51.059 10.24 19.23373684210527 38
270 0 0 0 51.059 10.24 19.23373684210527 38
280 0 0 0 51.059 10.24 19.23373684210527 38
290 0 0 0 51.059 10.24 19.23373684210527 38
300 0 0 0 51.059 10.24 19.23373684210527 38
310 0 0 0 51.059 10.24 19.23373684210527 38
320 0.9 29.84188888888889 25.84687850675996 102.037 10.24 19.23373684210527 38
330 2.2 27.49331818181818 21.864409572275555 125.782 10.24 21.265085106382983 47
340 1.2 35.230666666666664 27.574450980733754 125.782 10.24 23.25089855072464 69
350 0.1 22.123 0.0 125.782 10.24 25.02567901234568 81
360 0 0 0 125.782 10.24 24.990280487804878 82
370 0 0 0 125.782 10.24 24.990280487804878 82
380 0 0 0 125.782 10.24 24.990280487804878 82
390 0 0 0 125.782 10.24 24.990280487804878 82
400 0 0 0 125.782 10.24 24.990280487804878 82
410 0 0 0 125.782 10.24 24.990280487804878 82
420 0 0 0 125.782 10.24 24.990280487804878 82
430 0.1 21.08 0.0 125.782 10.24 24.990280487804878 82
440 2.1 37.79561904761905 32.747360941254186 139.166 10.24 24.943168674698793 83
450 5.5 36.80079999999999 33.34876196660761 158.573 10.24 27.538375 104
460 1.6 26.486749999999997 6.877550785890279 158.573 10.24 30.742358490566037 159
470 0.3 26.039 3.2956718080941654 158.573 10.24 30.35327428571428 175
480 0 0 0 158.573 10.24 30.280561797752807 178
490 0 0 0 158.573 10.24 30.280561797752807 178
500 0 0 0 158.573 10.24 30.280561797752807 178
510 0 0 0 158.573 10.24 30.280561797752807 178
520 0 0 0 158.573 10.24 30.280561797752807 178
530 0 0 0 158.573 10.24 30.280561797752807 178
540 0 0 0 158.573 10.24 30.280561797752807 178
550 0.8 26.71275 6.591517764331671 158.573 10.24 30.280561797752807 178
560 7.6 38.53843421052634 41.114120368393195 195.728 10.24 30.12710752688172 186
570 6 38.94036666666668 49.30676431585112 207.682 10.24 32.56703435114505 262
580 2 32.89045 48.70465958866255 243.505 10.24 33.75461180124224 322
590 0 0 0 243.505 10.24 33.70407602339182 342
600 0 0 0 243.505 10.24 33.70407602339182 342
610 0 0 0 243.505 10.24 33.70407602339182 342
620 0 0 0 243.505 10.24 33.70407602339182 342
630 0 0 0 243.505 10.24 33.70407602339182 342
640 0 0 0 243.505 10.24 33.70407602339182 342
650 0 0 0 243.505 10.24 33.70407602339182 342
660 0 0 0 243.505 10.24 33.70407602339182 342
670 0.2 37.3845 3.8834999999999997 243.505 10.24 33.70407602339182 342
680 10.5 72.73837142857145 157.53447434177139 1082.134 10.24 33.725473837209314 344
690 17.6 106.26626704545455 253.4393287176534 1243.268 10.24 42.848757238307364 449
700 8.5 50.048705882352955 85.60260476806883 1243.268 10.24 60.70712800000001 625
710 2 30.199850000000005 11.707482471799818 1243.268 10.24 59.43111971830987 710
720 0.3 26.593333333333334 2.555469993736746 1243.268 10.24 58.630263013698645 730
730 0 0 0 1243.268 10.24 58.49914324693044 733
740 0 0 0 1243.268 10.24 58.49914324693044 733
750 0 0 0 1243.268 10.24 58.49914324693044 733
760 0 0 0 1243.268 10.24 58.49914324693044 733
770 0 0 0 1243.268 10.24 58.49914324693044 733
780 0 0 0 1243.268 10.24 58.49914324693044 733
782 0 0 0 1243.268 10.24 58.49914324693044 733
