0 15 15
10 19 22
20 12 22
30 7 22
40 7 22
50 7 22
60 7 22
70 5 22
80 2 22
90 1 22
100 1 22
110 24 24
120 57 59
130 32 59
140 20 59
150 18 59
160 18 59
170 17 59
180 14 59
190 6 59
200 1 59
210 67 67
220 87 106
230 46 106
240 26 106
250 20 106
260 20 106
270 20 106
280 17 106
290 6 106
300 1 106
310 140 140
320 187 215
330 115 215
340 80 215
350 75 215
360 75 215
370 73 215
380 56 215
390 16 215
400 3 215
410 1 215
420 0 215
430 260 260
440 389 437
450 247 437
460 174 437
470 152 437
480 151 437
490 149 437
500 107 437
510 30 437
520 5 437
530 2 437
540 226 437
550 745 745
560 571 787
570 391 787
580 341 787
590 316 787
600 277 787
610 243 787
620 120 787
630 32 787
640 3 787
650 2 787
660 0 787
670 1114 1114
680 1594 1750
690 1027 1750
700 778 1750
710 745 1750
720 741 1750
730 738 1750
740 623 1750
750 260 1750
760 60 1750
770 7 1750
780 0 1750
782 0 1750
