0 2.3 3.180608695652175 5.75201848684163 26.974 1.088 0 0
10 0.7 5.979 11.230777405988293 33.478 1.088 3.180608695652175 23
20 0 0 0 33.478 1.088 3.833566666666668 30
30 0 0 0 33.478 1.088 3.833566666666668 30
40 1.2 7.356250000000002 11.033305511986574 33.478 1.088 3.833566666666668 30
50 3.7 2.1966756756756753 4.91571046281951 33.478 1.001 4.84004761904762 42
60 0.7 1.278857142857143 0.20076740527388445 33.478 1.001 3.6020126582278476 79
70 0 0 0 33.478 1.001 3.4129186046511624 86
80 0 0 0 33.478 1.001 3.4129186046511624 86
90 2.9 10.836310344827586 38.77593575660345 210.874 1.001 3.4129186046511624 86
100 8.3 2.581397590361447 5.187239470455325 210.874 1.001 5.284904347826086 115
110 0.8 1.61675 0.6860214555682642 210.874 1.001 4.151616161616161 198
120 0 0 0 210.874 1.001 4.053174757281552 206
130 0 0 0 210.874 1.001 4.053174757281552 206
140 0 0 0 210.874 1.001 4.053174757281552 206
150 6.7 2.4032388059701493 4.95060107639452 210.874 1.001 4.053174757281552 206
160 15 2.4520933333333326 4.272376344762817 210.874 0.976 3.6482454212454205 273
170 1.4 3.8575714285714287 6.935540876160847 210.874 0.976 3.2240780141843963 423
180 0 0 0 210.874 0.976 3.24437299771167 437
190 0 0 0 210.874 0.976 3.24437299771167 437
200 28.7 3.0243101045296195 5.311766774783024 210.874 0.806 3.24437299771167 437
210 19.3 34.799917098445576 63.46101833844704 242.567 0.806 3.157138121546962 724
220 0 0 0 242.567 0.806 9.816959651035983 917
230 0 0 0 242.567 0.806 9.816959651035983 917
240 0 0 0 242.567 0.806 9.816959651035983 917
250 0 0 0 242.567 0.806 9.816959651035983 917
251 0 0 0 242.567 0.806 9.816959651035983 917
