0 0.1 0.7490683462443586 0 0.7490683462443586 0.7490683462443586 0 0
10 0.1 0.400200100050025 0.0 0.7490683462443586 0.400200100050025 0.7490683462443586 1
20 0.1 0.8495752123938031 0.0 0.8495752123938031 0.400200100050025 0.5746342231471918 2
30 0.1 0.35035035035035034 0.0 0.8495752123938031 0.35035035035035034 0.6662812195627289 3
40 0.1 0.14992503748125938 0.0 0.8495752123938031 0.14992503748125938 0.5872985022596342 4
50 0.1 0.20020020020020018 0.0 0.8495752123938031 0.14992503748125938 0.49982380930395925 5
60 0.1 1.5507753876938468 0.0 1.5507753876938468 0.14992503748125938 0.44988654111999943 6
70 0.1 1.6032064128256511 0.0 1.6032064128256511 0.14992503748125938 0.6071563763448348 7
80 0.1 0.7992007992007992 0.0 1.6032064128256511 0.14992503748125938 0.7316626309049368 8
90 0.1 0.40040040040040037 0.0 1.6032064128256511 0.14992503748125938 0.7391668718266993 9
100 0.1 0.3498250874562719 0.0 1.6032064128256511 0.14992503748125938 0.7052902246840693 10
110 0.1 4.554455445544554 0.0 4.554455445544554 0.14992503748125938 0.672975212208815 11
120 0.1 4.927824788451966 0.0 4.927824788451966 0.14992503748125938 0.9964318983201266 12
130 0.1 1.05 0.0 4.927824788451966 0.14992503748125938 1.2988467360225757 13
140 0.1 0.14992503748125938 0.0 4.927824788451966 0.14992503748125938 1.2810719691638204 14
150 0.1 0.798004987531172 0.0 4.927824788451966 0.14992503748125938 1.2056621737183164 15
160 0.1 1.5037593984962405 0.0 4.927824788451966 0.14992503748125938 1.18018359958162 16
170 0.1 10.258964143426295 0.0 10.258964143426295 0.14992503748125938 1.1992174701060092 17
180 0.1 10.149253731343283 0.0 10.258964143426295 0.14992503748125938 1.7025367297349139 18
190 0.1 3.4448327508736893 0.0 10.258964143426295 0.14992503748125938 2.147100782451144 19
200 0.1 0.95 0.0 10.258964143426295 0.14992503748125938 2.2119873808722708 20
210 0.1 9.44527736131934 0.0 10.258964143426295 0.14992503748125938 2.151892743687877 21
220 0.1 21.51454363089268 0.0 21.51454363089268 0.14992503748125938 2.4834102263074893 22
230 0.1 15.104685942173479 0.0 21.51454363089268 0.14992503748125938 3.3108508091155406 23
240 0.1 3.5235732009925558 0.0 21.51454363089268 0.14992503748125938 3.802260606326288 24
250 0.1 1.898101898101898 0.0 21.51454363089268 0.14992503748125938 3.791113110112939 25
251 0.1 0.1998001998001998 0.0 21.51454363089268 0.14992503748125938 3.7183049865740525 26
