0 6.1 138.09485245901647 128.49382544479423 752.691 7.102 0 0
10 13.9 144.0946187050359 191.22952738849906 829.825 6.69 138.09485245901647 61
20 5.1 171.84252941176473 255.2132104516407 829.825 6.69 142.26468999999997 200
30 0.9 210.50366666666665 306.98354307827134 845.964 6.69 148.27452988047804 251
40 2.4 68.60962500000001 59.28842793975658 845.964 6.69 150.42861538461537 260
50 18.9 112.10129100529103 164.1839620223278 845.964 5.894 143.51433450704224 284
60 19.6 176.53416836734678 248.4431125185919 845.964 5.894 130.96239957716702 473
70 7.2 199.79312499999992 268.953649429235 845.964 5.894 144.3137698056801 669
80 1.5 210.62753333333333 287.2670803708323 845.964 5.894 149.7044763832658 741
90 4.8 93.93327083333331 114.69885809710931 845.964 5.455 150.91326719576716 756
100 37.5 103.26102399999998 152.96159939147066 845.964 5.301 147.51147636815918 804
110 44.7 153.81823266219232 238.53815012705067 899.962 5.301 133.43690500424086 1179
120 16.4 191.43509146341458 287.22940892068226 1001.323 5.301 139.03988991389912 1626
130 1.7 198.30517647058824 258.5431256438174 1001.323 5.301 143.84034413407818 1790
140 0.2 33.718 0.7919999999999963 1001.323 5.301 144.35274156059762 1807
150 13.1 87.90557251908396 72.59412555534716 1001.323 5.248 144.23042564953005 1809
160 82.8 128.50954227053134 205.8042244616771 1110.162 4.843 140.4270463917525 1940
170 79.5 214.9994540880504 352.52613356568486 1437.983 4.843 136.86212825144503 2768
180 25.7 298.19895330739314 419.1789121509111 1513.118 4.843 154.29664243614928 3563
190 2.3 298.1907826086956 344.58129239209273 1513.118 4.843 163.9780282722513 3820
200 83.6 120.06519258373211 139.90944722168692 1513.118 4.843 164.78127920895133 3843
210 193.2 199.7046283643894 338.8490538472685 2505.767 4.843 156.79182667236591 4679
220 115.2 360.744776041666 573.3558740595118 2671.864 4.843 169.3326726667676 6611
230 26.4 278.0928409090909 514.5450715791783 2671.864 4.843 197.73750882390829 7763
240 4.2 261.7455238095237 628.4550324432146 2925.125 4.843 200.38031531082595 8027
250 0.7 59.34342857142857 36.58464661129679 2925.125 4.843 200.6997277233858 8069
251 0 0 0 2925.125 4.843 200.57720492818225 8076
