10 0.1 334 0 334 334 0 0
20 0.1 527.0 0.0 527 334 334.0 1
30 0.1 173.0 0.0 527 173 430.5 2
40 0.1 31.0 0.0 527 31 344.6666666666667 3
50 0.1 160.0 0.0 527 31 266.25 4
60 0.1 836.0 0.0 836 31 245.0 5
70 0.1 716.0 0.0 836 31 343.5 6
80 0.1 302.0 0.0 836 31 396.7142857142857 7
90 0.1 276.0 0.0 836 31 384.875 8
100 0.1 535.0 0.0 836 31 372.77777777777777 9
110 0.1 2095.0 0.0 2095 31 389.0 10
120 0.1 1676.0 0.0 2095 31 544.0909090909091 11
130 0.1 611.0 0.0 2095 31 638.4166666666666 12
140 0.1 71.0 0.0 2095 31 636.3076923076923 13
150 0.1 315.0 0.0 2095 31 595.9285714285714 14
160 0.1 1414.0 0.0 2095 31 577.2 15
170 0.1 4204.0 0.0 4204 31 629.5 16
180 0.1 3238.0 0.0 4204 31 839.7647058823529 17
190 0.1 1303.0 0.0 4204 31 973.0 18
200 0.1 608.0 0.0 4204 31 990.3684210526316 19
210 0.1 5074.0 0.0 5074 31 971.25 20
220 0.1 8746.0 0.0 8746 31 1166.6190476190477 21
230 0.1 5310.0 0.0 8746 31 1511.1363636363637 22
240 0.1 1439.0 0.0 8746 31 1676.304347826087 23
250 0.1 815.0 0.0 8746 31 1666.4166666666667 24
251 0.1 44.0 0.0 8746 31 1632.36 25
