10 0.8 11111.598 2386.420249066162 15092.841 8150.952 0 0
20 1.7 16105.953647058823 3587.9432201622467 25010.008 8150.952 11111.598 8
30 0.4 24263.879 2000.2912906490633 26311.99 8150.952 14507.759839999999 25
40 0.1 34546.939 0.0 34546.939 8150.952 15853.431448275862 29
50 0.4 8916.48425 2575.3716936908713 34546.939 5616.966 16476.548366666666 30
60 2.5 14655.13 2864.292073060204 34546.939 5616.966 15587.12905882353 34
70 1.9 17911.766315789475 4499.384704631267 34546.939 5616.966 15192.21420338983 59
80 0.5 26055.719999999998 1629.2427289891477 34546.939 5616.966 15854.669205128206 78
90 0.3 31517.164333333334 1979.350563875659 34546.939 5616.966 16469.1903373494 83
100 0.6 9336.879666666666 2591.6174160400733 34546.939 5616.966 16994.1196627907 86
110 5 13843.848700000004 3590.088897773425 34546.939 5616.966 16494.734445652175 92
120 5.1 18949.821509803918 3819.438211487589 34546.939 5616.966 15561.323971830987 142
130 1.1 25723.907909090907 3384.4299383145867 34546.939 5616.966 16456.73005699482 193
140 0.1 42508.718 0.0 42508.718 5616.966 16956.430823529412 204
150 0.1 43269.485 0.0 43269.485 5616.966 17081.07612682927 205
160 1.7 9114.779941176468 1773.0671730647834 43269.485 5616.966 17208.204325242717 206
170 10.6 14507.770028301884 3244.1531055130645 43269.485 5616.966 16591.216816143497 223
180 8.8 18691.603761363636 3993.832206499172 43269.485 5616.966 15919.954325227962 329
190 2 25033.3989 3317.819958646234 43269.485 5616.966 16504.858762589927 417
200 0.1 7324.352 0.0 43269.485 5616.966 16895.180965675056 437
210 9.5 11836.286168421057 3083.995482448079 43269.485 5616.966 16873.329757990865 438
220 23.3 16645.169746781106 3865.213307563522 43269.485 5616.966 15975.5452532833 533
230 12.1 22849.771966942142 4281.4894778542375 43269.485 5616.966 16179.229988250649 766
240 2.6 32072.192346153843 3265.087032294852 43269.485 5616.966 17089.1911826381 887
250 0.4 43187.78525 4959.702157382709 47226.114 5616.966 17515.87029572836 913
251 0 0 0 47226.114 5616.966 17627.852476553973 917
