0 0.7 2017.636857142857 628.8731780513525 3140.037 1311.654 0 0
10 2.2 4287.941227272727 2455.76482480763 8328.128 1009.372 2017.636857142857 7
20 0.1 6666.821 0.0 8328.128 1009.372 3739.936724137931 29
30 0 0 0 8328.128 1009.372 3837.499533333333 30
40 0.1 2165.429 0.0 8328.128 1009.372 3837.499533333333 30
50 3 3167.1784666666663 1664.932300145479 8328.128 328.36 3783.561774193548 31
60 2.1 5066.987428571428 2143.57451172945 8356.568 328.36 3480.4224426229503 61
70 0.4 9948.6165 618.9095828012767 10451.892 328.36 3886.7378658536577 82
80 0 0 0 10451.892 328.36 4168.685709302325 86
90 0.2 1634.027 696.7449999999999 10451.892 328.36 4168.685709302325 86
100 5.9 3202.043186440678 1780.3865007915927 10451.892 328.36 4111.079829545454 88
110 5.5 4594.547436363638 2465.781729730061 10649.126 328.36 3746.2283877551017 147
120 0.4 7190.64725 2605.103071272169 10724.198 328.36 3977.2063465346537 202
130 0 0 0 10724.198 328.36 4039.603257281554 206
140 0 0 0 10724.198 328.36 4039.603257281554 206
150 0.9 1679.2307777777778 817.1132649206498 10724.198 287.194 4039.603257281554 206
160 12.9 3485.5165116279063 2026.227590748721 10724.198 287.194 3940.796967441861 215
170 9.2 5229.713260869566 2927.8138148446515 15542.869 287.194 3770.066796511628 344
180 0.1 13132.499 0.0 15542.869 287.194 4078.06559174312 436
190 0 0 0 15542.869 287.194 4098.785118993135 437
200 11.2 2675.2831785714275 1530.2453959606169 15542.869 241.003 4098.785118993135 437
210 29.8 4107.608261744965 2579.1699808857165 15542.869 241.003 3808.3803515482696 549
220 6.9 7253.717971014494 3551.7828391933376 17420.843 241.003 3913.6577036599756 847
230 0.1 13711.208 0.0 17420.843 241.003 4165.256129912663 916
240 0 0 0 17420.843 241.003 4175.666110141766 917
250 0 0 0 17420.843 241.003 4175.666110141766 917
251 0 0 0 17420.843 241.003 4175.666110141766 917
