10 0.1 138.137 0 138.137 138.137 0 0
20 0 0 0 138.137 138.137 138.137 1
30 0 0 0 138.137 138.137 138.137 1
40 0.2 149.589 13.923000000000002 163.512 135.666 138.137 1
50 0.4 116.017 13.297766034187847 163.512 94.492 145.77166666666668 3
60 0.2 98.9365 9.8275 163.512 89.109 128.769 7
70 0 0 0 163.512 89.109 122.13955555555556 9
80 0 0 0 163.512 89.109 122.13955555555556 9
90 0.1 133.86 0.0 163.512 89.109 122.13955555555556 9
100 0.5 122.2646 18.10214045465342 163.512 89.109 123.3116 10
110 0.2 109.2895 0.7305000000000028 163.512 89.109 122.9626 15
120 0 0 0 163.512 89.109 121.354 17
130 0 0 0 163.512 89.109 121.354 17
140 0 0 0 163.512 89.109 121.354 17
150 0.8 161.586375 18.513119145200115 185.279 89.109 121.354 17
160 1.6 143.5905 11.509461151591763 185.279 89.109 134.22835999999998 25
170 0.1 157.591 0.0 185.279 89.109 137.88187804878046 41
180 0 0 0 185.279 89.109 138.35114285714286 42
190 0 0 0 185.279 89.109 138.35114285714286 42
200 2.5 228.54379999999998 40.7752743853429 320.783 89.109 138.35114285714286 42
210 2.6 284.9313076923076 88.4777458533497 483.134 89.109 172.0051194029851 67
220 0 0 0 483.134 89.109 203.5758817204301 93
230 0 0 0 483.134 89.109 203.5758817204301 93
240 0 0 0 483.134 89.109 203.5758817204301 93
250 0 0 0 483.134 89.109 203.5758817204301 93
251 0 0 0 483.134 89.109 203.5758817204301 93
