20 0.1 13.173 0 13.173 13.173 0 0
30 0 0 0 13.173 13.173 13.173 1
40 0 0 0 13.173 13.173 13.173 1
50 0 0 0 13.173 13.173 13.173 1
60 0.5 12.006400000000003 1.1402881390245196 13.342 10.334 13.173 1
70 0 0 0 13.342 10.334 12.200833333333335 6
80 0 0 0 13.342 10.334 12.200833333333335 6
90 0 0 0 13.342 10.334 12.200833333333335 6
100 0 0 0 13.342 10.334 12.200833333333335 6
110 0.7 10.474714285714285 0.5039503133914559 13.342 9.454 12.200833333333335 6
120 0.4 11.591000000000001 1.6508296399083702 14.361 9.454 11.271384615384617 13
130 0 0 0 14.361 9.454 11.346588235294119 17
140 0 0 0 14.361 9.454 11.346588235294119 17
150 0 0 0 14.361 9.454 11.346588235294119 17
160 0.7 13.934428571428572 7.110831533796931 31.013 9.454 11.346588235294119 17
170 1.5 12.241266666666663 4.695129028637609 31.013 8.979 12.101375000000003 24
180 0.3 10.564333333333332 0.881236378933347 31.013 8.979 12.155179487179488 39
190 0 0 0 31.013 8.979 12.04154761904762 42
200 0.3 13.258000000000001 3.4878535901993737 31.013 8.48 12.04154761904762 42
210 2.2 10.600090909090909 2.1967334407973476 31.013 8.449 12.122644444444445 45
220 2.4 10.539416666666666 1.548096140335677 31.013 8.449 11.622701492537313 67
230 0.2 12.026 1.8349999999999995 31.013 8.449 11.337 91
240 0 0 0 31.013 8.449 11.351817204301073 93
250 0 0 0 31.013 8.449 11.351817204301073 93
251 0 0 0 31.013 8.449 11.351817204301073 93
