20 0.1 14.184 0 14.184 14.184 0 0
30 0 0 0 14.184 14.184 14.184 1
40 0 0 0 14.184 14.184 14.184 1
50 0 0 0 14.184 14.184 14.184 1
60 0.4 9.4375 0.682316825235902 14.184 8.302 14.184 1
70 0.1 8.297 0.0 14.184 8.297 10.3868 5
80 0 0 0 14.184 8.297 10.038499999999999 6
90 0 0 0 14.184 8.297 10.038499999999999 6
100 0 0 0 14.184 8.297 10.038499999999999 6
110 0.7 8.358285714285714 1.1202708491745215 14.184 6.075 10.038499999999999 6
120 0.4 8.67475 1.0515981587564711 14.184 6.075 9.13376923076923 13
130 0 0 0 14.184 6.075 9.025764705882352 17
140 0 0 0 14.184 6.075 9.025764705882352 17
150 0 0 0 14.184 6.075 9.025764705882352 17
160 0.5 9.0182 1.4033175549390098 14.184 6.075 9.025764705882352 17
170 1.4 11.354571428571429 4.594277958415629 20.488 6.075 9.024045454545455 22
180 0.6 9.744333333333334 4.879170034157676 20.522 6.075 9.930361111111111 36
190 0 0 0 20.522 6.075 9.903785714285714 42
200 0.3 7.13 0.7245140900401223 20.522 6.075 9.903785714285714 42
210 1.3 9.761153846153846 5.06709011998244 26.625 6.075 9.718866666666667 45
220 3 9.567833333333335 3.83365419309335 26.625 6.075 9.728344827586207 58
230 0.5 7.141 0.9666062279956609 26.625 6.075 9.673625 88
240 0 0 0 26.625 6.075 9.537462365591399 93
250 0 0 0 26.625 6.075 9.537462365591399 93
251 0 0 0 26.625 6.075 9.537462365591399 93
