0 0.1 554.812 0 554.812 554.812 0 0
10 1 466.31319999999994 36.21734873178875 558.424 425.74 554.812 1
20 0.1 412.314 0.0 558.424 412.314 474.35854545454544 11
30 0 0 0 558.424 412.314 469.18816666666663 12
40 0 0 0 558.424 412.314 469.18816666666663 12
50 0.5 443.1522 21.044234891295037 558.424 405.651 469.18816666666663 12
60 0.6 420.59183333333334 26.70132511953085 558.424 396.777 461.53052941176475 17
70 0.3 444.0943333333333 46.4720480958417 558.424 396.777 450.85086956521735 23
80 0 0 0 558.424 396.777 450.0712692307692 26
90 0 0 0 558.424 396.777 450.0712692307692 26
100 0.7 393.14399999999995 27.811627455333955 558.424 362.196 450.0712692307692 26
110 2.6 393.3940769230769 28.416899891712706 558.424 351.527 437.99578787878784 33
120 1 425.1232 30.84131065567738 558.424 351.527 418.34079661016943 59
130 0.1 471.976 0.0 558.424 351.527 419.32375362318834 69
140 0 0 0 558.424 351.527 420.0759285714285 70
150 0 0 0 558.424 351.527 420.0759285714285 70
160 2.3 385.39108695652175 21.953125103695964 558.424 341.838 420.0759285714285 70
170 2.6 389.9308461538461 22.48840685894078 558.424 341.838 411.4979569892473 93
180 1.2 417.83833333333337 26.322390124927654 558.424 341.838 406.78581512605035 119
190 0 0 0 558.424 341.838 407.7982595419847 131
200 1 397.05039999999997 46.462252692266205 558.424 341.838 407.7982595419847 131
210 6.9 427.4929130434781 58.88708555786816 653.792 341.838 407.03599999999994 141
220 6.4 427.7116562500001 42.89453399808754 653.792 341.838 413.7575571428571 210
230 0.7 423.96742857142857 23.75939497099527 653.792 341.838 417.016908759124 274
240 0.1 491.51 0.0 653.792 341.838 417.19005338078284 281
250 0 0 0 653.792 341.838 417.45359929078006 282
251 0 0 0 653.792 341.838 417.45359929078006 282
