0 0.1 778.873 0 778.873 778.873 0 0
10 0.4 702.81575 5.874545487737692 778.873 693.109 778.873 1
20 0.2 692.0445 26.773500000000013 778.873 665.271 718.0272 5
30 0 0 0 778.873 665.271 710.6035714285715 7
40 0 0 0 778.873 665.271 710.6035714285715 7
50 0.5 721.0409999999999 39.93168447736707 798.802 665.271 710.6035714285715 7
60 1.2 699.6914166666667 15.126088371080014 798.802 665.271 714.9525 12
70 0.3 696.245 3.9676482538988895 798.802 665.271 707.3219583333333 24
80 0 0 0 798.802 665.271 706.0911851851852 27
90 0 0 0 798.802 665.271 706.0911851851852 27
100 1 711.1653 32.40571412590681 798.802 665.271 706.0911851851852 27
110 1.9 771.8237368421054 52.506947866917294 864.004 665.271 707.4625675675675 37
120 0.2 717.442 37.480999999999995 864.004 665.271 729.299392857143 56
130 0 0 0 864.004 665.271 728.8905172413794 58
140 0 0 0 864.004 665.271 728.8905172413794 58
150 0 0 0 864.004 665.271 728.8905172413794 58
160 3.1 828.6939354838707 113.83901530866943 1035.623 665.271 728.8905172413794 58
170 3.4 977.7766470588236 87.74443115457603 1169.118 665.271 763.6535056179775 89
180 0.9 980.8102222222221 90.61306078262152 1169.118 665.271 822.8420162601626 123
190 0 0 0 1169.118 665.271 833.6125757575758 132
200 1.3 853.5986923076924 122.1096858933895 1169.118 665.271 833.6125757575758 132
210 6.9 1131.605043478261 136.00999628186273 1406.273 665.271 835.4044344827586 145
220 5.6 1250.5810714285712 122.84794040483206 1537.454 665.271 930.9083691588785 214
230 0.2 926.3725 152.09949999999995 1537.454 665.271 997.2108555555554 270
240 0 0 0 1537.454 665.271 996.6899852941176 272
250 0 0 0 1537.454 665.271 996.6899852941176 272
251 0 0 0 1537.454 665.271 996.6899852941176 272
