0 0.1 59.478 0 59.478 59.478 0 0
10 0.4 35.05525 9.633642389434021 59.478 24.636 59.478 1
20 0.2 47.6075 6.597499999999998 59.478 24.636 39.939800000000005 5
30 0 0 0 59.478 24.636 42.13057142857143 7
40 0 0 0 59.478 24.636 42.13057142857143 7
50 0.5 26.0022 8.95411912808848 59.478 15.265 42.13057142857143 7
60 1.2 21.980833333333333 6.34303680993751 59.478 15.265 35.41041666666666 12
70 0.3 17.16433333333333 0.8721239718195012 59.478 15.265 28.695624999999996 24
80 0 0 0 59.478 15.265 27.414370370370367 27
90 0 0 0 59.478 15.265 27.414370370370367 27
100 1 20.0212 6.246176187076378 59.478 14.547 27.414370370370367 27
110 1.9 17.46315789473685 4.605824850557891 59.478 13.576 25.416216216216213 37
120 0.2 15.393 0.9989999999999992 59.478 13.576 22.717857142857145 56
130 0 0 0 59.478 13.576 22.465275862068967 58
140 0 0 0 59.478 13.576 22.465275862068967 58
150 0 0 0 59.478 13.576 22.465275862068967 58
160 3.1 17.037225806451616 6.401935532470995 59.478 12.971 22.465275862068967 58
170 3.4 19.881176470588237 20.10042448552443 133.085 12.971 20.57460674157304 89
180 0.9 16.030888888888892 2.890593189581392 133.085 12.971 20.382926829268296 123
190 0 0 0 133.085 12.971 20.086196969696974 132
200 1.3 16.99776923076923 4.254496628524952 133.085 12.971 20.086196969696974 132
210 6.9 15.96495652173913 2.822762001471293 133.085 12.663 19.809303448275866 145
220 5.6 16.467321428571427 4.322747502238855 133.085 12.663 18.569771028037387 214
230 0.2 14.8275 0.9384999999999999 133.085 12.663 18.13370740740741 270
240 0 0 0 133.085 12.663 18.109397058823532 272
250 0 0 0 133.085 12.663 18.109397058823532 272
251 0 0 0 133.085 12.663 18.109397058823532 272
