10 0.5 758.9093999999999 51.28154824729844 846.773 713.912 0 0
20 0.7 715.9964285714286 37.10090981886776 846.773 673.602 758.9093999999999 5
30 0.2 787.9465 71.40449999999998 859.351 673.602 733.8768333333334 12
40 0 0 0 859.351 673.602 741.6010714285715 14
50 0.5 703.6081999999999 23.680930441179914 859.351 668.965 741.6010714285715 14
60 1.9 723.5053157894736 30.768165159279427 859.351 668.965 731.602947368421 19
70 1.2 703.0965833333333 11.018282673646969 859.351 668.965 727.5541315789474 38
80 0.3 730.3626666666665 11.356734634372497 859.351 668.965 721.68432 50
90 0.1 717.255 0.0 859.351 668.965 722.1755471698114 53
100 0.7 745.2348571428573 45.87899060238651 859.351 668.965 722.084425925926 54
110 2.9 786.9392068965518 53.38760787917585 913.333 668.965 724.7410327868853 61
120 2.3 763.8924782608697 47.05022523059299 913.333 668.965 744.7826666666667 90
130 0.3 703.5939999999999 6.820590003804664 913.333 668.965 748.6722743362832 113
140 0 0 0 913.333 668.965 747.5064568965519 116
150 0 0 0 913.333 668.965 747.5064568965519 116
160 1.8 892.714 110.8389256684371 1073.043 668.965 747.5064568965519 116
170 7.1 990.5825774647881 88.2928606945334 1275.669 668.965 767.011947761194 134
180 5.1 930.9324705882352 121.46870783018721 1275.669 668.965 844.4437268292681 205
190 0.8 770.201625 36.86544061155886 1275.669 668.965 861.6739062499998 256
200 0.3 774.84 64.74353281988867 1275.669 668.965 858.9020189393939 264
210 8.1 1210.807024691358 155.73568529560976 1744.213 668.965 857.957501872659 267
220 14.6 1248.9665547945203 113.75569336840465 1744.213 668.965 940.0862701149425 348
230 4.6 911.8987608695652 125.88817937777762 1744.213 668.965 1031.3747753036437 494
240 0.4 772.54125 51.76628763671867 1744.213 668.965 1021.1971888888888 540
250 0 0 0 1744.213 668.965 1019.3688363970588 544
251 0 0 0 1744.213 668.965 1019.3688363970588 544
