0 0.6 135.0691666666667 30.584729699730154 172.909 92.658 0 0
10 1.9 118.09368421052632 28.305541945838904 177.011 74.741 135.0691666666667 6
20 0.5 112.484 14.412305367289443 177.011 74.741 122.16780000000003 25
30 0 0 0 177.011 74.741 120.55383333333336 30
40 0.1 127.565 0.0 177.011 74.741 120.55383333333336 30
50 2.4 107.05095833333331 8.946225202467456 177.011 74.741 120.78000000000003 31
60 2.3 110.71534782608694 12.986775596765971 177.011 74.741 114.78914545454546 55
70 0.8 116.12400000000001 7.261428681740255 177.011 74.741 113.58789743589743 78
80 0 0 0 177.011 74.741 113.82381395348837 86
90 0 0 0 177.011 74.741 113.82381395348837 86
100 4.3 117.88439534883717 13.368019776716213 177.011 74.741 113.82381395348837 86
110 6.6 122.58759090909089 19.829869260237174 243.851 74.741 115.17734108527131 129
120 1 140.9623 13.86220742198009 243.851 74.741 117.68542564102562 195
130 0.1 159.2 0.0 243.851 74.741 118.82088292682924 205
140 0 0 0 243.851 74.741 119.01689805825241 206
150 0.1 174.648 0.0 243.851 74.741 119.01689805825241 206
160 10.8 142.88684259259267 16.537878372347404 269.655 74.741 119.28564734299516 207
170 11.3 166.18510619469032 21.61692932045066 281.433 74.741 127.37748571428573 315
180 0.9 213.4547777777778 26.429741978720273 281.433 74.741 137.6234228971963 428
190 0 0 0 281.433 74.741 139.18516704805495 437
200 7.1 202.5106056338028 22.154345622408957 281.433 74.741 139.18516704805495 437
210 27.7 250.1386859205775 56.620953984686736 598.928 74.741 148.0357696850394 508
220 12.7 302.6096929133858 49.803680121353516 598.928 74.741 184.06444203821655 785
230 0.4 343.77775 53.134936526615896 598.928 74.741 200.57238815789472 912
240 0.1 336.633 0.0 598.928 74.741 201.1977390829694 916
250 0 0 0 598.928 74.741 201.34543293347872 917
251 0 0 0 598.928 74.741 201.34543293347872 917
