0 0.1 0.07081903930631342 0 0.07081903930631342 0.07081903930631342 0 0
10 0.1 0.0020820970881872225 0.0 0.07081903930631342 0.0020820970881872225 0.07081903930631342 1
20 0.1 0.008327868169846871 0.0 0.07081903930631342 0.0020820970881872225 0.03645056819725032 2
30 0.1 0.00832838835274889 0.0 0.07081903930631342 0.0020820970881872225 0.027076334854782506 3
40 0.1 0.004164714456765058 0.0 0.07081903930631342 0.0020820970881872225 0.022389348229274103 4
50 0.1 0.03019229367731726 0.0 0.07081903930631342 0.0020820970881872225 0.018744421474772295 5
60 0.1 0.021865206209718564 0.0 0.07081903930631342 0.0020820970881872225 0.020652400175196456 6
70 0.1 0.00936855911560802 0.0 0.07081903930631342 0.0020820970881872225 0.020825658180128187 7
80 0.1 0.005206055683971596 0.0 0.07081903930631342 0.0020820970881872225 0.019393520797063166 8
90 0.1 0.061421224676757785 0.0 0.07081903930631342 0.0020820970881872225 0.017817135784497437 9
100 0.1 0.06769141048071316 0.0 0.07081903930631342 0.0020820970881872225 0.022177544673723473 10
110 0.1 0.022903544844099736 0.0 0.07081903930631342 0.0020820970881872225 0.026315168837995263 11
120 0.1 0.0031232756915452924 0.0 0.07081903930631342 0.0020820970881872225 0.02603086683850397 12
130 0.1 0.003123340725239717 0.0 0.07081903930631342 0.0020820970881872225 0.024268744442584072 13
140 0.1 0.09373925904323463 0.0 0.09373925904323463 0.0020820970881872225 0.022758358462773763 14
150 0.1 0.19789811371850557 0.0 0.19789811371850557 0.0020820970881872225 0.027490418501471152 15
160 0.1 0.07288553846794597 0.0 0.19789811371850557 0.0020820970881872225 0.038140899452535806 16
170 0.1 0.01874199560604325 0.0 0.19789811371850557 0.0020820970881872225 0.040184701747559934 17
180 0.1 0.014573465882475406 0.0 0.19789811371850557 0.0020820970881872225 0.03899344029525345 18
190 0.1 0.22617124394184168 0.0 0.22617124394184168 0.0020820970881872225 0.037708178484054604 19
200 0.1 0.4158112487885199 0.0 0.4158112487885199 0.0020820970881872225 0.047131331756943964 20
210 0.1 0.1697633727712048 0.0 0.4158112487885199 0.0020820970881872225 0.0646875182822571 21
220 0.1 0.022904975585378295 0.0 0.4158112487885199 0.0020820970881872225 0.06946369348630017 22
230 0.1 0.053099003612814555 0.0 0.4158112487885199 0.0020820970881872225 0.0674394014036514 23
240 0.1 0.45146962224608744 0.0 0.45146962224608744 0.0020820970881872225 0.0668418848290332 24
250 0.1 0.6674871195844893 0.0 0.6674871195844893 0.0020820970881872225 0.08222699432571537 25
260 0.1 0.36260953829802756 0.0 0.6674871195844893 0.0020820970881872225 0.10473699914336052 26
270 0.1 0.062464863514273224 0.0 0.6674871195844893 0.0020820970881872225 0.1142878339268667 27
280 0.1 0.01561832967170271 0.0 0.6674871195844893 0.0020820970881872225 0.11243701355498836 28
284 0.1 0.0041641508255429015 0.0 0.6674871195844893 0.0020820970881872225 0.10909843824866818 29
