10 0.4 13549.810250000002 1332.1951506887747 15464.357 12097.467 0 0
20 1.3 16587.80269230769 4839.894818349392 23165.569 8501.68 13549.810250000002 4
30 0.6 20991.0065 4164.373587049067 26246.04 8501.68 15872.980941176469 17
40 0.6 7833.116166666667 1197.2867368520397 26246.04 6637.338 17208.11804347826 23
50 2.5 11078.7656 3214.153406048902 26246.04 4582.367 15268.46248275862 29
60 2 15714.914550000005 4339.462253613682 26246.04 4582.367 13328.787999999999 54
70 0.4 22123.42625 4485.479544318219 29100.976 4582.367 13973.687067567567 74
80 0.3 7165.141333333333 1321.5911815427476 29100.976 4582.367 14391.62241025641 78
90 5.8 12242.156137931037 3677.2367282709397 29100.976 4264.692 14123.974962962964 81
100 4.5 17547.296111111107 3964.336585385741 29100.976 4264.692 13338.755597122303 139
110 1 23600.3532 3038.124351433982 29100.976 4264.692 14368.018222826087 184
120 0.4 31671.829 2339.181208492515 34347.482 4264.692 14843.911778350517 194
130 0.8 7251.143000000001 1693.5636696506272 34347.482 4264.692 15183.869702020203 198
140 9.7 11892.083226804134 3173.9024440825547 34347.482 4264.692 14875.802645631069 206
150 10.1 17202.363000000005 4090.1860335733063 34347.482 4264.692 13920.61854125413 303
160 2.7 24919.079629629625 3954.7271303398156 34347.482 4264.692 14741.0546559406 404
170 0.2 34236.5945 212.5645000000004 34449.159 4264.692 15378.657148491886 431
180 1.8 7693.981333333333 1698.7439317113426 34449.159 2924.975 15465.760785219405 433
190 17.1 11806.530678362577 3148.688351883451 34449.159 2924.975 15155.578900221735 451
200 20.3 16779.804453201938 4248.441692175956 34449.159 2924.975 14234.859855305473 622
210 6.7 24318.707104477617 4155.484244085945 34586.681 2924.975 14861.070465454543 825
220 0.6 32246.384333333335 2163.8321104859824 36309.141 2924.975 15571.453486547083 892
230 3.6 7779.581361111112 1642.1240792139909 36309.141 2924.975 15682.867278396434 898
240 28.4 12184.926510563386 3449.0415718460276 36309.141 2924.975 15378.243838329761 934
250 40.2 17003.016850746277 4138.090905407741 36309.141 2924.975 14633.660816091953 1218
260 14.7 24223.22527210884 4134.199745681049 38455.926 2924.975 15221.612128395063 1620
270 2.5 33699.56459999999 2995.7290278442483 38455.926 2924.975 15970.472984153934 1767
280 0.4 42458.40075 4778.976480037872 50398.422 2924.975 16217.80964174107 1792
284 0.1 48686.997 0.0 50398.422 2924.975 16276.25193819599 1796
