0 175.9734375 175.9734375
10 391.240625 567.2140625
20 458.50625 1025.7203125
30 158.08125 1183.8015625
40 1452.63203125 2636.43359375
50 2009.00625 4645.43984375
60 641.64765625 5287.0875
70 166.52265625 5453.61015625
80 2748.3546875 8201.96484375
90 5064.60078125 13266.565625
100 1956.66640625 15223.23203125
110 259.31953125 15482.5515625
120 238.69453125 15721.24609375
130 5395.0796875 21116.32578125
140 10938.5640625 32054.88984375
150 4121.6625 36176.55234375
160 463.88828125 36640.440625
170 830.5765625 37471.0171875
180 14257.9171875 51728.934375
190 25978.60859375 77707.54296875
200 11772.96484375 89480.5078125
210 940.00546875 90420.51328125
220 2220.38046875 92640.89375
230 40433.6109375 133074.5046875
240 65937.48671875 199011.99140625
250 33680 232691.99140625
260 4569.66953125 237261.6609375
270 309.27421875 237570.93515625
280 11.0390625 237581.97421875
284 1.9234375 237583.89765625
