0 1 103.8057 24.425536890926274 160.631 65.74 0 0
10 0.7 90.314 26.93660747543599 160.631 53.557 103.8057 10
20 0 0 0 160.631 53.557 98.25029411764706 17
30 0.4 71.025 4.3869563480846265 160.631 53.557 98.25029411764706 17
40 2.1 69.71590476190477 8.718267192973189 160.631 53.557 93.0645238095238 21
50 0.7 68.38685714285714 10.599067525408225 160.631 53.557 81.3902142857143 42
60 0 0 0 160.631 53.557 79.5325918367347 49
70 0.7 83.43528571428571 10.672894328481789 160.631 53.557 79.5325918367347 49
80 4.8 73.62845833333334 7.337693921226021 160.631 53.557 80.02042857142858 56
90 1.6 72.771 10.484581965915474 160.631 53.557 77.07028846153847 104
100 0 0 0 160.631 53.557 76.49705 120
110 0 0 0 160.631 53.557 76.49705 120
120 0.8 91.8785 4.64109235525431 160.631 53.557 76.49705 120
130 10.1 86.9157524752475 14.396346254976887 210.833 53.557 77.458390625 128
140 2.9 91.55982758620688 14.588110324244964 210.833 53.557 81.62954148471616 229
150 0 0 0 210.833 53.557 82.74573643410854 258
160 0 0 0 210.833 53.557 82.74573643410854 258
170 2.2 128.0967272727273 9.78439055649271 210.833 53.557 82.74573643410854 258
180 17.8 132.57098314606742 25.68147651244504 345.871 53.557 86.30902857142858 280
190 8.2 166.0335975609757 40.91653528857214 345.871 53.557 104.2885655021834 458
200 0 0 0 345.871 53.557 113.66466296296298 540
210 0 0 0 345.871 53.557 113.66466296296298 540
220 3.4 214.0598235294118 23.72975486285543 345.871 53.557 113.66466296296298 540
230 31.9 267.1158840125393 122.97500415449666 1267.698 53.557 119.61141463414636 574
240 14.7 390.13110204081653 264.22977390605575 1512.539 53.557 172.3033807390818 893
250 0 0 0 1512.539 53.557 203.09249134615393 1040
260 0 0 0 1512.539 53.557 203.09249134615393 1040
270 0 0 0 1512.539 53.557 203.09249134615393 1040
280 0 0 0 1512.539 53.557 203.09249134615393 1040
284 0 0 0 1512.539 53.557 203.09249134615393 1040
