10 0.1 39.718 0 39.718 39.718 0 0
20 0.2 33.932 4.846000000000002 39.718 29.086 39.718 1
30 0 0 0 39.718 29.086 35.86066666666667 3
40 0.8 24.259249999999994 9.695460506726846 40.968 12.736 35.86066666666667 3
50 0.9 20.987888888888886 6.507038128816871 40.968 11.83 27.42327272727272 11
60 0.2 27.78 1.3369999999999997 40.968 11.83 24.527349999999995 20
70 0 0 0 40.968 11.83 24.823045454545454 22
80 1.3 19.050000000000004 8.593884095457293 42.986 11.327 24.823045454545454 22
90 2.1 12.689190476190477 2.920924048490846 42.986 9.987 22.67877142857143 35
100 0.7 12.702 1.0155955325395465 42.986 9.987 18.93267857142857 56
110 0.1 13.648 0.0 42.986 9.987 18.240380952380953 63
120 0 0 0 42.986 9.987 18.168625 64
130 1.7 12.285058823529411 3.2124788938759763 42.986 9.987 18.168625 64
140 5.1 13.583196078431376 7.687775554811749 52.502 9.38 16.933802469135802 81
150 0.5 12.219400000000002 1.4683919912611891 52.502 9.38 15.639250000000002 132
160 0 0 0 52.502 9.38 15.514437956204384 137
170 0 0 0 52.502 9.38 15.514437956204384 137
180 3.6 12.653083333333335 4.300881578719259 52.502 8.348 15.514437956204384 137
190 7.9 16.52408860759493 22.652751241065992 164.712 8.348 14.919011560693644 173
200 2.8 11.888785714285717 3.310917118921485 164.712 8.348 15.422190476190476 252
210 0.1 12.993 0.0 164.712 8.348 15.068850000000001 280
220 0 0 0 164.712 8.348 15.06146263345196 281
230 6.7 15.934671641791038 18.613840505650437 164.712 8.348 15.06146263345196 281
240 15.6 24.600083333333316 27.884997143018186 243.246 8.348 15.229580459770116 348
250 8 19.033187499999997 14.099483806237156 243.246 8.348 18.129974206349203 504
260 0.2 13.5955 2.827499999999999 243.246 8.348 18.253702054794516 584
270 0 0 0 243.246 8.348 18.237803754266206 586
280 0 0 0 243.246 8.348 18.237803754266206 586
284 0 0 0 243.246 8.348 18.237803754266206 586
