10 0.1 154.411 0 154.411 154.411 0 0
20 0.3 121.106 2.1664768634813494 154.411 118.194 154.411 1
30 0.1 125.467 0.0 154.411 118.194 129.43225 4
40 0.1 116.253 0.0 154.411 116.253 128.63920000000002 5
50 0.4 123.14525 1.536343935289229 154.411 116.253 126.57483333333336 6
60 0.1 118.407 0.0 154.411 116.253 125.20300000000002 10
70 0 0 0 154.411 116.253 124.58518181818182 11
80 0 0 0 154.411 116.253 124.58518181818182 11
90 0.3 121.53833333333334 1.7979359153083183 154.411 116.253 124.58518181818182 11
100 0.4 119.82175000000001 1.565010443255897 154.411 116.253 123.93228571428573 14
110 0.1 117.113 0.0 154.411 116.253 123.01883333333333 18
120 0 0 0 154.411 116.253 122.70799999999998 19
130 0.4 125.42 1.4520828144427564 154.411 116.253 122.70799999999998 19
140 1.4 125.96014285714286 3.4357441459943883 154.411 116.253 123.17965217391303 23
150 0.2 127.8085 10.345500000000001 154.411 116.253 124.23172972972972 37
160 0.1 116.009 0.0 154.411 116.009 124.41515384615384 39
170 0 0 0 154.411 116.009 124.205 40
180 0.6 129.2645 2.8635613461794938 154.411 116.009 124.205 40
190 2.4 128.38966666666664 4.847002137633341 154.411 116.009 124.8649347826087 46
200 2 124.18320000000001 2.7137698981306504 154.411 116.009 126.07341428571428 70
210 0.2 115.5315 0.7154999999999951 154.411 114.816 125.65336666666667 90
220 0 0 0 154.411 114.816 125.43332608695653 92
230 0.7 132.366 3.4967981272668824 154.411 114.816 125.43332608695653 92
240 3.3 135.00212121212115 12.190177011063668 190.556 114.816 125.92351515151515 99
250 2.7 130.1091851851852 5.46784235350138 190.556 114.816 128.19316666666666 132
260 0.7 126.13442857142856 3.443451916615181 190.556 114.816 128.5185283018868 159
270 0 0 0 190.556 114.816 128.4179939759036 166
280 0 0 0 190.556 114.816 128.4179939759036 166
284 0 0 0 190.556 114.816 128.4179939759036 166
