0 0.1 117.823 0 117.823 117.823 0 0
10 1.2 100.12916666666666 16.45903659003838 118.907 76.092 117.823 1
20 0.9 89.02455555555555 29.55398537934384 154.056 61.761 101.49023076923078 13
30 0.1 78.877 0.0 154.056 61.761 96.39063636363636 22
40 2.3 71.96817391304349 15.658423177463844 154.056 52.104 95.62917391304347 23
50 2.5 68.34795999999997 6.463877334727202 154.056 52.104 83.79867391304349 46
60 0.7 75.44385714285714 10.126729657249692 154.056 52.104 78.35828169014084 71
70 0 0 0 154.056 52.104 78.09673076923077 78
80 4.3 71.11579069767443 6.9338687766647595 154.056 52.104 78.09673076923077 78
90 6.1 77.49801639344261 9.395531088892959 154.056 52.104 75.61590082644629 121
100 1.4 86.06421428571426 5.7951350554775285 154.056 52.104 76.24671978021978 182
110 0.2 99.08000000000001 3.2160000000000046 154.056 52.104 76.9479693877551 196
120 0 0 0 154.056 52.104 77.17152525252524 198
130 5.9 84.69688135593219 7.6667571074898175 154.056 52.104 77.17152525252524 198
140 14.8 97.14494594594599 13.254117134331942 163.504 52.104 78.89913618677042 257
150 2.8 127.04074999999999 16.69079495373125 189.788 52.104 85.56674074074076 405
160 0 0 0 189.788 52.104 88.24866281755197 433
170 0 0 0 189.788 52.104 88.24866281755197 433
180 13 137.0389846153845 30.392257844590485 282.429 52.104 88.24866281755197 433
190 26.3 175.14984790874524 47.081211587825855 460.492 52.104 99.51463410301952 563
200 7 203.63649999999996 30.463480642401976 460.492 52.104 123.5970326876513 826
210 0.2 240.55200000000002 2.474000000000011 460.492 52.104 129.85011607142854 896
220 0 0 0 460.492 52.104 130.09666815144763 898
230 22.3 271.7609820627803 84.05852993110842 626.252 52.104 130.09666815144763 898
240 51 457.5845 230.8906578014861 1418.731 52.104 158.27788314005352 1121
250 15.5 590.3456645161287 263.32309323511066 1677.524 52.104 251.86854812998158 1631
260 1.1 379.07509090909093 43.54056972411851 1677.524 52.104 281.2436618141097 1786
270 0 0 0 1677.524 52.104 281.8425186421814 1797
280 0 0 0 1677.524 52.104 281.8425186421814 1797
284 0 0 0 1677.524 52.104 281.8425186421814 1797
