20 0.4 34.11775 15.07578880813538 53.104 11.937 0 0
30 0 0 0 53.104 11.937 34.11775 4
40 0 0 0 53.104 11.937 34.11775 4
50 0.8 24.8995 9.59219316684146 53.104 11.937 34.11775 4
60 0.6 27.482333333333333 12.66292401286352 53.104 11.937 27.972250000000003 12
70 0.2 32.495 6.512 53.104 11.937 27.808944444444446 18
80 0.1 32.291 0.0 53.104 11.937 28.27755 20
90 2.1 14.273952380952384 6.576634987562955 53.104 10.502 28.46866666666667 21
100 1.5 13.5036 3.588758760351551 53.104 10.037 21.371309523809526 42
110 0.5 14.1096 1.502120447900234 53.104 10.037 19.30085964912281 57
120 0.1 13.856 0.0 53.104 10.037 18.882209677419358 62
130 0.1 11.017 0.0 53.104 10.037 18.802428571428575 63
140 2.9 12.086241379310344 2.5048615028844567 53.104 10.037 18.680781250000003 64
150 2.7 11.933111111111112 0.855733141742531 53.104 10.037 16.62441935483871 93
160 1 14.043700000000001 1.2685559546192675 53.104 10.037 15.568875 120
170 0.1 15.922 0.0 53.104 10.037 15.451553846153848 130
180 0.2 17.1275 5.3495 53.104 10.037 15.455145038167942 131
190 4.5 14.60448888888889 5.914605908247525 53.104 10.037 15.48029323308271 133
200 5.7 12.082122807017543 2.5674396972379947 53.104 9.881 15.25888202247191 178
210 2.8 13.081107142857146 2.600018466133402 53.104 9.881 14.488348936170214 235
220 0.2 16.0705 0.2624999999999993 53.104 9.881 14.338528517110268 263
230 1 15.839300000000003 6.234789652426136 53.104 9.881 14.351600000000001 265
240 6.4 21.75503125 14.468415329789002 84.855 9.881 14.405698181818183 275
250 13.6 17.82716911764706 12.86907320041252 102.799 9.881 15.793182890855457 339
260 4.4 13.096954545454544 3.5677294533749806 102.799 9.881 16.375545263157896 475
270 0.7 14.824 2.7427462254358965 102.799 9.881 16.097591522157998 519
280 0 0 0 102.799 9.881 16.080642585551335 526
284 0 0 0 102.799 9.881 16.080642585551335 526
