0 2.1 1.3781904761904764 2.019197875136787 10.377 0.715 0 0
10 0.9 2.550222222222222 2.2433678441019467 10.377 0.715 1.3781904761904764 21
20 0 0 0 10.377 0.715 1.7298000000000002 30
30 0 0 0 10.377 0.715 1.7298000000000002 30
40 3.3 1.7506969696969699 3.4371251684109714 17.418 0.637 1.7298000000000002 30
50 2.6 0.8899615384615382 0.1569905633541345 17.418 0.637 1.7407460317460317 63
60 0 0 0 17.418 0.637 1.492202247191011 89
70 0 0 0 17.418 0.637 1.492202247191011 89
80 2.7 1.2498148148148152 1.67549738412955 17.418 0.637 1.492202247191011 89
90 8.4 0.8755595238095241 0.19891702931663288 17.418 0.62 1.4357844827586206 116
100 0.9 0.8192222222222222 0.09188613458185659 17.418 0.613 1.20049 200
110 0 0 0 17.418 0.613 1.1840717703349282 209
120 0 0 0 17.418 0.613 1.1840717703349282 209
130 12.6 1.1400555555555554 1.0397306985392945 17.418 0.613 1.1840717703349282 209
140 9.4 1.1158085106382976 2.3710025946331976 23.496 0.61 1.1675164179104476 335
150 0 0 0 23.496 0.61 1.15618648018648 429
160 0 0 0 23.496 0.61 1.15618648018648 429
170 0 0 0 23.496 0.61 1.15618648018648 429
180 28 1.0960535714285708 1.5585306933551555 23.496 0.603 1.15618648018648 429
190 20 1.2449750000000004 1.3338020784115607 23.496 0.587 1.1324386459802536 709
200 0 0 0 23.496 0.587 1.1571991199119909 909
210 0 0 0 23.496 0.587 1.1571991199119909 909
220 0 0 0 23.496 0.587 1.1571991199119909 909
230 52 1.5747923076923076 4.14601777927865 48.011 0.566 1.1571991199119909 909
240 40.6 1.3228374384236445 1.4600068469970169 48.011 0.566 1.3091574527641705 1429
250 0 0 0 48.011 0.566 1.3121841961852858 1835
260 0 0 0 48.011 0.566 1.3121841961852858 1835
270 0 0 0 48.011 0.566 1.3121841961852858 1835
280 0 0 0 48.011 0.566 1.3121841961852858 1835
282 0 0 0 48.011 0.566 1.3121841961852858 1835
