0 0.1 0.6489255121212951 0 0.6489255121212951 0.6489255121212951 0 0
10 0.1 0.3510531594784353 0.0 0.6489255121212951 0.3510531594784353 0.6489255121212951 1
20 0.1 1.0 0.0 1.0 0.3510531594784353 0.4999893357998652 2
30 0.1 0.5508262393590386 0.0 1.0 0.3510531594784353 0.6666595571999102 3
40 0.1 0.14992503748125938 0.0 1.0 0.14992503748125938 0.6377012277396923 4
50 0.1 0.5513784461152882 0.0 1.0 0.14992503748125938 0.5401459896880058 5
60 0.1 1.3045659809332664 0.0 1.3045659809332664 0.14992503748125938 0.5420180657592195 6
70 0.1 0.80040020010005 0.0 1.3045659809332664 0.14992503748125938 0.6509534822126548 7
80 0.1 0.20020020020020018 0.0 1.3045659809332664 0.14992503748125938 0.6696343219485792 8
90 0.1 0.3001500750375188 0.0 1.3045659809332664 0.14992503748125938 0.6174749750876481 9
100 0.1 1.6574585635359116 0.0 1.6574585635359116 0.14992503748125938 0.5857424850826353 10
110 0.1 10.489157841654059 0.0 10.489157841654059 0.14992503748125938 0.6831712194874785 11
120 0.1 0.9027081243731194 0.0 10.489157841654059 0.14992503748125938 1.5003367713346936 12
130 0.1 0.1500750375187594 0.0 10.489157841654059 0.14992503748125938 1.454365336953034 13
140 0.1 3.7055583375062593 0.0 10.489157841654059 0.14992503748125938 1.3612017441363002 14
150 0.1 7.857857857857859 0.0 10.489157841654059 0.14992503748125938 1.5174921836942976 15
160 0.1 5.732801595214357 0.0 10.489157841654059 0.14992503748125938 1.9137650383295202 16
170 0.1 1.547678482276585 0.0 10.489157841654059 0.14992503748125938 2.13841424755804 17
180 0.1 0.15015015015015015 0.0 10.489157841654059 0.14992503748125938 2.1055955939312927 18
190 0.1 5.0 0.0 10.489157841654059 0.14992503748125938 2.002677412679654 19
200 0.1 16.116116116116117 0.0 16.116116116116117 0.14992503748125938 2.152543542045671 20
210 0.1 11.791269443050677 0.0 16.116116116116117 0.14992503748125938 2.817475569382359 21
220 0.1 1.900950475237619 0.0 16.116116116116117 0.14992503748125938 3.225375290912737 22
230 0.1 0.25 0.0 16.116116116116117 0.14992503748125938 3.1677916032746887 23
240 0.1 12.203731719616743 0.0 16.116116116116117 0.14992503748125938 3.0462169531382433 24
250 0.1 28.447395301327887 0.0 28.447395301327887 0.14992503748125938 3.4125175437973834 25
260 0.1 26.065162907268167 0.0 28.447395301327887 0.14992503748125938 4.375397457548557 26
270 0.1 6.215538847117794 0.0 28.447395301327887 0.14992503748125938 5.178722103834469 27
280 0.1 0.5005005005005005 0.0 28.447395301327887 0.14992503748125938 5.215751273237444 28
282 0.1 0.14992503748125938 0.0 28.447395301327887 0.14992503748125938 5.053156419005136 29
