0 0.1 733.40234375 0 733.40234375 733.40234375 0 0
10 0.1 729.60546875 0.0 733.40234375 729.60546875 733.40234375 1
20 0.1 722.58984375 0.0 733.40234375 722.58984375 731.50390625 2
30 0.1 720.421875 0.0 733.40234375 720.421875 728.5325520833334 3
40 0.1 726.8125 0.0 733.40234375 720.421875 726.5048828125 4
50 0.1 721.97265625 0.0 733.40234375 720.421875 726.56640625 5
60 0.1 701.93359375 0.0 733.40234375 701.93359375 725.80078125 6
70 0.1 705.55078125 0.0 733.40234375 701.93359375 722.3911830357143 7
80 0.1 712.73828125 0.0 733.40234375 701.93359375 720.2861328125 8
90 0.1 717.59765625 0.0 733.40234375 701.93359375 719.4474826388889 9
100 0.1 684.1328125 0.0 733.40234375 684.1328125 719.2625 10
110 0.1 664.6640625 0.0 733.40234375 664.6640625 716.0688920454545 11
120 0.1 682.8359375 0.0 733.40234375 664.6640625 711.78515625 12
130 0.1 693.75 0.0 733.40234375 664.6640625 709.5582932692307 13
140 0.1 671.359375 0.0 733.40234375 664.6640625 708.4291294642857 14
150 0.1 616.1796875 0.0 733.40234375 616.1796875 705.9578125 15
160 0.1 620.16796875 0.0 733.40234375 616.1796875 700.3466796875 16
170 0.1 657.015625 0.0 733.40234375 616.1796875 695.6302849264706 17
180 0.1 667.1796875 0.0 733.40234375 616.1796875 693.4850260416666 18
190 0.1 616.234375 0.0 733.40234375 616.1796875 692.1005345394736 19
200 0.1 499.65234375 0.0 733.40234375 499.65234375 688.3072265625 20
210 0.1 514.91015625 0.0 733.40234375 499.65234375 679.3236607142857 21
220 0.1 608.734375 0.0 733.40234375 499.65234375 671.8503196022726 22
230 0.1 619.50390625 0.0 733.40234375 499.65234375 669.106148097826 23
240 0.1 515.31640625 0.0 733.40234375 499.65234375 667.0393880208333 24
250 0.1 279.453125 0.0 733.40234375 279.453125 660.97046875 25
260 0.1 262.15625 0.0 733.40234375 262.15625 646.2967247596154 26
270 0.1 472.08984375 0.0 733.40234375 262.15625 632.0692997685185 27
280 0.1 534.921875 0.0 733.40234375 262.15625 626.3557477678571 28
282 0.1 561.23046875 0.0 733.40234375 262.15625 623.2028556034483 29
