0 6.7 68.56973134328358 117.18680011915431 916.487 5.877 0 0
10 10.7 128.21093457943923 256.03457143019637 979.341 5.877 68.56973134328358 67
20 7.4 171.99931081081084 313.60355876488075 1050.744 5.877 105.24564367816092 174
30 1.4 549.0027142857144 442.50997099797956 1050.744 5.877 125.16407661290322 248
40 9.7 74.22929896907216 186.6942125263897 1050.744 5.877 147.8119427480916 262
50 25.4 86.58165748031497 195.57891095282463 1050.744 5.371 127.93028133704735 359
60 14.3 209.42368531468512 366.935181966882 1243.797 5.371 110.79724632952691 613
70 3 243.79953333333333 362.96927884039377 1243.797 5.371 129.45277645502642 756
80 4.8 49.390895833333325 120.7721355692956 1243.797 5.371 133.81715648854959 786
90 36.1 63.58661772853187 161.13010694519397 1243.797 5.154 128.9580911270983 834
100 44.6 96.2005067264573 225.71054687878834 1243.797 5.154 109.20988870292885 1195
110 17.2 278.54323255813944 428.50806529998005 1310.945 5.154 105.67412736136498 1641
120 2.7 187.6719629629629 338.22251504840017 1310.945 5.154 122.0742851627137 1813
130 37.5 53.263093333333316 126.7912601908479 1310.945 4.676 123.03685978260866 1840
140 94.5 135.8194814814814 328.09165365819547 1709.136 4.676 111.22414537246047 2215
150 51.8 256.6179633204635 466.85570245673057 1709.136 4.676 118.57939620253161 3160
160 9.2 265.7121847826085 404.72807443801423 1709.136 4.676 138.0203907014682 3678
170 1.1 226.32500000000002 357.55326399445846 1709.136 4.676 141.1364769230769 3770
180 88.1 49.3018694665153 116.98200459870691 1709.136 4.583 141.38431446707216 3781
190 190.9 124.65921477213196 333.94347077675485 1945.734 4.583 123.98306306306303 4662
200 118.1 257.96830228619797 527.8549339999621 1945.734 4.583 124.17949794551814 6571
210 23.9 272.21795397489507 469.2648072193757 1945.734 4.583 144.56192543859643 7752
220 1.8 307.42838888888895 417.809894704669 1945.734 4.583 148.37994456263291 7991
230 149.7 59.913879759519006 167.36641977641494 1945.734 4.153 148.7374014233986 8009
240 364.7 152.30377433507005 463.6082701476132 3109.338 4.153 134.74951883021245 9506
250 221.2 478.30064059674555 1035.759106950466 4132.344 4.153 139.61687759446514 13153
260 70.8 608.7845522598864 903.234414198083 4132.344 4.153 188.37499563944036 15365
270 6.7 246.8013432835819 417.97757847101565 4132.344 4.153 206.89362726311208 16073
280 0.9 52.858222222222224 22.614880306646565 4132.344 4.153 207.05929126394057 16140
282 0 0 0 4132.344 4.153 206.9733534584185 16149
