10 0.1 478 0 478 478 0 0
20 0.1 994.0 0.0 994 478 478.0 1
30 0.1 755.0 0.0 994 478 736.0 2
40 0.1 201.0 0.0 994 201 742.3333333333334 3
50 0.1 818.0 0.0 994 201 607.0 4
60 0.1 2051.0 0.0 2051 201 649.2 5
70 0.1 1493.0 0.0 2051 201 882.8333333333334 6
80 0.1 344.0 0.0 2051 201 970.0 7
90 0.1 405.0 0.0 2051 201 891.75 8
100 0.1 2498.0 0.0 2498 201 837.6666666666666 9
110 0.1 3550.0 0.0 3550 201 1003.7 10
120 0.1 2007.0 0.0 3550 201 1235.1818181818182 11
130 0.1 318.0 0.0 3550 201 1299.5 12
140 0.1 2796.0 0.0 3550 201 1224.0 13
150 0.1 7814.0 0.0 7814 201 1336.2857142857142 14
160 0.1 6157.0 0.0 7814 201 1768.1333333333334 15
170 0.1 1702.0 0.0 7814 201 2042.4375 16
180 0.1 129.0 0.0 7814 129 2022.4117647058824 17
190 0.1 5586.0 0.0 7814 129 1917.2222222222222 18
200 0.1 15385.0 0.0 15385 129 2110.315789473684 19
210 0.1 14072.0 0.0 15385 129 2774.05 20
220 0.1 2638.0 0.0 15385 129 3312.0476190476193 21
230 0.1 247.0 0.0 15385 129 3281.409090909091 22
240 0.1 10144.0 0.0 15385 129 3149.478260869565 23
250 0.1 30474.0 0.0 30474 129 3440.9166666666665 24
260 0.1 29409.0 0.0 30474 129 4522.24 25
270 0.1 11088.0 0.0 30474 129 5479.423076923077 26
280 0.1 612.0 0.0 30474 129 5687.148148148148 27
282 0.1 36.0 0.0 30474 36 5505.892857142857 28
