10 0.8 11493.709499999999 2669.072662357378 16187.206 7141.455 0 0
20 1.5 15858.449666666666 4396.646713690768 24723.776 7141.455 11493.709499999999 8
30 0.7 23515.466857142856 4799.264633255285 31676.193 7141.455 14340.279173913043 23
40 0.1 6643.916 0.0 31676.193 6643.916 16481.1563 30
50 1.6 11162.669999999996 3440.0237910628803 31676.193 5470.428 16163.825967741936 31
60 2.5 16388.05696 3692.564843420101 31676.193 5470.428 14461.304787234041 47
70 1.6 21502.319562499997 3239.34110820777 31676.193 5470.428 15130.315958333334 72
80 0.1 29826.316 0.0 31676.193 5470.428 16288.862068181817 88
90 0.5 10384.680400000001 2714.510199877878 31676.193 4960.962 16440.968292134832 89
100 4.7 13465.759765957448 3345.8542347754765 31676.193 4960.962 16118.825319148937 94
110 5.5 19686.179036363632 4472.980907748755 32288.451 4960.962 15234.470134751773 141
120 1 25982.3289 2868.0883684947175 32288.451 4960.962 16483.674163265307 196
130 0.7 17298.806428571428 12716.331398252494 34294.599 4489.433 16944.77390776699 206
140 5.4 11224.14396296296 2676.0879835812784 34294.599 4489.433 16956.40877934272 213
150 11.1 15858.6855945946 3809.7416214923455 34294.599 4489.433 15797.074322097376 267
160 4.2 22500.159952380945 3902.8974956173165 34294.599 4489.433 15815.166521164021 378
170 0.9 30603.318222222228 4889.616200983325 42442.781 4489.433 16483.665864285715 420
180 0.6 6564.638833333333 741.3190584836863 42442.781 4489.433 16779.882347319348 429
190 9.4 11300.258202127661 2925.114398623859 42442.781 3856.862 16638.98243678161 435
200 24.2 16137.439066115701 4165.661705675253 42442.781 3856.862 15690.324444234406 529
210 12.1 22371.548355371902 4687.147330873391 42442.781 3856.862 15830.663923476008 771
220 1.5 29747.825466666665 3663.3787496043765 42442.781 3856.862 16717.936363228702 892
230 0.2 42105.2825 671.5195000000022 42776.802 3856.862 16933.425157662627 907
240 18.4 11325.570081521739 3031.8062507249015 42776.802 3856.862 16988.80878217822 909
250 40.3 16305.213168734495 4273.530776189931 42776.802 3856.862 16035.436484903936 1093
260 29.2 22986.5000479452 4131.184928287461 42776.802 3856.862 16108.110284090912 1496
270 4 30967.62135000001 4490.4528113931665 42776.802 3856.862 17231.426733221477 1788
280 0.7 41343.78057142858 3051.7050847583014 45504.353 3856.862 17531.999919584247 1828
282 0 0 0 45504.353 3856.862 17622.835050136244 1835
