0 24.590625 24.590625
10 46.26328125 70.85390625
20 35.06015625 105.9140625
30 5.39921875 111.31328125
40 31.80234375 143.115625
50 111.73203125 254.84765625
60 64.125 318.97265625
70 14.08125 333.05390625
80 12.98984375 346.04375
90 134.721875 480.765625
100 210.84609375 691.61171875
110 73.61328125 765.225
120 13.2625 778.4875
130 132.4734375 910.9609375
140 410.865625 1321.8265625
150 232.803125 1554.6296875
160 41.196875 1595.8265625
170 5.9515625 1601.778125
180 305.97265625 1907.75078125
190 828.846875 2736.59765625
200 533.95390625 3270.5515625
210 107.40390625 3377.95546875
220 8.8265625 3386.78203125
230 514.08671875 3900.86875
240 1591.184375 5492.053125
250 1002.63515625 6494.68828125
260 303.80625 6798.49453125
270 32.03671875 6830.53125
280 4.65390625 6835.18515625
282 0 6835.18515625
