0 0.3 50.683 2.5133660033243563 52.547 47.13 0 0
10 0 0 0 52.547 47.13 50.683 3
20 0 0 0 52.547 47.13 50.683 3
30 0 0 0 52.547 47.13 50.683 3
40 0.4 18.9955 1.164894523122159 52.547 17.862 50.683 3
50 0.3 18.883333333333333 0.8684028762939213 52.547 17.668 32.575857142857146 7
60 0 0 0 52.547 17.668 28.4681 10
70 0 0 0 52.547 17.668 28.4681 10
80 0.4 20.54975 0.7397919893456533 52.547 17.668 28.4681 10
90 0.7 17.527000000000005 1.1881521066645595 52.547 15.669 26.205714285714286 14
100 0.1 16.564 0.0 52.547 15.669 23.312809523809523 21
110 0 0 0 52.547 15.669 23.006045454545458 22
120 0 0 0 52.547 15.669 23.006045454545458 22
130 0.9 17.899111111111107 1.7857745561610239 52.547 15.216 23.006045454545458 22
140 1.2 18.887333333333327 6.19016197059675 52.547 14.701 21.523387096774194 31
150 0 0 0 52.547 14.701 20.78774418604651 43
160 0 0 0 52.547 14.701 20.78774418604651 43
170 0 0 0 52.547 14.701 20.78774418604651 43
180 2.9 19.509896551724136 4.828312015635789 52.547 14.701 20.78774418604651 43
190 2.6 20.26746153846154 7.37478971398126 52.547 14.701 20.273055555555555 72
200 0 0 0 52.547 14.701 20.27157142857143 98
210 0 0 0 52.547 14.701 20.27157142857143 98
220 0 0 0 52.547 14.701 20.27157142857143 98
230 6 21.232483333333338 16.58320475711462 134.695 14.472 20.27157142857143 98
240 4.3 32.8325581395349 46.84998820346944 258.22 14.472 20.636474683544307 158
250 0 0 0 258.22 14.472 23.245587064676624 201
260 0 0 0 258.22 14.472 23.245587064676624 201
270 0 0 0 258.22 14.472 23.245587064676624 201
280 0 0 0 258.22 14.472 23.245587064676624 201
282 0 0 0 258.22 14.472 23.245587064676624 201
