0 0.1 929.65 0 929.65 929.65 0 0
10 0.3 935.968 67.28344747410014 986.824 840.892 929.65 1
20 0.6 928.1194999999999 87.29868117703727 1059.519 796.793 934.3885 4
30 0 0 0 1059.519 796.793 930.6271 10
40 0.2 849.5305000000001 13.786500000000018 1059.519 796.793 930.6271 10
50 0.7 850.4457142857143 61.800427274792696 1059.519 737.744 917.111 12
60 0.9 953.307888888889 91.06009228275146 1069.992 737.744 892.550105263158 19
70 0 0 0 1069.992 737.744 912.0793928571429 28
80 0 0 0 1069.992 737.744 912.0793928571429 28
90 0.8 911.825125 78.96692780752825 1069.992 737.744 912.0793928571429 28
100 1.4 915.2932857142857 97.2041733991092 1171.938 729.695 912.0228888888889 36
110 0.8 1041.6748750000002 122.41066887269012 1210.761 729.695 912.9386 50
120 0 0 0 1210.761 729.695 930.6953275862069 58
130 0.4 1007.14825 18.414875473038038 1210.761 729.695 930.6953275862069 58
140 3.8 1160.9984736842105 154.06591002259853 1554.038 729.695 935.6277741935484 62
150 2.7 1239.0825185185183 131.6829607859755 1701.376 729.695 1021.26864 100
160 0.1 1111.689 0.0 1701.376 729.695 1067.5755275590552 127
170 0 0 0 1701.376 729.695 1067.9201640625001 128
180 1 971.555 118.16316380920075 1701.376 729.695 1067.9201640625001 128
190 5.8 1356.9327758620689 183.88577072625202 1907.075 729.695 1060.9371811594203 138
200 5.2 1480.113115384615 138.13282385090494 1907.075 729.695 1148.5277142857142 196
210 0.3 1292.1876666666667 47.45704535214516 1907.075 729.695 1218.0536854838708 248
220 0 0 0 1907.075 729.695 1218.939749003984 251
230 2.2 1162.5715000000002 139.18617570844066 1907.075 729.695 1218.939749003984 251
240 11.1 1986.910072072073 426.2222320355049 3126.957 729.695 1214.3972527472527 273
250 12.1 2850.185735537191 384.22653696445616 3927.943 729.695 1437.7017395833336 384
260 1 2032.3215 301.17735505985496 3927.943 729.695 1776.1384990099016 505
270 0 0 0 3927.943 729.695 1781.1129262135928 515
280 0 0 0 3927.943 729.695 1781.1129262135928 515
282 0 0 0 3927.943 729.695 1781.1129262135928 515
