10 0.4 64.3335 13.078004368021903 79.556 49.089 0 0
20 0.2 62.8075 15.393499999999996 79.556 47.414 64.3335 4
30 0 0 0 79.556 47.414 63.82483333333334 6
40 0.2 52.441500000000005 2.304499999999999 79.556 47.414 63.82483333333334 6
50 1.2 49.05374999999999 7.077036787208327 79.556 42.9 60.979 8
60 0.8 54.480625 14.229970211998863 88.765 42.9 53.82384999999999 20
70 0 0 0 88.765 42.9 54.0115 28
80 0 0 0 88.765 42.9 54.0115 28
90 0.8 43.98125 2.755259368462431 88.765 40.923 54.0115 28
100 2.8 43.47514285714284 5.324503060073748 88.765 36.838 51.782555555555554 36
110 0.4 40.471999999999994 4.2707803151180705 88.765 35.025 48.148062499999995 64
120 0.1 58.559 0.0 88.765 35.025 47.6965294117647 68
130 0.7 44.38214285714285 2.434329560302644 88.765 35.025 47.85395652173913 69
140 3.6 43.24980555555556 8.9161069476022 88.765 35.025 47.53418421052631 76
150 2.1 44.463952380952385 6.224904669196915 88.765 35.025 46.1570625 112
160 0.2 54.317 8.122 88.765 35.025 45.88972932330827 133
170 0 0 0 88.765 35.025 46.01457777777778 135
180 1.7 41.539941176470585 2.7852108478763364 88.765 35.025 46.01457777777778 135
190 7.1 44.426408450704244 20.33894594439305 160.956 35.014 45.51412500000001 152
200 6.3 43.58368253968255 5.034863629954125 160.956 35.014 45.167811659192836 223
210 0.6 43.53933333333333 2.554743409598875 160.956 35.014 44.81886013986015 286
220 0 0 0 160.956 35.014 44.792568493150696 292
230 1.9 42.92957894736842 5.494075367020746 160.956 35.014 44.792568493150696 292
240 12.8 49.07418749999999 20.905620470996404 175.525 35.014 44.67875241157557 311
250 9.6 68.89179166666669 26.610258865205804 186.823 35.014 45.960337129840546 439
260 1.7 44.35835294117647 9.172307971415444 186.823 35.014 50.075140186915895 535
270 0 0 0 186.823 35.014 49.89907971014494 552
280 0 0 0 186.823 35.014 49.89907971014494 552
282 0 0 0 186.823 35.014 49.89907971014494 552
