0 1.1 53.81045454545454 18.83119950007355 102.142 18.382 0 0
10 0.6 25.4815 8.138537926638502 102.142 18.382 53.81045454545454 11
20 0 0 0 102.142 18.382 43.812 17
30 0 0 0 102.142 18.382 43.812 17
40 2.1 22.145047619047624 5.09006596903822 102.142 17.584 43.812 17
50 1.3 19.804230769230767 3.1296280721233454 102.142 16.771 31.838157894736845 38
60 0 0 0 102.142 16.771 28.770686274509806 51
70 0 0 0 102.142 16.771 28.770686274509806 51
80 1.5 22.023000000000003 3.677609676587952 102.142 16.771 28.770686274509806 51
90 5.9 19.40715254237287 5.764230572710888 102.142 13.942 27.237121212121213 66
100 0.4 17.122 1.0690100560799238 102.142 13.942 23.541375999999996 125
110 0 0 0 102.142 13.942 23.342325581395343 129
120 0 0 0 102.142 13.942 23.342325581395343 129
130 7.1 19.83483098591549 4.09335444584531 102.142 13.942 23.342325581395343 129
140 5.8 20.044172413793103 7.689579169100197 102.142 13.942 22.097164999999997 200
150 0 0 0 102.142 13.942 21.635639534883715 258
160 0 0 0 102.142 13.942 21.635639534883715 258
170 0 0 0 102.142 13.942 21.635639534883715 258
180 18.2 20.10296703296704 6.799004321821244 102.142 13.942 21.635639534883715 258
190 12 18.88601666666667 5.01149071465323 102.142 13.942 21.001670454545454 440
200 0 0 0 102.142 13.942 20.548316071428573 560
210 0 0 0 102.142 13.942 20.548316071428573 560
220 0 0 0 102.142 13.942 20.548316071428573 560
230 30.3 20.07022442244226 10.14839476629052 152.892 13.932 20.548316071428573 560
240 25.6 20.707195312499994 14.203117243154427 152.892 13.932 20.380457705677877 863
250 0 0 0 152.892 13.932 20.455207327971408 1119
260 0 0 0 152.892 13.932 20.455207327971408 1119
270 0 0 0 152.892 13.932 20.455207327971408 1119
280 0 0 0 152.892 13.932 20.455207327971408 1119
282 0 0 0 152.892 13.932 20.455207327971408 1119
