10 0.4 34.757 15.144248264605277 52.583 18.496 0 0
20 0.2 19.3215 0.3934999999999995 52.583 18.496 34.757 4
30 0 0 0 52.583 18.496 29.611833333333333 6
40 0.1 84.209 0.0 84.209 18.496 29.611833333333333 6
50 1.1 22.087818181818182 11.09994501884976 84.209 15.579 37.41142857142857 7
60 0.7 18.48185714285714 3.887807587411534 84.209 15.579 28.047 18
70 0.3 17.968666666666667 1.3080306656276155 84.209 15.579 25.36876 25
80 0 0 0 84.209 15.579 24.575892857142858 28
90 0.4 16.0445 1.1871332065105418 84.209 14.369 24.575892857142858 28
100 2.8 16.007499999999997 1.4506044183620255 84.209 13.458 23.50946875 32
110 0.7 21.09314285714286 9.57545425149371 84.209 13.458 20.00855 60
120 0.2 18.773 2.8330000000000015 84.209 13.458 20.12186567164179 67
130 0.3 14.999666666666668 0.5491207112790015 84.209 13.458 20.08276811594203 69
140 3.1 19.07674193548387 12.195104374608535 84.209 13.458 19.870972222222225 72
150 2.6 16.958346153846154 5.555005462451844 84.209 13.458 19.631932038834954 103
160 0.6 18.447666666666667 4.3259317942946 84.209 13.458 19.093069767441865 129
170 0 0 0 84.209 13.458 19.064385185185188 135
180 0.8 14.652 0.908020787206989 84.209 13.458 19.064385185185188 135
190 6.3 18.695761904761905 15.374266831107892 134.197 12.725 18.817538461538465 143
200 7.7 16.845155844155844 4.724507065787248 134.197 12.725 18.780296116504857 206
210 0.9 16.445555555555554 1.2320755849028022 134.197 12.725 18.253773851590108 283
220 0 0 0 134.197 12.725 18.198041095890414 292
230 0.6 16.601666666666663 1.992050674277361 134.197 12.725 18.198041095890414 292
240 10.9 18.436926605504585 11.897417779128666 136.754 12.725 18.165899328859062 298
250 11.7 25.256273504273487 16.624664236760527 136.754 12.725 18.23848402948403 407
260 2.7 16.074518518518513 2.1744440306086643 136.754 12.725 19.80543320610687 524
270 0.1 17.217 0.0 136.754 12.725 19.622611615245006 551
280 0 0 0 136.754 12.725 19.6182536231884 552
282 0 0 0 136.754 12.725 19.6182536231884 552
