0 0.1 32.525 0 32.525 32.525 0 0
10 0.3 38.927 11.594990297537986 53.597 25.247 32.525 1
20 0.6 39.87366666666667 19.304921614851366 72.287 19.437 37.3265 4
30 0 0 0 72.287 19.437 38.8548 10
40 0.2 20.2825 0.9405000000000001 72.287 19.342 38.8548 10
50 0.7 19.05142857142857 2.2423388846178867 72.287 15.886 35.75941666666667 12
60 0.9 27.58855555555556 15.362412991245229 72.287 15.758 29.603842105263155 19
70 0 0 0 72.287 15.758 28.956071428571427 28
80 0 0 0 72.287 15.758 28.956071428571427 28
90 0.8 19.208250000000003 1.8532982591854996 72.287 15.758 28.956071428571427 28
100 1.4 18.900000000000002 3.4619719401355225 72.287 15.758 26.78988888888889 36
110 0.8 20.124875000000003 4.308387414030333 72.287 15.758 24.58072 50
120 0 0 0 72.287 15.758 23.966120689655174 58
130 0.4 17.293 1.4823339704668432 72.287 15.613 23.966120689655174 58
140 3.8 18.817842105263157 6.122654350104923 72.287 15.039 23.53559677419355 62
150 2.7 17.535148148148146 1.993503740462333 72.287 15.039 21.742849999999997 100
160 0.1 17.256 0.0 72.287 15.039 20.848299212598423 127
170 0 0 0 72.287 15.039 20.820234375 128
180 1 17.336399999999998 3.015374577063354 72.287 14.641 20.820234375 128
190 5.7 18.286789473684223 4.97543847221191 72.287 14.641 20.56778260869565 138
200 5.3 18.83356603773585 5.051764315411915 72.287 14.619 19.901030769230772 195
210 0.3 17.182333333333332 0.280381089867978 72.287 14.619 19.67290322580645 248
220 0 0 0 72.287 14.619 19.64313545816733 251
230 2.2 19.443545454545454 7.162400192719 72.287 14.619 19.64313545816733 251
240 11 21.807654545454533 14.397470449818204 137.694 14.619 19.62705128205128 273
250 12.2 26.97972950819672 15.177770465785807 137.694 14.619 20.25333420365535 383
260 1 18.989399999999996 3.1207762880411645 137.694 14.619 21.878324752475244 505
270 0 0 0 137.694 14.619 21.82222912621359 515
280 0 0 0 137.694 14.619 21.82222912621359 515
282 0 0 0 137.694 14.619 21.82222912621359 515
