20 0.4 119.69425000000001 1.419745641831659 122.0 118.129 0 0
30 0 0 0 122.0 118.129 119.69425000000001 4
40 0 0 0 122.0 118.129 119.69425000000001 4
50 0.2 120.9795 1.2014999999999958 122.181 118.129 119.69425000000001 4
60 0.4 119.60175 2.1687039188187978 123.098 117.413 120.12266666666669 6
70 0.1 119.84 0.0 123.098 117.413 119.9143 10
80 0 0 0 123.098 117.413 119.90754545454546 11
90 0 0 0 123.098 117.413 119.90754545454546 11
100 0.7 122.42399999999999 0.9943582280618465 123.65 117.413 119.90754545454546 11
110 0.2 120.7795 0.38349999999999795 123.65 117.413 120.88616666666667 18
120 0 0 0 123.65 117.413 120.87550000000002 20
130 0.1 149.649 0.0 149.649 117.413 120.87550000000002 20
140 0.7 126.18542857142857 1.2388297308511873 149.649 117.413 122.24566666666666 21
150 0.7 123.98671428571429 2.8037242942856104 149.649 117.413 123.23060714285715 28
160 0.5 122.19120000000001 3.5808166331159685 149.649 117.413 123.38182857142858 35
170 0.1 117.887 0.0 149.649 117.413 123.23300000000002 40
180 0.2 125.39150000000001 1.2714999999999925 149.649 117.413 123.10260975609756 41
190 1.6 127.5695625 1.5901454716766477 149.649 117.413 123.20906976744187 43
200 3 128.47563333333335 5.621477050760084 154.407 117.413 124.39157627118645 59
210 1.1 120.94872727272727 2.502849143418506 154.407 117.413 125.76822471910114 89
220 0 0 0 154.407 117.413 125.23808000000001 100
230 0 0 0 154.407 117.413 125.23808000000001 100
240 3.3 130.43421212121214 3.95315958602487 154.407 117.413 125.23808000000001 100
250 5.1 131.37776470588238 4.56865438029596 154.407 117.413 126.52734586466167 133
260 2.2 126.29409090909088 3.080135075389484 154.407 117.413 127.87175543478264 184
270 0.1 117.792 0.0 154.407 117.413 127.7032669902913 206
280 0 0 0 154.407 117.413 127.65538647342999 207
282 0 0 0 154.407 117.413 127.65538647342999 207
