0 0.1 39.015 0 39.015 39.015 0 0
10 0.2 12.729 0.577 39.015 12.152 39.015 1
20 0.4 18.069 9.438301038852277 39.015 11.438 21.491 3
30 0 0 0 39.015 11.438 19.535571428571426 7
40 0.1 14.196 0.0 39.015 11.438 19.535571428571426 7
50 0.2 12.4185 0.9595000000000002 39.015 11.438 18.868125 8
60 0.2 13.428 0.23100000000000032 39.015 11.438 17.5782 10
70 0 0 0 39.015 11.438 16.886499999999998 12
80 0 0 0 39.015 11.438 16.886499999999998 12
90 0.3 11.935000000000002 1.0412386854127154 39.015 10.476 16.886499999999998 12
100 1.1 13.035363636363634 3.0868748324810573 39.015 10.476 15.896199999999999 15
110 1.2 11.578333333333333 0.753738497240404 39.015 10.044 14.685846153846153 26
120 0.2 13.509 0.7349999999999999 39.015 10.044 13.704526315789472 38
130 0.1 10.459 0.0 39.015 10.044 13.694749999999999 40
140 1.7 12.85164705882353 6.642104759798539 39.015 9.526 13.61582926829268 41
150 2.2 15.475181818181817 8.899585202981315 39.015 9.526 13.391844827586205 58
160 0.2 12.788 0.45899999999999963 39.015 9.526 13.964762499999997 80
170 0 0 0 39.015 9.526 13.936060975609754 82
180 0.6 11.2025 0.6829787087945468 39.015 9.526 13.936060975609754 82
190 3.1 12.69538709677419 5.281377940171512 39.015 9.526 13.749681818181815 88
200 4.3 11.537604651162791 1.3723282904329244 39.015 9.526 13.475033613445374 119
210 0.6 12.114333333333335 0.5694048549923761 39.015 9.526 12.960777777777777 162
220 0 0 0 39.015 9.526 12.93054761904762 168
230 0.3 12.030000000000001 1.823798417223424 39.015 9.526 12.93054761904762 168
240 6.5 16.230984615384607 18.861134747241735 146.128 9.526 12.914748538011697 171
250 9.4 18.339106382978724 11.649449181086853 146.128 9.526 13.828118644067795 236
260 2.7 11.466222222222221 0.8641770794758206 146.128 9.526 15.113066666666667 330
270 0.3 12.919333333333334 1.3679147959170879 146.128 9.526 14.837254901960783 357
280 0 0 0 146.128 9.526 14.821272222222222 360
282 0 0 0 146.128 9.526 14.821272222222222 360
