10 0.7 912.843 43.640857415958266 968.87 836.206 0 0
20 0.5 915.0638000000001 62.05490818106161 1034.513 836.206 912.843 7
30 0.8 930.1759999999999 78.21657192053357 1046.84 816.851 913.7683333333334 12
40 0.3 871.753 50.2988494765702 1046.84 816.851 920.3314 20
50 0.7 911.0754285714287 65.50727377683698 1046.84 816.851 913.9950869565218 23
60 1.8 971.1392222222221 136.33741533724154 1243.925 765.473 913.3138333333335 30
70 0.7 898.598 75.31180405487572 1243.925 765.473 934.9983541666667 48
80 0.1 831.219 0.0 1243.925 765.473 930.3655818181819 55
90 0.4 891.81425 57.59135582001432 1243.925 765.473 928.5951071428572 56
100 1.6 936.8431875000001 77.75824458153839 1243.925 765.473 926.14305 60
110 3.6 999.2446666666668 105.14597622221324 1319.466 765.473 928.3957105263157 76
120 0.4 988.40475 123.13922087494093 1319.466 765.473 951.1685892857142 112
130 0.2 916.152 11.63900000000001 1319.466 765.473 952.4525948275863 116
140 4.3 1222.7274651162786 170.5852065979428 1709.22 765.473 951.8373305084747 118
150 7.2 1203.7261666666668 132.6989312473709 1709.22 765.473 1024.1868695652172 161
160 2.1 977.3944761904762 93.43859725974315 1709.22 765.473 1079.6668240343347 233
170 0.2 981.755 33.04399999999998 1709.22 765.473 1071.2112362204723 254
180 0.2 913.1804999999999 16.766500000000036 1709.22 765.473 1070.512359375 256
190 6.4 1409.1354531250001 210.1289017110934 1958.552 765.473 1069.2927325581395 258
200 13 1496.0564923076925 151.99986831417598 1958.552 765.473 1136.839111801242 322
210 4.5 1190.602888888889 168.01542048781943 1958.552 765.473 1240.1538451327433 452
220 0.5 976.7747999999999 83.11952612088207 1958.552 765.473 1235.6673400402412 497
230 0.6 1407.6876666666667 116.84075963416568 1958.552 765.473 1233.0887290836652 502
240 9.4 2032.3844787234045 393.85084980970134 3070.022 765.473 1235.1509212598423 508
250 21.4 2942.704392523364 406.0787024586148 4155.397 765.473 1359.6358953488373 602
260 20.1 1950.6589154228852 416.6578194338859 4155.397 765.473 1774.8033688725488 816
270 1.3 1093.6466923076923 100.27739934293389 4155.397 765.473 1809.5594798426744 1017
280 0 0 0 4155.397 765.473 1800.5236873786405 1030
282 0 0 0 4155.397 765.473 1800.5236873786405 1030
