0 0.7 46.289857142857144 13.84440641485188 62.069 23.283 0 0
10 1.5 37.70013333333334 12.224491116152398 62.069 23.283 46.289857142857144 7
20 0.8 28.467000000000002 12.190453170411672 62.069 22.053 40.43322727272727 22
30 0 0 0 62.069 22.053 37.24223333333334 30
40 0.6 26.090833333333336 4.523752329525666 62.069 21.822 37.24223333333334 30
50 3.7 28.174756756756747 13.76278649583804 88.718 20.734 35.38366666666667 36
60 1.6 27.739875000000005 8.15501757259756 88.718 20.734 31.729835616438354 73
70 0 0 0 88.718 20.734 31.012539325842695 89
80 0.1 27.652 0.0 88.718 20.734 31.012539325842695 89
90 4 23.407124999999997 3.4799393255306907 88.718 19.569 30.9752 90
100 6.9 23.760999999999996 6.836016511034068 88.718 18.192 28.646561538461537 130
110 1 27.5762 6.127301654072534 88.718 18.192 26.952572864321606 199
120 0 0 0 88.718 18.192 26.982411483253586 209
130 2.9 24.329551724137925 7.8043226818979425 88.718 18.192 26.982411483253586 209
140 13.6 23.782595588235285 12.18666306349756 143.7 18.127 26.659163865546216 238
150 5.4 24.907148148148146 10.651505241231309 143.7 18.127 25.61313903743315 374
160 0.1 23.941 0.0 143.7 18.127 25.524065420560746 428
170 0 0 0 143.7 18.127 25.52037529137529 429
180 7.2 24.647805555555557 14.950630908871453 143.7 18.127 25.52037529137529 429
190 26.7 23.853310861423232 11.643881761204394 143.704 17.905 25.39497604790419 501
200 13.7 24.314240875912425 7.680529571847412 143.704 17.905 24.859006510416673 768
210 0.4 24.310499999999998 3.726834883651274 143.704 17.905 24.776539226519343 905
220 0 0 0 143.704 17.905 24.77448844884489 909
230 11.8 23.802661016949155 12.240518589615299 143.704 17.905 24.77448844884489 909
240 51.4 26.954881322957206 19.65180497872176 186.655 17.905 24.662827653359304 1027
250 27.1 37.466645756457574 29.036450515366678 232.731 17.905 25.427341336794296 1541
260 2.2 24.001727272727273 4.933719426575177 232.731 17.905 27.227921633554093 1812
270 0.1 23.717 0.0 232.731 17.905 27.189221374045808 1834
280 0 0 0 232.731 17.905 27.187329155313357 1835
282 0 0 0 232.731 17.905 27.187329155313357 1835
