0 1.5 3.545666666666666 6.058053049912616 26.208 1.73 0 0
10 1.3 1.8961538461538463 0.16265009454174278 26.208 1.73 3.545666666666666 15
20 0 0 0 26.208 1.73 2.779821428571428 28
30 0 0 0 26.208 1.73 2.779821428571428 28
40 2.2 2.0105 0.9667156557597011 26.208 1.46 2.779821428571428 28
50 3.6 1.9062500000000004 0.42753884651313007 26.208 1.46 2.44132 50
60 0.2 1.7934999999999999 0.1055000000000001 26.208 1.46 2.217337209302326 86
70 0 0 0 26.208 1.46 2.2077045454545456 88
80 2.9 2.250862068965516 2.024038719885496 26.208 1.46 2.2077045454545456 88
90 5.5 1.931145454545455 0.5608650597127722 26.208 1.46 2.2184017094017094 117
100 1 1.8549 0.14329790647458876 26.208 1.46 2.126546511627907 172
110 0 0 0 26.208 1.46 2.111620879120879 182
120 0 0 0 26.208 1.46 2.111620879120879 182
130 12.8 1.9320937500000008 0.6859164198070621 26.208 1.41 2.111620879120879 182
140 10.9 1.842532110091743 0.9449727782964097 26.208 1.334 2.037493548387097 310
150 0 0 0 26.208 1.334 1.9867756563245824 419
160 0 0 0 26.208 1.334 1.9867756563245824 419
170 0 0 0 26.208 1.334 1.9867756563245824 419
180 29 1.8186068965517237 1.5708808304262656 27.158 1.245 1.9867756563245824 419
190 19 1.5201894736842105 0.30756152297631845 27.158 1.223 1.9179901269393511 709
200 0 0 0 27.158 1.223 1.833916573971079 899
210 0 0 0 27.158 1.223 1.833916573971079 899
220 0 0 0 27.158 1.223 1.833916573971079 899
230 0 0 0 27.158 1.223 1.833916573971079 899
240 56.8 1.6315598591549296 0.921722465146049 27.158 1.142 1.833916573971079 899
250 39.2 1.5020586734693895 0.471155639745028 27.158 1.142 1.7555671438309475 1467
260 0 0 0 27.158 1.142 1.7021108122646587 1859
270 0 0 0 27.158 1.142 1.7021108122646587 1859
280 0 0 0 27.158 1.142 1.7021108122646587 1859
290 0 0 0 27.158 1.142 1.7021108122646587 1859
291 0 0 0 27.158 1.142 1.7021108122646587 1859
