0 4.1 69.05434146341462 47.47993912021174 209.604 4.764 0 0
10 11.4 57.91593859649126 53.890516638843714 241.93 4.688 69.05434146341462 41
20 6.7 57.43250746268657 54.88763490236501 241.93 4.688 60.862225806451626 155
30 1.2 42.6315 56.55227972932067 241.93 4.688 59.82713063063065 222
40 4.2 49.96469047619047 44.147660636662394 241.93 4.688 58.945303418803434 234
50 23.8 48.76934873949578 49.894345513060905 252.342 4.25 57.57868840579711 276
60 18.4 46.724179347826094 51.679471143787154 280.703 4.051 53.49965564202334 514
70 4.2 35.52626190476192 34.71102244934633 280.703 4.051 51.713570200573066 698
80 5.9 46.15316949152542 43.73707172436354 280.703 4.051 50.794831081081085 740
90 33.8 50.89627810650886 50.27179045215967 309.706 4.051 50.45208010012516 799
100 30.7 49.58581758957652 59.50872181217782 429.407 4.051 50.584128408091466 1137
110 11.2 45.873705357142875 75.40477827657855 464.412 4.051 50.37188365650969 1444
120 1.1 40.62172727272727 33.20319772138851 464.412 4.051 50.04810732647814 1556
130 39.7 53.95723173803527 52.79253518678145 485.659 4.051 49.98193618379067 1567
140 96.3 59.73433541017654 84.36510751165085 931.48 4.051 50.78549643584521 1964
150 60.8 72.98301315789473 147.83151038170683 1040.931 4.051 53.72971643320806 2927
160 10 49.78422000000001 140.63346934663747 1106.315 4.051 57.041174540311175 3535
170 1.1 29.478181818181817 26.18724305256693 1106.315 4.051 56.841533425034385 3635
180 84.3 65.1834033214709 66.34881080905404 1106.315 4.051 56.758978058145914 3646
190 201 78.10049850746283 138.31951856380434 1772.811 4.051 58.34102094007573 4489
200 107.5 96.3509274418605 270.72958810550284 2102.096 4.051 64.45219956916453 6499
210 22 58.0186045454546 203.64845365647994 2102.096 4.051 68.97967942962772 7574
220 1.2 18.461416666666665 14.80041757551868 2102.096 4.051 68.67028290993076 7794
230 0.4 490.26400000000007 702.1969455679795 2102.096 4.051 68.59309787343075 7806
240 159.4 103.987774153074 110.35447990617232 2102.096 4.051 68.80906248399494 7810
250 375.7 281.1145302102751 528.5570543009165 8388.38 4.051 74.77193641003832 9404
260 228.5 325.4655571115972 1084.3636687404003 12474.582 4.051 133.6754486741132 13161
270 64.1 674.4167394695792 1960.9374969870523 12474.582 4.051 162.04786857438842 15446
280 10.7 90.69807476635512 463.3932174827578 12474.582 4.051 182.46363573071446 16087
290 1.1 343.36381818181826 975.6462603850955 12474.582 4.051 181.85730529825884 16194
291 0 0 0 12474.582 4.051 181.96693637766143 16205
