10 0.1 455 0 455 455 0 0
20 0.1 975.0 0.0 975 455 455.0 1
30 0.1 579.0 0.0 975 455 715.0 2
40 0.1 64.0 0.0 975 64 669.6666666666666 3
50 0.1 561.0 0.0 975 64 518.25 4
60 0.1 2304.0 0.0 2304 64 526.8 5
70 0.1 1965.0 0.0 2304 64 823.0 6
80 0.1 358.0 0.0 2304 64 986.1428571428571 7
90 0.1 757.0 0.0 2304 64 907.625 8
100 0.1 3970.0 0.0 3970 64 890.8888888888889 9
110 0.1 3637.0 0.0 3970 64 1198.8 10
120 0.1 1004.0 0.0 3970 64 1420.4545454545455 11
130 0.1 105.0 0.0 3970 64 1385.75 12
140 0.1 5483.0 0.0 5483 64 1287.2307692307693 13
150 0.1 11103.0 0.0 11103 64 1586.9285714285713 14
160 0.1 6840.0 0.0 11103 64 2221.3333333333335 15
170 0.1 709.0 0.0 11103 64 2510.0 16
180 0.1 87.0 0.0 11103 64 2404.0588235294117 17
190 0.1 13290.0 0.0 13290 64 2275.3333333333335 18
200 0.1 27463.0 0.0 27463 64 2855.0526315789475 19
210 0.1 14197.0 0.0 27463 64 4085.45 20
220 0.1 1789.0 0.0 27463 64 4566.952380952381 21
230 0.1 75.0 0.0 27463 64 4440.681818181818 22
240 0.1 13.0 0.0 27463 13 4250.869565217391 23
250 0.1 40108.0 0.0 40108 13 4074.2916666666665 24
260 0.1 72523.0 0.0 72523 13 5515.64 25
270 0.1 38187.0 0.0 72523 13 8092.846153846154 26
280 0.1 7888.0 0.0 72523 13 9207.444444444445 27
290 0.1 556.0 0.0 72523 13 9160.32142857143 28
