10 0.1 247 0 247 247 0 0
20 0.1 398.0 0.0 398 247 247.0 1
30 0.1 207.0 0.0 398 207 322.5 2
40 0.1 32.0 0.0 398 32 284.0 3
50 0.1 285.0 0.0 398 32 221.0 4
60 0.1 910.0 0.0 910 32 233.8 5
70 0.1 603.0 0.0 910 32 346.5 6
80 0.1 143.0 0.0 910 32 383.14285714285717 7
90 0.1 367.0 0.0 910 32 353.125 8
100 0.1 1384.0 0.0 1384 32 354.6666666666667 9
110 0.1 1064.0 0.0 1384 32 457.6 10
120 0.1 381.0 0.0 1384 32 512.7272727272727 11
130 0.1 45.0 0.0 1384 32 501.75 12
140 0.1 2072.0 0.0 2072 32 466.61538461538464 13
150 0.1 3668.0 0.0 3668 32 581.2857142857143 14
160 0.1 2076.0 0.0 3668 32 787.0666666666667 15
170 0.1 335.0 0.0 3668 32 867.625 16
180 0.1 54.0 0.0 3668 32 836.2941176470588 17
190 0.1 4750.0 0.0 4750 32 792.8333333333334 18
200 0.1 8967.0 0.0 8967 32 1001.1052631578947 19
210 0.1 4548.0 0.0 8967 32 1399.4 20
220 0.1 765.0 0.0 8967 32 1549.3333333333333 21
230 0.1 50.0 0.0 8967 32 1513.6818181818182 22
240 0.1 11.0 0.0 8967 11 1450.0434782608695 23
250 0.1 13310.0 0.0 13310 11 1390.0833333333333 24
260 0.1 22178.0 0.0 22178 11 1866.88 25
270 0.1 11648.0 0.0 22178 11 2648.076923076923 26
280 0.1 2564.0 0.0 22178 11 2981.4074074074074 27
290 0.1 346.0 0.0 22178 11 2966.5 28
