0 230.9453125 230.9453125
10 710.9984375 941.94375
20 559.4203125 1501.3640625
30 90.70078125 1592.06484375
40 261.1984375 1853.26328125
50 1749.6 3602.86328125
60 1822.0625 5424.92578125
70 452.20234375 5877.128125
80 380.4015625 6257.5296875
90 2994.03359375 9251.56328125
100 3603.584375 12855.14765625
110 1148.15625 14003.30390625
120 86.93671875 14090.240625
130 3333.04453125 17423.28515625
140 9353.25625 26776.54140625
150 7574.45390625 34350.9953125
160 710.56953125 35061.56484375
170 56.9578125 35118.52265625
180 9132.77421875 44251.296875
190 24541.00703125 68792.30390625
200 15889.4171875 84681.72109375
210 2080.7140625 86762.43515625
220 22.9359375 86785.37109375
230 38.23203125 86823.603125
240 26823.4703125 113647.0734375
250 70545.31484375 184192.38828125
260 45687.43046875 229879.81875
270 10601.95390625 240481.77265625
280 472.23125 240954.00390625
290 118.4125 241072.41640625
291 0 241072.41640625
