0 0.5 2105.5204 934.1862705740436 3724.052 1066.641 0 0
10 1.6 2620.5489375 2072.12631565825 6796.059 364.301 2105.5204 5
20 0.7 6596.363285714286 2962.079518262451 11848.844 364.301 2497.9230952380954 21
30 0 0 0 11848.844 364.301 3522.533142857143 28
40 0.3 1380.5973333333332 242.32770676686752 11848.844 364.301 3522.533142857143 28
50 3.7 3063.83927027027 1979.5414523538996 11848.844 203.984 3315.2490322580647 31
60 1.9 3717.5755263157903 3048.9516906298754 12574.376 203.984 3178.452544117647 68
70 0.1 14785.161 0.0 14785.161 203.984 3296.1920459770113 87
80 0.4 1377.2649999999999 744.5493575630161 14785.161 203.984 3426.748511363636 88
90 5.3 3579.2569811320755 2204.087009281428 14785.161 203.984 3337.6405326086956 92
100 3.5 5441.099942857142 3015.018303183125 14785.161 203.984 3425.9555103448274 145
110 0.2 6174.792 1507.598 14785.161 203.984 3817.78915 180
120 0 0 0 14785.161 203.984 3843.6902802197806 182
130 5.1 2442.0733333333333 1300.148045218647 14785.161 190.385 3843.6902802197806 182
140 14.2 3924.1935704225343 2496.783619813379 14785.161 190.385 3536.898587982833 233
150 4 6100.083475000001 3122.4740513144934 14785.161 190.385 3683.554288 375
160 0.4 9458.9775 4232.22667583534 14785.161 190.385 3916.4727638554223 415
170 0 0 0 14785.161 190.385 3969.3845035799523 419
180 10.7 2472.954682242991 1490.1108999825217 14785.161 190.385 3969.3845035799523 419
190 30.7 3749.240915309447 2421.398405932656 14785.161 147.572 3664.9776768060838 526
200 6.3 6646.665301587302 3248.481317046214 15718.853 147.572 3696.0326758703486 833
210 0.3 12382.481333333335 3771.131748760164 17054.185 147.572 3903.499032366072 896
220 0 0 0 17054.185 147.572 3931.7937452725255 899
230 0 0 0 17054.185 147.572 3931.7937452725255 899
240 22.6 2378.9507079646023 1358.0600300229523 17054.185 147.572 3931.7937452725255 899
250 57.7 3988.095844020795 2465.9229355274765 17054.185 147.572 3619.84483288889 1125
260 15.4 5777.1634870129865 3435.4627649057616 17054.185 147.572 3744.686685663925 1702
270 0.3 16843.797333333336 4501.409148998147 21566.596 147.572 3913.3296961206897 1856
280 0 0 0 21566.596 147.572 3934.1965077998925 1859
290 0 0 0 21566.596 147.572 3934.1965077998925 1859
291 0 0 0 21566.596 147.572 3934.1965077998925 1859
