10 0.2 21.125999999999998 11.718999999999998 32.845 9.407 0 0
20 0.4 15.571000000000002 8.124590666612074 32.845 9.215 21.125999999999998 2
30 0 0 0 32.845 9.215 17.422666666666668 6
40 0 0 0 32.845 9.215 17.422666666666668 6
50 0.4 14.968499999999999 6.18639040555961 32.845 9.215 17.422666666666668 6
60 0.7 10.836285714285713 2.02096092520971 32.845 8.336 16.441 10
70 0.2 9.9665 0.10050000000000026 32.845 8.336 14.133176470588236 17
80 0 0 0 32.845 8.336 13.694578947368422 19
90 0.7 9.783142857142858 1.1401538027290659 32.845 8.065 13.694578947368422 19
100 1.2 9.987166666666665 2.9416792492648747 32.845 8.065 12.641499999999999 26
110 0.9 14.207444444444443 10.920278823374746 44.097 7.826 11.80328947368421 38
120 0 0 0 44.097 7.826 12.263659574468084 47
130 0.4 12.25825 3.1298487483423223 44.097 7.826 12.263659574468084 47
140 3.9 11.785153846153847 5.810884643090561 44.097 7.826 12.263235294117646 51
150 3.9 11.603948717948718 4.333556583689294 44.097 7.826 12.056066666666668 90
160 0.4 9.97925 1.3281655346755539 44.097 7.826 11.919379844961242 129
170 0.1 11.702 0.0 44.097 7.826 11.861030075187971 133
180 0.6 9.851 0.274460683280259 44.097 7.826 11.859843283582089 134
190 5.6 15.538642857142861 16.280045015105998 130.044 7.826 11.773749999999998 140
200 7.4 13.358121621621617 5.248697277118371 130.044 7.826 12.849433673469388 196
210 1.3 14.70369230769231 5.544499219734198 130.044 7.826 12.988851851851852 270
220 0 0 0 130.044 7.826 13.067625441696112 283
230 0 0 0 130.044 7.826 13.067625441696112 283
240 0.1 16.816 0.0 130.044 7.826 13.067625441696112 283
250 8 38.88079999999998 39.118940730610284 276.047 7.826 13.08082394366197 284
260 14.3 30.1138951048951 16.161430459569058 276.047 7.826 18.751148351648347 364
270 3.9 20.092205128205123 6.133694177705205 276.047 7.826 21.956025641025636 507
280 0.1 14.652 0.0 276.047 7.826 21.8228956043956 546
290 0 0 0 276.047 7.826 21.809786106032902 547
291 0 0 0 276.047 7.826 21.809786106032902 547
