10 0.3 19.896333333333335 16.34686482343191 43.014 8.237 0 0
20 0.3 23.48166666666667 14.115255631959188 43.014 8.237 19.896333333333335 3
30 0 0 0 43.014 8.237 21.689000000000004 6
40 0 0 0 43.014 8.237 21.689000000000004 6
50 0.4 8.243 0.29164447534626825 43.014 7.774 21.689000000000004 6
60 0.4 9.08725 0.9693529736375704 43.014 7.774 16.3106 10
70 0.3 8.699333333333334 1.2386100632922732 43.014 6.981 14.246785714285712 14
80 0 0 0 43.014 6.981 13.267823529411764 17
90 0.2 7.0195 0.8795000000000002 43.014 6.14 13.267823529411764 17
100 0.5 6.8346 0.34499368110155304 43.014 6.14 12.610105263157894 19
110 0.1 7.757 0.0 43.014 6.14 11.406875 24
120 0 0 0 43.014 6.14 11.26088 25
130 0 0 0 43.014 6.14 11.26088 25
140 1.2 8.027333333333333 2.645914408206652 43.014 6.14 11.26088 25
150 1 8.144400000000001 2.376279663675974 43.014 5.906 10.212162162162162 37
160 0.1 8.153 0.0 43.014 5.906 9.772212765957448 47
170 0 0 0 43.014 5.906 9.73847916666667 48
180 0.2 6.279 0.001000000000000334 43.014 5.906 9.73847916666667 48
190 2.2 7.738545454545457 2.217291093516688 43.014 5.906 9.600100000000003 50
200 1.8 8.247722222222224 3.048474168526419 43.014 5.737 9.031291666666668 72
210 0.6 8.072000000000001 2.430975730031051 43.014 5.737 8.87457777777778 90
220 0 0 0 43.014 5.737 8.82441666666667 96
230 0 0 0 43.014 5.737 8.82441666666667 96
240 0.4 6.7837499999999995 0.15599739581159608 43.014 5.737 8.82441666666667 96
250 3 15.242066666666664 13.578834554637679 69.841 5.737 8.742790000000003 100
260 4 11.971775000000003 4.998040658535603 69.841 5.737 10.242623076923078 130
270 0.5 8.6228 3.132668089664144 69.841 5.737 10.649482352941178 170
280 0 0 0 69.841 5.737 10.591577142857144 175
290 0 0 0 69.841 5.737 10.591577142857144 175
291 0 0 0 69.841 5.737 10.591577142857144 175
