10 0.4 25.64075 29.042934884193436 75.944 8.652 0 0
20 0.2 7.6495 0.26049999999999973 75.944 7.389 25.64075 4
30 0 0 0 75.944 7.389 19.643666666666665 6
40 0 0 0 75.944 7.389 19.643666666666665 6
50 0.4 7.08175 0.5308391352377853 75.944 6.248 19.643666666666665 6
60 0.6 6.868833333333334 0.8688834629697022 75.944 5.897 14.6189 10
70 0.1 6.416 0.0 75.944 5.897 11.712625 16
80 0 0 0 75.944 5.897 11.40105882352941 17
90 0.3 6.7700000000000005 0.27872686750054565 75.944 5.897 11.40105882352941 17
100 0.4 6.4325 0.5164423975624001 75.944 5.639 10.706399999999999 20
110 0.1 8.753 0.0 75.944 5.639 9.994083333333332 24
120 0 0 0 75.944 5.639 9.94444 25
130 0 0 0 75.944 5.639 9.94444 25
140 1.4 7.322714285714285 2.97139172367263 75.944 5.618 9.94444 25
150 0.9 7.225222222222222 1.7418453674051027 75.944 5.618 9.003307692307692 39
160 0 0 0 75.944 5.618 8.669916666666666 48
170 0 0 0 75.944 5.618 8.669916666666666 48
180 0.6 6.792833333333333 0.512492411867944 75.944 5.618 8.669916666666666 48
190 2.4 8.053708333333331 3.1217996743220437 75.944 5.618 8.461351851851852 54
200 1.6 9.261687500000003 9.033134019532962 75.944 5.618 8.335923076923077 78
210 0.2 6.5465 0.6195000000000004 75.944 5.618 8.493500000000001 94
220 0 0 0 75.944 5.618 8.4529375 96
230 0 0 0 75.944 5.618 8.4529375 96
240 0.6 7.675333333333334 1.0240684655931078 75.944 5.618 8.4529375 96
250 4.3 20.111209302325573 16.934843419821366 87.341 5.618 8.407196078431374 102
260 2.7 18.753592592592593 24.817194733967188 141.655 5.618 11.878041379310343 145
270 0.3 13.183000000000002 4.335242553767897 141.655 5.618 12.957343023255815 172
280 0 0 0 141.655 5.618 12.961211428571428 175
290 0 0 0 141.655 5.618 12.961211428571428 175
291 0 0 0 141.655 5.618 12.961211428571428 175
