10 0.4 25.353 28.65322916356898 74.979 8.348 0 0
20 0.1 8.497 0.0 74.979 8.348 25.353 4
30 0.1 18.146 0.0 74.979 8.348 21.9818 5
40 0 0 0 74.979 8.348 21.3425 6
50 0.6 8.107333333333333 1.5384725830800134 74.979 6.001 21.3425 6
60 0.7 7.953428571428572 0.6788729856256212 74.979 6.001 14.724916666666667 12
70 0.1 8.025 0.0 74.979 6.001 12.230157894736843 19
80 0 0 0 74.979 6.001 12.019900000000002 20
90 0.3 8.402 1.5742187480355667 74.979 6.001 12.019900000000002 20
100 0.9 7.467222222222222 1.0545138719679505 74.979 5.925 11.548000000000002 23
110 0.2 7.9995 0.05449999999999999 74.979 5.925 10.40028125 32
120 0 0 0 74.979 5.925 10.259058823529413 34
130 0.1 6.13 0.0 74.979 5.925 10.259058823529413 34
140 1.7 8.318882352941177 2.4414640709395217 74.979 5.925 10.141085714285715 35
150 1.1 9.526454545454547 2.592850427395105 74.979 5.925 9.545365384615385 52
160 0.4 8.584 1.524697510983736 74.979 5.925 9.542063492063493 63
170 0 0 0 74.979 5.925 9.484865671641792 67
180 0.8 11.769249999999998 9.61845705856714 74.979 5.925 9.484865671641792 67
190 5.6 8.52541071428571 3.174199920434314 74.979 5.925 9.728533333333335 75
200 3.1 8.602838709677414 3.4422527235365954 74.979 5.925 9.2142213740458 131
210 0.9 8.353222222222222 1.4258436705471982 74.979 5.925 9.097228395061727 162
220 0 0 0 74.979 5.925 9.058070175438596 171
230 0 0 0 74.979 5.925 9.058070175438596 171
240 1 8.958900000000002 2.4529724193312896 74.979 5.925 9.058070175438596 171
250 8.1 23.457185185185192 30.86430354849446 204.901 5.925 9.052591160220993 181
260 8.8 15.16964772727273 6.988122720730857 204.901 5.925 13.505919847328245 262
270 1.2 9.691333333333334 3.710852807045243 204.901 5.925 13.924228571428573 350
280 0.1 7.205 0.0 204.901 5.925 13.783911602209947 362
290 0 0 0 204.901 5.925 13.765787878787881 363
291 0 0 0 204.901 5.925 13.765787878787881 363
