0 0.2 92.39 42.473 134.863 49.917 0 0
10 0.2 53.5285 4.392499999999998 134.863 49.136 92.39 2
20 0 0 0 134.863 49.136 72.95925 4
30 0 0 0 134.863 49.136 72.95925 4
40 0.1 50.093 0.0 134.863 49.136 72.95925 4
50 0.1 51.315 0.0 134.863 49.136 68.386 5
60 0 0 0 134.863 49.136 65.54083333333332 6
70 0 0 0 134.863 49.136 65.54083333333332 6
80 0.1 64.774 0.0 134.863 49.136 65.54083333333332 6
90 0.5 56.8706 4.93633461588657 134.863 49.136 65.4312857142857 7
100 0.1 65.083 0.0 134.863 49.136 61.86433333333333 12
110 0 0 0 134.863 49.136 62.11192307692307 13
120 0 0 0 134.863 49.136 62.11192307692307 13
130 1.1 66.264 7.07000486048438 134.863 49.136 62.11192307692307 13
140 1.5 89.47266666666665 49.04158615388464 232.921 49.136 64.01495833333333 24
150 0 0 0 232.921 49.136 73.8063846153846 39
160 0 0 0 232.921 49.136 73.8063846153846 39
170 0 0 0 232.921 49.136 73.8063846153846 39
180 2.5 93.56503999999997 16.3267301747288 232.921 49.136 73.8063846153846 39
190 1.8 126.19905555555559 38.238298482414805 232.921 49.136 81.52460937499998 64
200 0 0 0 232.921 49.136 91.33119512195121 82
210 0 0 0 232.921 49.136 91.33119512195121 82
220 0 0 0 232.921 49.136 91.33119512195121 82
230 0 0 0 232.921 49.136 91.33119512195121 82
240 6.1 234.12636065573764 103.88995787031661 751.408 49.136 91.33119512195121 82
250 4.4 783.5611590909092 556.2143662641533 2734.141 49.136 152.24381818181814 143
260 0 0 0 2734.141 49.136 300.78907486631016 187
270 0 0 0 2734.141 49.136 300.78907486631016 187
280 0 0 0 2734.141 49.136 300.78907486631016 187
290 0 0 0 2734.141 49.136 300.78907486631016 187
291 0 0 0 2734.141 49.136 300.78907486631016 187
