10 0.3 186.95466666666667 10.902527668185723 202.313 178.097 0 0
20 0.3 187.40366666666668 9.708253064045833 202.313 178.097 186.95466666666667 3
30 0 0 0 202.313 178.097 187.17916666666667 6
40 0 0 0 202.313 178.097 187.17916666666667 6
50 0.7 183.05828571428574 16.419592753904762 210.059 164.085 187.17916666666667 6
60 0.6 209.883 38.56022040047662 276.57 164.085 184.96023076923078 13
70 0 0 0 276.57 164.085 192.83057894736842 19
80 0 0 0 276.57 164.085 192.83057894736842 19
90 0.9 174.77455555555557 5.56043351849298 276.57 164.085 192.83057894736842 19
100 1.5 179.7296 7.243479760446632 276.57 164.085 187.02685714285715 28
110 0.4 180.1855 10.934371369676452 276.57 164.085 184.4813023255814 43
120 0 0 0 276.57 164.085 184.11570212765957 47
130 0.5 185.3538 21.540561426295273 276.57 164.085 184.11570212765957 47
140 4.5 192.2072666666667 37.69251177291201 402.291 164.085 184.23475000000002 52
150 3.5 208.59339999999997 35.508392323264324 402.291 164.085 187.93334020618556 97
160 0.2 195.4275 10.11849999999999 402.291 164.085 193.41138636363635 132
170 0 0 0 402.291 164.085 193.4414776119403 134
180 1.3 204.4354615384615 21.409021044752944 402.291 164.085 193.4414776119403 134
190 6.8 238.1476470588235 67.30975365422964 495.006 164.085 194.41373469387756 147
200 6.2 245.97022580645162 77.48742212593736 534.801 164.085 208.24585581395348 215
210 0.6 208.41216666666665 33.39160570371276 534.801 164.085 216.68957761732852 277
220 0 0 0 534.801 164.085 216.5140848056537 283
230 0 0 0 534.801 164.085 216.5140848056537 283
240 0.6 381.70733333333334 67.51312424920718 534.801 164.085 216.5140848056537 283
250 10.6 981.4752452830191 554.2398837153186 2952.681 164.085 219.94370242214532 289
260 12.9 881.1957286821706 496.57093271201114 4426.868 164.085 424.3040658227849 395
270 2.2 462.6336363636363 261.8413735901854 4426.868 164.085 536.7831202290077 524
280 0.1 208.223 0.0 4426.868 164.085 533.7954120879122 546
290 0 0 0 4426.868 164.085 533.2002157221208 547
291 0 0 0 4426.868 164.085 533.2002157221208 547
