10 0.3 136.476 13.743079785841305 154.998 122.115 0 0
20 0.3 114.47233333333332 0.21651225266842677 154.998 114.226 136.476 3
30 0 0 0 154.998 114.226 125.47416666666668 6
40 0 0 0 154.998 114.226 125.47416666666668 6
50 0.1 117.112 0.0 154.998 114.226 125.47416666666668 6
60 0.7 118.72971428571428 2.753013347188121 154.998 114.106 124.27957142857143 7
70 0.3 116.02033333333334 1.9811204461673222 154.998 113.905 121.50464285714285 14
80 0 0 0 154.998 113.905 120.53682352941178 17
90 0.1 124.92 0.0 154.998 113.905 120.53682352941178 17
100 0.5 119.199 3.6494014851753396 154.998 113.665 120.78033333333335 18
110 0.1 116.398 0.0 154.998 113.665 120.4365652173913 23
120 0.1 114.368 0.0 154.998 113.665 120.26829166666668 24
130 0 0 0 154.998 113.665 120.03228000000001 25
140 0.7 126.32557142857142 3.9996396929560314 154.998 113.665 120.03228000000001 25
150 1.4 123.4797142857143 3.135047332259953 154.998 113.665 121.40893750000001 32
160 0.2 115.29650000000001 0.45049999999999457 154.998 113.665 122.03917391304348 46
170 0 0 0 154.998 113.665 121.75822916666668 48
180 0 0 0 154.998 113.665 121.75822916666668 48
190 1.6 126.16318749999999 1.6145039183426484 154.998 113.665 121.75822916666668 48
200 2.6 125.28823076923078 1.7427657574117934 154.998 113.665 122.85946875 64
210 0.6 117.52083333333333 2.7441845429117073 154.998 113.37 123.56111111111112 90
220 0 0 0 154.998 113.37 123.18359375 96
230 0 0 0 154.998 113.37 123.18359375 96
240 0 0 0 154.998 113.37 123.18359375 96
250 2.7 145.15414814814818 14.16499938869593 175.812 113.37 123.18359375 96
260 4.4 138.15288636363633 6.830043788013194 175.812 113.37 128.00639837398373 123
270 0.7 127.39185714285713 2.1870623760502728 175.812 113.37 130.6797245508982 167
280 0.1 119.133 0.0 175.812 113.37 130.54745402298846 174
290 0 0 0 175.812 113.37 130.48222857142852 175
291 0 0 0 175.812 113.37 130.48222857142852 175
