10 0.3 18.240333333333332 10.749495936502736 33.358 9.296 0 0
20 0.3 21.669 8.439008630560028 33.358 9.296 18.240333333333332 3
30 0 0 0 33.358 9.296 19.954666666666668 6
40 0 0 0 33.358 9.296 19.954666666666668 6
50 0.8 14.342749999999999 5.61561719114649 33.358 9.296 19.954666666666668 6
60 1.1 14.981272727272728 7.635040609416431 34.438 8.939 16.747857142857143 14
70 0.1 11.612 0.0 34.438 8.939 15.97056 25
80 0 0 0 34.438 8.939 15.802923076923078 26
90 1.7 10.019941176470589 2.3697062481291105 34.438 8.17 15.802923076923078 26
100 1.8 9.170055555555557 0.9435242134455396 34.438 7.654 13.516627906976744 43
110 0.2 9.879999999999999 0.5660000000000003 34.438 7.654 12.234032786885248 61
120 0 0 0 34.438 7.654 12.159301587301588 63
130 0.7 9.498428571428573 0.6950872210722623 34.438 7.654 12.159301587301588 63
140 3.1 11.933451612903221 7.645290267865358 42.997 7.654 11.893214285714286 70
150 2.9 10.031551724137929 2.0089962253651716 42.997 7.654 11.905564356435644 101
160 0.1 9.82 0.0 42.997 7.654 11.487515384615385 130
170 0 0 0 42.997 7.654 11.474786259541984 131
180 1 9.668000000000001 0.7341463069443306 42.997 7.654 11.474786259541984 131
190 7.7 11.25844155844156 4.1283878004616 42.997 7.654 11.346645390070922 141
200 4.7 11.466276595744683 4.6945905207523 42.997 7.654 11.315490825688073 218
210 0.2 9.611 0.9149999999999996 42.997 7.654 11.342233962264151 265
220 0 0 0 42.997 7.654 11.329265917602998 267
230 0 0 0 42.997 7.654 11.329265917602998 267
240 3.6 11.923888888888886 3.102956088579779 42.997 7.654 11.329265917602998 267
250 17.2 39.34896511627908 37.33429948559606 190.899 7.654 11.399914191419143 303
260 10.4 23.09871153846154 11.945816806983974 190.899 7.654 21.52041263157895 475
270 0.7 16.942571428571426 8.9903083191551 190.899 7.654 21.803906735751298 579
280 0.1 8.616 0.0 190.899 7.654 21.745836177474406 586
290 0 0 0 190.899 7.654 21.723468483816017 587
291 0 0 0 190.899 7.654 21.723468483816017 587
