10 0.2 14.100999999999999 4.241 18.342 9.86 0 0
20 0.2 44.430499999999995 32.6365 77.067 9.86 14.100999999999999 2
30 0.2 10.386 1.0850000000000004 77.067 9.301 29.265749999999997 4
40 0 0 0 77.067 9.301 22.972499999999997 6
50 0.4 9.80625 0.19443041814489834 77.067 9.301 22.972499999999997 6
60 1.1 10.653999999999998 2.5924764923980237 77.067 8.374 17.705999999999996 10
70 0.4 11.97375 3.8928059529727403 77.067 8.374 14.012095238095233 21
80 0.1 11.475 0.0 77.067 8.374 13.685959999999996 25
90 0.8 13.467500000000001 6.127727045977163 77.067 8.374 13.600923076923074 26
100 1.8 9.6465 1.0531241485324618 77.067 8.374 13.569529411764703 34
110 1 12.7896 5.234658560020892 77.067 8.374 12.211557692307691 52
120 0.1 12.052 0.0 77.067 8.374 12.304790322580644 62
130 0.2 9.116 0.0819999999999994 77.067 8.374 12.300777777777776 63
140 2 11.24045 5.372662873054664 77.067 8.034 12.202784615384614 65
150 4.1 10.215560975609757 1.796729264847663 77.067 7.826 11.976352941176469 85
160 0.4 9.5525 0.4465212760888334 77.067 7.826 11.403396825396824 126
170 0.1 10.069 0.0 77.067 7.826 11.346446153846152 130
180 0.2 10.656500000000001 1.1515 77.067 7.826 11.336694656488548 131
190 4.7 10.855297872340428 2.3506728589906922 77.067 7.826 11.326466165413533 133
200 7.5 10.284440000000002 1.9168729830290447 77.067 7.826 11.203438888888888 180
210 1.2 10.02875 1.9025033125244926 77.067 7.819 10.933145098039217 255
220 0 0 0 77.067 7.819 10.892498127340824 267
230 0 0 0 77.067 7.819 10.892498127340824 267
240 0.6 16.1215 10.708423751888043 77.067 7.819 10.892498127340824 267
250 12.4 30.985564516129006 24.875271035074544 147.353 7.819 11.007421245421245 273
260 16.1 27.238577639751565 20.98044539036608 189.202 7.819 17.247445843828707 397
270 2.8 14.648392857142856 6.274988960373245 189.202 7.819 20.1301917562724 558
280 0.1 8.882 0.0 189.202 7.819 19.868262798634813 586
290 0 0 0 189.202 7.819 19.8495468483816 587
291 0 0 0 189.202 7.819 19.8495468483816 587
