10 0.4 73.90725 13.01564858881416 88.019 54.695 0 0
20 0.5 68.7184 9.491769268160708 88.019 53.839 73.90725 4
30 0.2 81.898 16.179000000000002 98.077 53.839 71.02455555555555 9
40 0.1 90.191 0.0 98.077 53.839 73.00154545454546 11
50 0.9 69.94433333333333 14.154045507282444 98.077 53.839 74.43400000000001 12
60 1.9 69.73915789473683 12.341591798992706 107.728 53.839 72.50985714285714 21
70 1 60.907600000000016 5.432537661167197 107.728 51.876 71.193775 40
80 0.2 64.2795 7.8515000000000015 107.728 51.876 69.13654000000001 50
90 1.8 67.14394444444441 8.554502475774065 107.728 51.876 68.94973076923078 52
100 3.6 62.29258333333334 7.6607157968973985 107.728 51.876 68.48538571428573 70
110 1.8 62.43438888888889 6.366676048325451 107.728 51.876 66.38216981132076 106
120 0.2 61.157 5.570999999999998 107.728 51.876 65.80910483870969 124
130 0.3 61.95666666666667 1.202452031845299 107.728 51.876 65.73526190476191 126
140 4.6 66.92197826086958 12.43360268628514 120.587 51.876 65.64738759689925 129
150 7.7 70.14733766233766 17.641421907684915 131.553 51.876 65.98242285714288 175
160 0.9 60.05944444444445 6.649031460147011 131.553 51.876 67.25503571428573 252
170 0.1 101.466 0.0 131.553 51.876 67.00691187739466 261
180 0.7 69.04342857142856 6.006912633604312 131.553 51.876 67.13843511450384 262
190 9.8 72.44298979591842 14.509590556323115 131.553 51.876 67.18800743494425 269
200 14 68.75072857142861 14.339405521072175 131.553 51.876 68.59124523160766 367
210 2.7 59.097481481481495 5.901243317649387 131.553 51.496 68.63528402366869 507
220 0 0 0 131.553 51.496 68.15303558052437 534
230 0 0 0 131.553 51.496 68.15303558052437 534
240 1.9 87.175 32.251887398055366 212.288 51.496 68.15303558052437 534
250 24.3 182.0064938271604 94.42280138244365 567.343 51.496 68.80659312839063 553
260 31.4 134.96351273885344 51.26727752137479 567.343 51.496 103.36384924623115 796
270 6.1 81.42037704918035 28.539835465517623 567.343 51.496 112.30285315315314 1110
280 0.2 64.5565 2.262500000000003 567.343 51.496 110.69411614005122 1171
290 0.1 56.488 0.0 567.343 51.496 110.61545012787722 1173
291 0 0 0 567.343 51.496 110.56934497444632 1174
