10 0.3 19.787666666666667 10.316905554584778 33.965 9.714 0 0
20 0.2 12.222 5.241999999999999 33.965 6.98 19.787666666666667 3
30 0.1 9.664 0.0 33.965 6.98 16.761400000000002 5
40 0 0 0 33.965 6.98 15.578500000000004 6
50 0.4 15.9035 13.156958510613308 38.66 6.98 15.578500000000004 6
60 0.6 8.037833333333333 0.6414463907624877 38.66 6.98 15.7085 10
70 0.4 8.602 1.3020873626604323 38.66 6.653 12.832 16
80 0 0 0 38.66 6.653 11.986 20
90 0.1 7.42 0.0 38.66 6.653 11.986 20
100 0.3 8.488 0.06530441536884433 38.66 6.653 11.768571428571429 21
110 0.8 8.435624999999998 1.2708160702379396 38.66 6.653 11.358500000000001 24
120 0.2 7.663 0.5280000000000005 38.66 6.653 10.627781250000002 32
130 0 0 0 38.66 6.653 10.453382352941178 34
140 1.1 7.772636363636365 0.917768367759264 38.66 6.653 10.453382352941178 34
150 0.9 9.19211111111111 3.867683528488753 38.66 6.653 9.798088888888891 45
160 1.2 9.408 2.6740265518502246 38.66 6.653 9.697092592592593 54
170 0.1 9.474 0.0 38.66 6.653 9.644530303030303 66
180 0.2 7.4225 0.9325000000000001 38.66 6.49 9.641985074626866 67
190 3.4 8.167794117647057 1.3588992902867634 38.66 6.49 9.577652173913044 69
200 4.5 8.231666666666664 1.9221800470646166 38.66 6.49 9.11226213592233 103
210 1.8 8.4685 2.460739506056395 38.66 5.796 8.844513513513514 148
220 0.5 9.3706 3.0461338512941287 38.66 5.796 8.803740963855422 166
230 0 0 0 38.66 5.796 8.820315789473685 171
240 0 0 0 38.66 5.796 8.820315789473685 171
250 4 24.430100000000003 23.712438547943567 140.66 5.796 8.820315789473685 171
260 9.3 18.027634408602147 9.99884169074926 140.66 5.796 11.779516587677726 211
270 5.2 10.99488461538462 4.528338354840236 140.66 5.796 13.690947368421051 304
280 0.6 9.750666666666666 5.515938803947057 140.66 5.796 13.297140449438203 356
290 0.1 9.149 0.0 140.66 5.796 13.2383591160221 362
291 0 0 0 140.66 5.796 13.227093663911846 363
