0 0.1 0.00794135169399156 0 0.00794135169399156 0.00794135169399156 0 0
10 0.1 0.028108603314733076 0.0 0.028108603314733076 0.00794135169399156 0.00794135169399156 1
20 0.1 0.027064162884623395 0.0 0.028108603314733076 0.00794135169399156 0.018024977504362317 2
30 0.1 0.012491152100595412 0.0 0.028108603314733076 0.00794135169399156 0.02103803929778268 3
40 0.1 0.004164367588727057 0.0 0.028108603314733076 0.004164367588727057 0.01890131749848586 4
50 0.1 0.009367096512317732 0.0 0.028108603314733076 0.004164367588727057 0.0159539275165341 5
60 0.1 0.004163804051381342 0.0 0.028108603314733076 0.004163804051381342 0.014856122349164705 6
70 0.1 0.003123210660559055 0.0 0.028108603314733076 0.003123210660559055 0.013328648306624225 7
80 0.1 0.006245576050297706 0.0 0.028108603314733076 0.003123210660559055 0.012052968600866078 8
90 0.1 0.00416324066653483 0.0 0.028108603314733076 0.003123210660559055 0.011407702761914036 9
94 0.1 0.006246356292162905 0.0 0.028108603314733076 0.003123210660559055 0.010683256552376116 10
