0 4.7 72.07738297872342 57.71181743491156 202.611 5.715 0 0
10 12.3 134.76998373983727 235.94709478203163 1141.729 5.247 72.07738297872342 47
20 4.1 173.04231707317072 287.51588157589293 1141.729 5.247 117.43732352941169 170
30 1.3 295.3633076923078 377.28732141828226 1141.729 5.247 128.2420853080568 211
40 0 0 0 1141.729 5.247 137.94108482142852 224
50 0 0 0 1141.729 5.247 137.94108482142852 224
60 0 0 0 1141.729 5.247 137.94108482142852 224
70 1.5 20012.182866666673 28278.951245350047 60009.477 5.247 137.94108482142852 224
80 1.6 11266.220062499999 23412.366083222118 60009.477 5.247 1385.2784351464438 239
90 0.4 15015.50025 25974.106112067624 60009.477 5.247 2005.2590862745099 255
94 0.1 31.972 0.0 60009.477 5.247 2206.189451737452 259
