10 0.7 11657.410857142857 3209.030841669689 18049.471 7456.653 0 0
20 1 13358.788 3899.8831480476692 19057.65 7456.653 11657.410857142857 7
30 0.4 27526.517 3721.0139869594022 31852.679 7456.653 12658.22094117647 17
40 0 0 0 31852.679 7456.653 15490.277333333335 21
50 0 0 0 31852.679 7456.653 15490.277333333335 21
60 0 0 0 31852.679 7456.653 15490.277333333335 21
70 0.2 70647.235 2967.8070000000007 73615.042 7456.653 15490.277333333335 21
80 0.5 75185.4806 1696.280867034183 77119.245 7456.653 20286.53452173913 23
90 0.1 84192.228 0.0 84192.228 7456.653 30089.917749999997 28
94 0.1 95610.121 0.0 95610.121 7456.653 31955.51465517241 29
