0 0.6 2568.2096666666666 1442.8406704952638 5587.838 1036.423 0 0
10 2.1 3980.4920000000006 1751.1189636670006 8019.781 1036.423 2568.2096666666666 6
20 0.3 6546.444666666666 4443.437136996565 12794.785 1036.423 3666.651481481482 27
30 0 0 0 12794.785 1036.423 3954.6308000000004 30
40 0 0 0 12794.785 1036.423 3954.6308000000004 30
50 0 0 0 12794.785 1036.423 3954.6308000000004 30
60 0 0 0 12794.785 1036.423 3954.6308000000004 30
70 0 0 0 12794.785 1036.423 3954.6308000000004 30
80 0 0 0 12794.785 1036.423 3954.6308000000004 30
90 0 0 0 12794.785 1036.423 3954.6308000000004 30
94 0 0 0 12794.785 1036.423 3954.6308000000004 30
