0 1.3 96.64215384615385 33.50273175049404 202.731 76.959 0 0
10 0.7 85.49499999999999 7.8881019082087 202.731 74.53 96.64215384615385 13
20 0 0 0 202.731 74.53 92.74064999999999 20
30 0 0 0 202.731 74.53 92.74064999999999 20
40 0 0 0 202.731 74.53 92.74064999999999 20
50 0 0 0 202.731 74.53 92.74064999999999 20
60 0 0 0 202.731 74.53 92.74064999999999 20
70 0 0 0 202.731 74.53 92.74064999999999 20
80 0 0 0 202.731 74.53 92.74064999999999 20
90 0 0 0 202.731 74.53 92.74064999999999 20
94 0 0 0 202.731 74.53 92.74064999999999 20
