0 0.4 92.834 10.610217528401572 109.744 80.888 0 0
10 2.1 107.03199999999998 40.595704291862965 233.848 80.706 92.834 4
20 0.4 103.247 11.764716847421363 233.848 80.706 104.76032 25
30 0.1 158.97 0.0 233.848 80.706 104.55158620689654 29
40 0 0 0 233.848 80.706 106.36553333333332 30
50 0 0 0 233.848 80.706 106.36553333333332 30
60 0 0 0 233.848 80.706 106.36553333333332 30
70 0 0 0 233.848 80.706 106.36553333333332 30
80 0 0 0 233.848 80.706 106.36553333333332 30
90 0 0 0 233.848 80.706 106.36553333333332 30
94 0 0 0 233.848 80.706 106.36553333333332 30
