10 0.6 891.8741666666668 123.57998528809412 1147.318 780.459 0 0
20 0.4 854.15525 45.56909467706704 1147.318 780.459 891.8741666666668 6
30 0.4 861.10575 26.513756461269356 1147.318 780.459 876.7866000000001 10
40 0 0 0 1147.318 780.459 872.3063571428572 14
50 0 0 0 1147.318 780.459 872.3063571428572 14
60 0 0 0 1147.318 780.459 872.3063571428572 14
70 0 0 0 1147.318 780.459 872.3063571428572 14
80 0 0 0 1147.318 780.459 872.3063571428572 14
90 0 0 0 1147.318 780.459 872.3063571428572 14
94 0 0 0 1147.318 780.459 872.3063571428572 14
