0 1.5 2.0339333333333336 3.4256408153155165 14.84 0.912 0 0
10 1.2 1.0175 0.12820263907840065 14.84 0.859 2.0339333333333336 15
20 0 0 0 14.84 0.859 1.5821851851851856 27
30 0.4 1.0565 0.09829165783524053 14.84 0.859 1.5821851851851856 27
40 3.9 1.085102564102564 0.2885415843355361 14.84 0.71 1.5143548387096777 31
50 1.4 1.1784285714285718 0.21213934581028648 14.84 0.71 1.2752000000000001 70
60 0 0 0 14.84 0.71 1.2590714285714288 84
70 0 0 0 14.84 0.71 1.2590714285714288 84
80 4.3 1.244232558139535 1.6640277395553642 14.84 0.71 1.2590714285714288 84
90 6.6 1.0163636363636366 0.14813708192523 14.84 0.71 1.2540472440944885 127
100 0 0 0 14.84 0.71 1.1727668393782387 193
110 0 0 0 14.84 0.71 1.1727668393782387 193
120 0 0 0 14.84 0.71 1.1727668393782387 193
130 11.1 1.1921261261261262 0.9167125962329746 14.84 0.71 1.1727668393782387 193
140 12.9 1.125224806201551 1.3429817238899724 14.84 0.655 1.1798355263157898 304
150 0 0 0 14.84 0.655 1.1635658198614323 433
160 0 0 0 14.84 0.655 1.1635658198614323 433
170 0 0 0 14.84 0.655 1.1635658198614323 433
180 5.1 0.9086666666666667 0.1276729379507158 14.84 0.655 1.1635658198614323 433
190 32.8 0.9773689024390237 0.39570848919777507 14.84 0.641 1.1367066115702482 484
200 11.1 1.0634684684684688 1.0702359832376096 14.84 0.607 1.0723435960591132 812
210 3.4 1.1877941176470586 1.006472575805099 14.84 0.607 1.0712762730227519 923
220 3.3 1.0116969696969695 0.209212011482116 14.84 0.591 1.075415882967607 957
230 0.7 0.971857142857143 0.1733661925944441 14.84 0.591 1.0732919191919192 990
240 0 0 0 14.84 0.591 1.072579739217653 997
249 0 0 0 14.84 0.591 1.072579739217653 997
