0 0.1 375597.96484375 0 375597.96484375 375597.96484375 0 0
10 0.1 375596.87890625 0.0 375597.96484375 375596.87890625 375597.96484375 1
20 0.1 375587.1953125 0.0 375597.96484375 375587.1953125 375597.421875 2
30 0.1 375588.16015625 0.0 375597.96484375 375587.1953125 375594.0130208333 3
40 0.1 375591.984375 0.0 375597.96484375 375587.1953125 375592.5498046875 4
50 0.1 375582.08203125 0.0 375597.96484375 375582.08203125 375592.43671875 5
60 0.1 375573.16015625 0.0 375597.96484375 375573.16015625 375590.7109375 6
70 0.1 375575.75 0.0 375597.96484375 375573.16015625 375588.20368303574 7
80 0.1 375582.76171875 0.0 375597.96484375 375573.16015625 375586.64697265625 8
90 0.1 375585.421875 0.0 375597.96484375 375573.16015625 375586.21527777775 9
100 0.1 375546.37890625 0.0 375597.96484375 375546.37890625 375586.1359375 10
110 0.1 375542.6015625 0.0 375597.96484375 375542.6015625 375582.5216619318 11
120 0.1 375554.484375 0.0 375597.96484375 375542.6015625 375579.1949869792 12
130 0.1 375563.33203125 0.0 375597.96484375 375542.6015625 375577.29417067306 13
140 0.1 375555.671875 0.0 375597.96484375 375542.6015625 375576.296875 14
150 0.1 375503.3203125 0.0 375597.96484375 375503.3203125 375574.921875 15
160 0.1 375468.0390625 0.0 375597.96484375 375468.0390625 375570.44677734375 16
170 0.1 375467.42578125 0.0 375597.96484375 375467.42578125 375564.42279411765 17
180 0.1 375510.65234375 0.0 375597.96484375 375467.42578125 375559.03407118056 18
190 0.1 375526.73828125 0.0 375597.96484375 375467.42578125 375556.4876644737 19
200 0.1 375500.7265625 0.0 375597.96484375 375467.42578125 375555.0001953125 20
210 0.1 375439.671875 0.0 375597.96484375 375439.671875 375552.41573660716 21
220 0.1 375403.4765625 0.0 375597.96484375 375403.4765625 375547.291015625 22
230 0.1 375432.11328125 0.0 375597.96484375 375403.4765625 375541.03821331525 23
240 0.1 375489.98046875 0.0 375597.96484375 375403.4765625 375536.4996744792 24
249 0.1 375500.8125 0.0 375597.96484375 375403.4765625 375534.63890625 25
