0 0.1 0.01953125 0 0.01953125 0.01953125 0 0
10 0.1 0.01953125 0.0 0.01953125 0.01953125 0.01953125 1
20 0.1 0.1015625 0.0 0.1015625 0.01953125 0.01953125 2
30 0.1 0.078125 0.0 0.1015625 0.01953125 0.046875 3
40 0.1 0.0703125 0.0 0.1015625 0.01953125 0.0546875 4
50 0.1 0.05859375 0.0 0.1015625 0.01953125 0.0578125 5
60 0.1 0.05078125 0.0 0.1015625 0.01953125 0.057942708333333336 6
70 0.1 0.0390625 0.0 0.1015625 0.01953125 0.056919642857142856 7
80 0.1 0.03125 0.0 0.1015625 0.01953125 0.0546875 8
90 0.1 0.03125 0.0 0.1015625 0.01953125 0.052083333333333336 9
100 0.1 0.1015625 0.0 0.1015625 0.01953125 0.05 10
110 0.1 0.078125 0.0 0.1015625 0.01953125 0.0546875 11
120 0.1 0.0703125 0.0 0.1015625 0.01953125 0.056640625 12
130 0.1 0.05859375 0.0 0.1015625 0.01953125 0.057692307692307696 13
140 0.1 0.05078125 0.0 0.1015625 0.01953125 0.05775669642857143 14
150 0.1 0.0390625 0.0 0.1015625 0.01953125 0.057291666666666664 15
160 0.1 0.03125 0.0 0.1015625 0.01953125 0.05615234375 16
170 0.1 0.03125 0.0 0.1015625 0.01953125 0.0546875 17
180 0.1 0.01953125 0.0 0.1015625 0.01953125 0.053385416666666664 18
190 0.1 0.01953125 0.0 0.1015625 0.01953125 0.051603618421052634 19
200 0.1 0.16015625 0.0 0.16015625 0.01953125 0.05 20
210 0.1 0.140625 0.0 0.16015625 0.01953125 0.05524553571428571 21
220 0.1 0.12109375 0.0 0.16015625 0.01953125 0.059126420454545456 22
230 0.1 0.1015625 0.0 0.16015625 0.01953125 0.06182065217391304 23
240 0.1 0.078125 0.0 0.16015625 0.01953125 0.0634765625 24
249 0.1 0.0703125 0.0 0.16015625 0.01953125 0.0640625 25
