10 0.9 11040.945777777779 4223.32158362135 17652.758 3899.628 0 0
20 1.4 13164.2135 3400.2898955979945 21086.63 3899.628 11040.945777777779 9
30 0.4 21404.6585 1950.0902817688336 23527.687 3899.628 12333.369608695653 23
40 0.6 8733.541333333333 1450.842840609631 23527.687 3899.628 13677.264259259262 27
50 2.5 11761.24268 3188.7920285521122 23527.687 3899.628 12778.405545454547 33
60 1.7 16941.415588235297 4240.593836963334 23906.286 3899.628 12339.973275862068 58
70 0.8 24816.39 4940.761239840654 32137.235 3899.628 13382.966866666668 75
80 0.1 32267.846 0.0 32267.846 3899.628 14484.983554216868 83
90 1.7 9057.251058823531 2302.525452036 32267.846 3899.628 14696.684297619047 84
100 5.7 13968.78943859649 4146.46293670357 32267.846 3899.628 13747.472762376236 101
110 2.8 20803.391071428567 4425.791697738352 32267.846 3899.628 13827.314854430377 158
120 0.7 31328.810285714284 6466.159977433123 45769.835 3899.628 14877.476865591394 186
130 0 0 0 45769.835 3899.628 15474.157352331602 193
140 0.3 10137.605333333333 2380.010570646881 45769.835 3899.628 15474.157352331602 193
150 2.4 20203.629666666664 2021.378711402106 45769.835 3899.628 15392.475433673464 196
160 14.4 25630.506888888907 3567.712708431462 45769.835 3899.628 15917.32862272727 220
170 6.3 30722.784349206355 4351.183538187034 45769.835 3899.628 19759.904640109893 364
180 0.6 40963.96133333333 2960.6744314288535 45769.835 3899.628 21377.378695550356 427
190 0 0 0 45769.835 3899.628 21648.786307159357 433
200 3.6 15749.823055555558 2961.395959434305 45769.835 3899.628 21648.786307159357 433
210 12.9 22329.710961240293 4360.58158489075 45769.835 3899.628 21195.987422174843 469
220 22.9 29752.093401746733 4247.05666730001 45769.835 3899.628 21440.553202341136 598
230 7.9 34151.087670886074 4508.600297605741 47846.762 3899.628 23742.0558694075 827
240 0.5 44032.1274 4307.672662417912 50231.67 3899.628 24649.686677704198 906
249 0.1 58595.709 0.0 58595.709 3899.628 24756.066703622393 911
