0 203.18671875 203.18671875
10 782.0046875 985.19140625
20 446.45703125 1431.6484375
30 110.18515625 1541.83359375
40 504.10546875 2045.9390625
50 1477.13359375 3523.07265625
60 390.45 3913.52265625
70 19.628125 3933.15078125
80 191.10078125 4124.2515625
90 1646.5125 5770.7640625
100 2243.2953125 8014.059375
110 590.0671875 8604.1265625
120 96.7421875 8700.86875
130 522.8703125 9223.7390625
140 1057.25859375 10280.99765625
150 3127.6140625 13408.61171875
160 6567.28203125 19975.89375
170 1194.73359375 21170.62734375
180 210.48515625 21381.1125
190 905.21875 22286.33125
200 1963.3390625 24249.6703125
210 4646.896875 28896.5671875
220 5337.8703125 34234.4375
230 1065.0703125 35299.5078125
240 11.47421875 35310.98203125
249 5.4140625 35316.39609375
