0 17.2953125 17.2953125
10 52.4921875 69.7875
20 23.265625 93.053125
30 7.11328125 100.16640625
40 65.415625 165.58203125
50 110.27890625 275.8609375
60 30.19296875 306.05390625
70 4.8 310.85390625
80 38.79921875 349.653125
90 181.56171875 531.21484375
100 142.79609375 674.0109375
110 36.92421875 710.93515625
120 5.21796875 716.153125
130 79.22421875 795.37734375
140 247.12734375 1042.5046875
150 267.26875 1309.7734375
160 249.8453125 1559.61875
170 55.4625 1615.08125
180 18.38671875 1633.46796875
190 274.60859375 1908.0765625
200 570.17734375 2478.25390625
210 411.35234375 2889.60625
220 249.0421875 3138.6484375
230 53.31640625 3191.96484375
240 2.52265625 3194.4875
249 1.821875 3196.309375
