0 0.8 2809.6443750000003 1650.2937353861387 5471.517 861.955 0 0
10 1.5 2413.6281999999997 1244.4905269934466 5761.571 861.955 2809.6443750000003 8
20 0.4 7293.7029999999995 3943.7686300313057 10523.346 624.59 2551.372956521739 23
30 0 0 0 10523.346 624.59 3253.94037037037 27
40 2.4 2964.7884166666663 1442.3891532371422 10523.346 624.59 3253.94037037037 27
50 3 4101.624966666666 2728.9634939567254 10523.346 488.487 3117.8688627450974 51
60 0.3 5551.772666666667 1031.6705164891016 10523.346 488.487 3482.2229753086417 81
70 0 0 0 10523.346 488.487 3556.1354642857136 84
80 1.4 2248.2312142857145 1274.0663876382569 10523.346 477.825 3556.1354642857136 84
90 6.9 3175.129913043478 1737.387294987478 10523.346 451.081 3369.292 98
100 2.5 5217.618919999999 2800.6728357194447 10732.397 451.081 3289.069341317365 167
110 0.1 15343.255 0.0 15343.255 451.081 3540.182567708333 192
120 0 0 0 15343.255 451.081 3601.338383419689 193
130 2.5 2114.92456 1008.8378310476695 15343.255 451.081 3601.338383419689 193
140 8.7 5538.050965517242 2398.8309615890917 15343.255 451.081 3430.8780825688073 218
150 11.4 9112.835298245614 2463.4753909840706 16561.804 451.081 4031.9405114754104 305
160 1.4 12185.414071428571 3786.906962454781 17051.968 451.081 5414.331933174224 419
170 0 0 0 17051.968 451.081 5633.258376443418 433
180 0.2 839.4100000000001 304.04800000000006 17051.968 451.081 5633.258376443418 433
190 8 4898.844562500001 2084.7857068489257 17051.968 336.472 5611.217694252873 435
200 29.4 7059.093870748299 3165.446498649852 17051.968 15.613 5500.557790291262 515
210 9.8 10278.199510204087 2958.8682128760965 19983.662 15.613 6066.947911001235 809
220 0.5 14457.1626 4411.301221860443 21324.385 15.613 6521.967378169791 907
230 0 0 0 21324.385 15.613 6565.4717379385975 912
240 0 0 0 21324.385 15.613 6565.4717379385975 912
249 0 0 0 21324.385 15.613 6565.4717379385975 912
