10 0.4 14.9765 1.889141405506745 17.489 13.122 0 0
20 0.4 14.0275 1.20026465831499 17.489 12.621 14.9765 4
30 0.1 13.82 0.0 17.489 12.621 14.501999999999999 8
40 0.3 18.421666666666667 8.263542998550253 30.091 12.04 14.42622222222222 9
50 1.4 20.958428571428573 21.93304301314176 99.602 11.407 15.425083333333333 12
60 0.6 15.744500000000002 6.3516347698840505 99.602 11.319 18.404576923076924 26
70 0 0 0 99.602 11.319 17.9058125 32
80 0 0 0 99.602 11.319 17.9058125 32
90 1.3 132.99599999999995 226.74718685423133 778.183 11.319 17.9058125 32
100 1.5 36.59686666666667 45.32289699900286 778.183 11.319 51.15408888888887 45
110 0.6 19.291 10.6701039826236 778.183 11.319 47.51478333333332 60
120 0.1 14.261 0.0 778.183 11.319 44.94898484848484 66
130 0.1 27.527 0.0 778.183 11.319 44.49095522388059 67
140 0.4 1106.1599999999999 234.50654169660172 1340.27 11.319 44.24148529411764 68
150 1.9 1219.375105263158 825.6933587268148 2862.07 11.319 103.23695833333332 72
160 4.2 464.7304761904762 331.49110517307776 2862.07 11.319 336.2767912087912 91
170 0.6 17.381666666666664 5.49963422016006 2862.07 11.319 376.8411127819549 133
180 0 0 0 2862.07 11.319 361.32487769784177 139
190 0 0 0 2862.07 11.319 361.32487769784177 139
200 2.7 350.9724444444443 867.0601522217275 3352.362 0.515 361.32487769784177 139
210 6.4 1377.6413124999997 916.5295538592487 3352.362 0.494 359.64104819277105 166
220 4.5 1324.1324666666665 564.971359017098 3352.362 0.494 642.9106869565217 230
230 0.9 12.06811111111111 8.100668346150272 3352.362 0.494 754.3833418181817 275
240 0 0 0 3352.362 0.494 730.8592676056338 284
249 0 0 0 3352.362 0.494 730.8592676056338 284
