0 0.2 24.1955 10.9695 35.165 13.226 0 0
10 0.6 14.107 0.7286860320695971 35.165 13.226 24.1955 2
20 0.3 49.69 50.61150403482065 121.264 13.226 16.629125 8
30 0 0 0 121.264 13.226 25.645727272727267 11
40 0.3 20.705000000000002 10.151805783537561 121.264 13.226 25.645727272727267 11
50 1 21.1836 16.285512581432616 121.264 13.156 24.586999999999996 14
60 0 0 0 121.264 13.156 23.168916666666664 24
70 0 0 0 121.264 13.156 23.168916666666664 24
80 0.1 14.815 0.0 121.264 13.156 23.168916666666664 24
90 1.5 52.78999999999999 88.78744828784453 298.344 13.156 22.834760000000003 25
100 0.9 26.258666666666667 14.245943399204327 298.344 13.156 34.067975000000004 40
110 0.2 15.753 1.3160000000000003 298.344 13.156 32.63361224489796 49
120 0 0 0 298.344 13.156 31.971627450980396 51
130 0.3 50.97133333333334 42.667363814617005 298.344 13.156 31.971627450980396 51
140 0.2 1365.9479999999999 324.5220000000001 1690.47 13.156 33.027166666666666 54
150 3.4 2040.8673529411763 1120.4718703258823 4931.338 13.156 80.63148214285714 56
160 3.9 775.6161282051281 346.42345887509344 4931.338 13.156 821.1650333333332 90
170 0 0 0 4931.338 13.156 807.394434108527 129
180 0 0 0 4931.338 13.156 807.394434108527 129
190 0.5 429.39939999999996 857.384810162998 4931.338 0.511 807.394434108527 129
200 5.3 424.1517735849055 1214.968258337309 5063.61 0.417 793.2901417910447 134
210 7.5 1610.1961599999997 1032.6554031318167 5063.61 0.417 688.668037433155 187
220 2.8 1691.5096428571426 629.6225213969316 5063.61 0.417 952.4642557251907 262
230 0 0 0 5063.61 0.417 1023.8203620689652 290
240 0 0 0 5063.61 0.417 1023.8203620689652 290
249 0 0 0 5063.61 0.417 1023.8203620689652 290
