0 0.4 19.741 1.7488354696768924 22.705 18.42 0 0
10 1.6 20.290312499999995 3.278470827206451 31.909 17.253 19.741 4
20 0.6 19.129333333333335 1.031962800793817 31.909 17.253 20.180449999999997 20
30 0.1 18.799 0.0 31.909 17.253 19.937884615384615 26
40 1.8 34.087777777777774 51.77677748926482 242.797 17.066 19.895703703703703 27
50 3.3 28.39845454545453 24.462304821030767 242.797 16.851 25.572533333333332 45
60 0.6 18.657666666666668 0.9330174465440383 242.797 16.851 26.768115384615378 78
70 0 0 0 242.797 16.851 26.188797619047612 84
80 0.4 18.903000000000002 1.1532046652697845 242.797 16.851 26.188797619047612 84
90 5.7 99.84105263157896 149.2144443054465 838.242 16.424 25.857624999999995 88
100 4.3 51.87144186046511 51.44707662058904 838.242 16.424 54.94076551724138 145
110 0.5 19.1362 0.6143931640244716 838.242 16.424 54.23873936170212 188
120 0 0 0 838.242 16.424 53.32934715025907 193
130 1.3 181.3192307692308 179.79075172550912 838.242 16.424 53.32934715025907 193
140 5.4 1853.1556111111115 665.7932987741269 3525.598 16.424 61.4063786407767 206
150 13.4 2388.9042537313435 1029.1423470428922 4336.626 16.424 433.53891153846166 260
160 3.8 958.0363947368427 337.37694253987604 4336.626 16.424 1098.5616421319799 394
170 0.1 23.643 0.0 4336.626 16.424 1086.2006250000002 432
180 0 0 0 4336.626 16.424 1083.7466812933028 433
190 4 1615.7359499999995 1398.6484051074976 4336.626 0.532 1083.7466812933028 433
200 24 1259.9135624999994 1759.598686982083 6008.345 0.389 1128.7352029598312 473
210 16.8 2041.9994285714288 1233.5492045599105 6008.345 0.389 1172.8906115007014 713
220 3.1 2089.7507741935483 545.9989034600064 6008.345 0.389 1338.623053348468 881
230 0 0 0 6008.345 0.389 1364.154807017544 912
240 0 0 0 6008.345 0.389 1364.154807017544 912
249 0 0 0 6008.345 0.389 1364.154807017544 912
