0 0.2 80.51050000000001 7.763499999999997 88.274 72.747 0 0
10 1.1 86.08681818181817 33.08938001512153 188.693 67.704 80.51050000000001 2
20 0.7 76.71000000000001 7.685090704920609 188.693 66.535 85.22892307692307 13
30 0.2 69.416 3.1409999999999947 188.693 66.275 82.2473 20
40 0.3 84.55633333333333 6.615897738696452 188.693 66.275 81.08081818181817 22
50 1.7 109.67988235294118 59.03118127275403 240.886 65.876 81.49787999999998 25
60 0.6 71.20366666666666 6.990349124964276 240.886 65.868 92.90488095238094 42
70 0 0 0 240.886 65.868 90.19222916666665 48
80 0 0 0 240.886 65.868 90.19222916666665 48
90 1 350.8735 329.4442739849184 1121.269 65.868 90.19222916666665 48
100 3.5 165.7586285714286 116.42274361360491 1121.269 65.868 135.13727586206895 58
110 0.7 80.58357142857142 10.108735131517873 1121.269 65.868 146.66144086021504 93
120 0.2 67.99199999999999 0.0639999999999965 1121.269 65.868 142.03598999999997 100
130 0.1 539.05 0.0 1121.269 65.868 140.5841470588235 102
140 0.3 3904.143666666667 489.32781006487767 4507.961 65.868 144.4527475728155 103
150 1.8 3002.616388888888 1174.4645754882958 5387.335 65.868 250.85909433962263 106
160 10.6 1435.8686320754716 830.0136967731694 5387.335 65.868 650.3077338709676 124
170 2.6 86.95261538461537 17.907104080346958 5387.335 65.307 1012.3488434782607 230
180 0.2 71.53299999999999 6.182999999999996 5387.335 65.307 918.3632890624999 256
190 0 0 0 5387.335 65.307 911.7987131782944 258
200 3.8 1204.6177368421056 2358.2719365126086 7132.453 0.591 911.7987131782944 258
210 10.5 2520.416276190477 2048.5612961980505 7132.453 0.561 949.3903445945947 296
220 14.7 2652.7247619047616 1014.7786903753558 7132.453 0.561 1360.7562369077311 401
230 3.2 146.17496875 154.85777600238637 7132.453 0.561 1707.3244361313873 548
240 0 0 0 7132.453 0.561 1621.1920517241383 580
249 0 0 0 7132.453 0.561 1621.1920517241383 580
