10 0.3 13.536 0.4154716195682527 13.876 12.951 0 0
20 0.3 15.095666666666666 1.108907670738291 16.185 12.951 13.536 3
30 0.3 14.172333333333334 0.39405104012325903 16.185 12.951 14.315833333333332 6
40 0.1 14.485 0.0 16.185 12.951 14.268 9
50 1.1 14.849 1.9715645840527036 19.361 12.389 14.2897 10
60 0.9 13.487666666666668 0.36776320884201746 19.361 12.389 14.582666666666666 21
70 0.2 13.575 0.09899999999999975 19.361 12.389 14.254166666666666 30
80 0 0 0 19.361 12.389 14.21171875 32
90 0.7 84.66985714285714 101.95077695833497 290.601 12.389 14.21171875 32
100 1.5 21.64553333333333 12.636233494026436 290.601 11.885 26.85805128205128 39
110 1.1 14.902818181818184 1.4379918332162722 290.601 11.885 25.41012962962963 54
120 0.2 13.751000000000001 0.1939999999999995 290.601 11.885 23.63196923076923 65
130 0 0 0 290.601 11.885 23.337014925373133 67
140 0.1 989.047 0.0 989.047 11.885 23.337014925373133 67
150 0.8 2012.8632499999999 941.1467187383366 3396.687 11.885 37.53863235294118 68
160 4.3 494.2436744186048 371.5808672071339 3396.687 11.885 245.4675394736842 76
170 1.9 16.363263157894732 5.740007920791391 3396.687 11.885 335.36143697478997 119
180 0.1 13.262 0.0 3396.687 11.885 291.44139855072467 138
190 0 0 0 3396.687 11.885 289.4401079136691 139
200 0.7 473.6278571428572 1158.4372639353944 3396.687 0.501 289.4401079136691 139
210 3.7 3006.9042162162173 1919.7894727588443 6124.912 0.501 298.2710273972603 146
220 7 2406.3544142857145 1176.2183524434993 6124.912 0.501 845.9181748633882 183
230 2.8 81.37964285714285 105.93696742882206 6124.912 0.501 1277.6594268774707 253
240 0.3 60.44733333333334 67.14106678892998 6124.912 0.501 1158.4571708185056 281
249 0 0 0 6124.912 0.501 1146.858475352113 284
