0 0.1 11.161813269288503 0 11.161813269288503 11.161813269288503 0 0
10 0.1 0.30045067601402103 0.0 11.161813269288503 0.30045067601402103 11.161813269288503 1
20 0.1 0.20050125313283207 0.0 11.161813269288503 0.20050125313283207 5.731131972651262 2
30 0.1 1.046337817638266 0.0 11.161813269288503 0.20050125313283207 3.8875883994784517 3
40 0.1 0.15015015015015015 0.0 11.161813269288503 0.15015015015015015 3.1772757540184053 4
50 0.1 0.0 0.0 11.161813269288503 0.0 2.5718506332447544 5
60 0.1 0.0999000999000999 0.0 11.161813269288503 0.0 2.1432088610372952 6
70 0.1 0.1 0.0 11.161813269288503 0.0 1.8513076094462675 7
80 0.1 0.10010010010010009 0.0 11.161813269288503 0.0 1.632394158265484 8
90 0.1 0.29925187032418954 0.0 11.161813269288503 0.0 1.4621392629137746 9
100 0.1 0.29985007496251875 0.0 11.161813269288503 0.0 1.3458505236548162 10
110 0.1 0.14992503748125938 0.0 11.161813269288503 0.0 1.2507595737736983 11
112 0.1 0.0 0.0 11.161813269288503 0.0 1.159023362415995 12
