0 0.1 0.16015625 0 0.16015625 0.16015625 0 0
10 0.1 0.12890625 0.0 0.16015625 0.12890625 0.16015625 1
20 0.1 0.109375 0.0 0.16015625 0.109375 0.14453125 2
30 0.1 0.1015625 0.0 0.16015625 0.1015625 0.1328125 3
40 0.1 0.078125 0.0 0.16015625 0.078125 0.125 4
50 0.1 0.0703125 0.0 0.16015625 0.0703125 0.115625 5
60 0.1 0.05859375 0.0 0.16015625 0.05859375 0.10807291666666667 6
70 0.1 0.05078125 0.0 0.16015625 0.05078125 0.10100446428571429 7
80 0.1 0.0390625 0.0 0.16015625 0.0390625 0.0947265625 8
90 0.1 0.03125 0.0 0.16015625 0.03125 0.08854166666666667 9
100 0.1 0.03125 0.0 0.16015625 0.03125 0.0828125 10
110 0.1 0.01953125 0.0 0.16015625 0.01953125 0.078125 11
112 0.1 0.01953125 0.0 0.16015625 0.01953125 0.0732421875 12
