0 2.8 84.34653571428574 54.40287024169257 209.011 6.506 0 0
10 6.3 122.46004761904761 93.10077145903558 356.899 6.506 84.34653571428574 28
20 10.7 358.5237009345798 1387.0469177453588 14540.192 5.813 110.73281318681319 91
30 4.9 789.7187755102041 3107.1533782650595 22271.722 5.813 244.6400101010103 198
40 0.1 917.047 0.0 22271.722 5.813 352.7730445344131 247
50 0 0 0 22271.722 5.813 355.04834274193564 248
60 0.4 12777.71625 21977.853107022493 50844.4 5.813 355.04834274193564 248
70 3.3 21856.96109090909 28836.755448614946 60017.185 5.813 552.2335476190478 252
80 7.7 16398.579974025968 26702.1608723861 60017.185 5.813 3019.0967368421057 285
90 9.6 13169.200718749998 24782.01289363503 60017.185 5.813 5865.008917127071 362
100 2.1 8617.171761904761 20978.15241215874 60017.185 5.813 7396.018552401746 458
110 0 0 0 60017.185 5.813 7449.555540709811 479
112 0.1 40.123 0.0 60017.185 5.813 7449.555540709811 479
