30 0.2 27405.946 349.89600000000064 27755.842 27056.05 0 0
40 0 0 0 27755.842 27056.05 27405.946 2
50 0 0 0 27755.842 27056.05 27405.946 2
60 0.1 57689.128 0.0 57689.128 27056.05 27405.946 2
70 0.3 68520.402 2004.2209976473841 70106.632 27056.05 37500.34 3
80 2 72778.5533 5094.575629102386 87936.984 27056.05 53010.37100000001 6
90 2.3 73188.19634782607 2907.0255158323166 87936.984 27056.05 68216.66507692308 26
100 1 81329.261 5496.632970519282 91790.866 27056.05 70550.24097959182 49
110 0 0 0 91790.866 27056.05 72377.19352542372 59
112 0.1 96879.185 0.0 96879.185 27056.05 72377.19352542372 59
