0 1.2 84.19908333333335 36.073522276175396 199.591 61.173 0 0
10 1.8 183.60355555555557 79.04140086563794 356.983 61.173 84.19908333333335 12
20 2.8 303.4186785714284 144.23892404421355 605.123 61.173 143.8417666666667 30
30 0.2 386.6675 178.53750000000002 605.123 61.173 220.8788965517241 58
40 0 0 0 605.123 61.173 226.4051833333333 60
50 0 0 0 605.123 61.173 226.4051833333333 60
60 0 0 0 605.123 61.173 226.4051833333333 60
70 0 0 0 605.123 61.173 226.4051833333333 60
80 0 0 0 605.123 61.173 226.4051833333333 60
90 0 0 0 605.123 61.173 226.4051833333333 60
100 0 0 0 605.123 61.173 226.4051833333333 60
110 0 0 0 605.123 61.173 226.4051833333333 60
112 0 0 0 605.123 61.173 226.4051833333333 60
