20 0.1 29.554 0 29.554 29.554 0 0
30 0.1 485.46 0.0 485.46 29.554 29.554 1
40 0 0 0 485.46 29.554 257.507 2
50 0 0 0 485.46 29.554 257.507 2
60 0.1 20.219 0.0 485.46 20.219 257.507 2
70 0.9 62.851888888888894 121.03182777586 485.46 16.224 178.41100000000003 3
80 1.9 23.327105263157893 14.651863448559554 485.46 13.641 91.74166666666667 12
90 2.5 32.979639999999996 48.00457970475734 485.46 13.641 49.81016129032258 31
100 0.4 17.134999999999998 1.2008855066158477 485.46 13.641 42.29653571428571 56
110 0 0 0 485.46 13.641 40.619099999999996 60
112 0 0 0 485.46 13.641 40.619099999999996 60
