20 0.1 14540.363 0 14540.363 14540.363 0 0
30 0.1 22271.843 0.0 22271.843 14540.363 14540.363 1
40 0 0 0 22271.843 14540.363 18406.103 2
50 0 0 0 22271.843 14540.363 18406.103 2
60 0.1 50844.524 0.0 50844.524 14540.363 18406.103 2
70 1.2 60004.44791666668 4.9701657829236385 60017.319 14540.363 29218.91 3
80 2.1 60003.149380952374 1.7417122794555597 60017.319 14540.363 53847.34033333334 15
90 2.1 60002.827142857146 1.4782356048348881 60017.319 14540.363 57438.22894444445 36
100 0.3 60003.049999999996 2.00692866506799 60017.319 14540.363 58383.080912280704 57
110 0 0 0 60017.319 14540.363 58464.079366666665 60
112 0 0 0 60017.319 14540.363 58464.079366666665 60
