20 0.1 316.474 0 316.474 316.474 0 0
30 0.1 67.66 0.0 316.474 67.66 316.474 1
40 0 0 0 316.474 67.66 192.067 2
50 0 0 0 316.474 67.66 192.067 2
60 0.1 138.583 0.0 316.474 67.66 192.067 2
70 0.9 42.66311111111111 9.62910927511464 316.474 32.339 174.239 3
80 1.9 41.23936842105263 7.312445009855507 316.474 30.066 75.55708333333332 12
90 2.5 62.396640000000005 85.98174365707175 479.198 25.482 54.52364516129032 31
100 0.4 66.57024999999999 39.932489556594135 479.198 25.482 58.03837500000001 56
110 0 0 0 479.198 25.482 58.60716666666667 60
112 0 0 0 479.198 25.482 58.60716666666667 60
