30 0.2 324.986 97.12299999999999 422.109 227.863 0 0
40 0 0 0 422.109 227.863 324.986 2
50 0 0 0 422.109 227.863 324.986 2
60 0.1 108.129 0.0 422.109 108.129 324.986 2
70 0.3 93.914 11.726260529256546 422.109 81.569 252.70033333333333 3
80 1.8 78.30772222222221 29.681742970320546 422.109 32.902 173.3071666666667 6
90 2.5 72.55196000000002 37.28473057483989 422.109 27.745 102.05758333333331 24
100 1 62.012 27.609544787989535 422.109 27.745 87.00369387755103 49
110 0 0 0 422.109 27.745 82.76781355932204 59
112 0.1 40.251 0.0 422.109 27.745 82.76781355932204 59
