0 0.5 80.34760000000001 19.891543033158587 117.134 60.545 0 0
10 1.2 160.91166666666666 50.06320537635956 271.244 60.545 80.34760000000001 5
20 2.2 322.86713636363635 142.78635321737778 611.332 60.545 137.21635294117647 17
30 2 459.12119999999993 162.74473083070924 799.971 60.545 241.94243589743587 39
40 0.1 917.147 0.0 917.147 60.545 315.56235593220333 59
50 0 0 0 917.147 60.545 325.58876666666663 60
60 0 0 0 917.147 60.545 325.58876666666663 60
70 0 0 0 917.147 60.545 325.58876666666663 60
80 0 0 0 917.147 60.545 325.58876666666663 60
90 0 0 0 917.147 60.545 325.58876666666663 60
100 0 0 0 917.147 60.545 325.58876666666663 60
110 0 0 0 917.147 60.545 325.58876666666663 60
112 0 0 0 917.147 60.545 325.58876666666663 60
