0 2.8 28
10 6.4 92
20 4.3 135
30 0.5 140
40 0 140
50 0.1 141
60 6.8 209
70 15.1 360
80 7.3 433
90 2.8 461
100 4.2 503
110 23.4 737
120 24.8 985
130 8.2 1067
140 1.2 1079
150 8.4 1163
160 52.7 1690
170 48.6 2176
180 15.6 2332
190 2.3 2355
200 15.4 2509
210 97.1 3480
220 102.5 4505
230 34.6 4851
240 5.6 4907
250 0.6 4913
260 28.5 5198
270 188.1 7079
280 209.3 9172
290 70.4 9876
300 15.1 10027
310 2.4 10051
320 199.6 12047
330 437.7 16424
340 250 18924
350 70.6 19630
360 24.2 19872
370 3.8 19910
380 0.4 19914
390 0.1 19915
400 125.4 21169
410 748.4 28653
420 760 36253
430 272 38973
440 39.3 39366
450 4.7 39413
460 2.9 39442
470 6.4 39506
480 22 39726
490 35.2 40078
500 11.3 40191
510 2.6 40217
517 0.3 40220
