0 1.6 16
10 4.4 60
20 2.3 83
30 0.2 85
40 0 85
50 0 85
60 3.4 119
70 11.4 233
80 4.2 275
90 1.1 286
100 1.1 297
110 15.2 449
120 15.9 608
130 4.9 657
140 0.4 661
150 3.6 697
160 36.3 1060
170 32.1 1381
180 9.1 1472
190 0.9 1481
200 3.7 1518
210 68.4 2202
220 66.3 2865
230 18.5 3050
240 2.6 3076
250 0.2 3078
260 8.2 3160
270 125.2 4412
280 145 5862
290 35.9 6221
300 7.1 6292
310 1.2 6304
320 110.2 7406
330 315.2 10558
340 148.3 12041
350 32.8 12369
360 14.7 12516
370 2.5 12541
380 0.2 12543
390 0 12543
400 35.7 12900
410 498.9 17889
420 543.4 23323
430 127.5 24598
440 10.4 24702
450 1.7 24719
460 2 24739
470 3.5 24774
480 2.9 24803
490 3.7 24840
500 1.7 24857
510 0.5 24862
517 0.1 24863
