0 1.2 2.189 3.4085043885356328 13.488 0.937 0 0
10 1.3 1.1366923076923077 0.16936187229415667 13.488 0.869 2.189 12
20 0 0 0 13.488 0.869 1.6418000000000001 25
30 0 0 0 13.488 0.869 1.6418000000000001 25
40 0 0 0 13.488 0.869 1.6418000000000001 25
50 0 0 0 13.488 0.869 1.6418000000000001 25
60 3.5 1.2816285714285713 0.908844512419535 13.488 0.869 1.6418000000000001 25
70 2.5 1.2288000000000001 0.390858337508617 13.488 0.869 1.4317 60
80 0 0 0 13.488 0.869 1.3720235294117646 85
90 0 0 0 13.488 0.869 1.3720235294117646 85
100 2.7 1.3732592592592587 1.2512417711304533 13.488 0.869 1.3720235294117646 85
110 7.3 1.1166301369863012 0.2262016621700079 13.488 0.858 1.3723214285714285 112
120 1.3 1.8169230769230766 2.774470052281321 13.488 0.825 1.271427027027027 185
130 0 0 0 13.488 0.825 1.3072424242424239 198
140 0 0 0 13.488 0.825 1.3072424242424239 198
150 6.1 1.1378360655737698 0.16640373383341076 13.488 0.783 1.3072424242424239 198
160 16.5 1.0675818181818184 0.4704732636299682 13.488 0.556 1.2673436293436289 259
170 1.4 1.0554285714285714 0.47372561592516127 13.488 0.556 1.1896061320754714 424
180 0 0 0 13.488 0.556 1.1853173515981732 438
190 0 0 0 13.488 0.556 1.1853173515981732 438
200 10.2 1.1853137254901958 1.0839465834135755 13.488 0.556 1.1853173515981732 438
210 32.4 1.03078086419753 1.2624567092460006 20.789 0.542 1.1853166666666664 540
220 4.7 1.067297872340426 0.8736682001984658 20.789 0.542 1.1273657407407403 864
230 0 0 0 20.789 0.542 1.1242667398463224 911
240 0 0 0 20.789 0.542 1.1242667398463224 911
250 0 0 0 20.789 0.542 1.1242667398463224 911
260 20.4 0.9951764705882354 0.7870259844698142 20.789 0.531 1.1242667398463224 911
270 61.9 0.8556946688206788 1.01816546615269 22.915 0.48 1.1006484304932733 1115
280 12.5 0.9178799999999999 1.0628938731594986 22.915 0.48 1.0132053056516723 1734
290 0 0 0 22.915 0.48 1.0067955890263582 1859
300 0 0 0 22.915 0.48 1.0067955890263582 1859
310 0 0 0 22.915 0.48 1.0067955890263582 1859
320 101.2 0.8760642292490126 1.2581492425883314 30.199 0.478 1.0067955890263582 1859
330 81.3 0.7267318573185733 0.3249351672393287 30.199 0.478 0.9607140369209338 2871
340 0 0 0 30.199 0.478 0.9090779044516832 3684
350 0 0 0 30.199 0.478 0.9090779044516832 3684
360 0 0 0 30.199 0.478 0.9090779044516832 3684
370 0 0 0 30.199 0.478 0.9090779044516832 3684
380 0 0 0 30.199 0.478 0.9090779044516832 3684
390 0 0 0 30.199 0.478 0.9090779044516832 3684
400 88.2 0.7556507936507931 0.5396574377915766 30.199 0.446 0.9090779044516832 3684
410 261.6 0.7431433486238525 0.7476005775575105 30.199 0.407 0.879440867279895 4566
420 100.4 0.662737051792828 0.3907692365026777 30.199 0.355 0.8297953216374266 7182
430 0.6 0.8738333333333332 0.07996752813208348 30.199 0.355 0.8093058881016366 8186
440 0 0 0 30.199 0.355 0.8093531494140622 8192
450 0 0 0 30.199 0.355 0.8093531494140622 8192
460 0 0 0 30.199 0.355 0.8093531494140622 8192
470 0 0 0 30.199 0.355 0.8093531494140622 8192
480 0 0 0 30.199 0.355 0.8093531494140622 8192
490 0 0 0 30.199 0.355 0.8093531494140622 8192
500 0 0 0 30.199 0.355 0.8093531494140622 8192
510 0 0 0 30.199 0.355 0.8093531494140622 8192
517 0 0 0 30.199 0.355 0.8093531494140622 8192
