0 12 12
10 17 5
20 5 -12
30 1 -4
40 1 0
50 0 -1
60 35 35
70 40 5
80 19 -21
90 2 -17
100 27 25
110 90 63
120 53 -37
130 9 -44
140 2 -7
150 61 59
160 208 147
170 99 -109
180 22 -77
190 3 -19
200 102 99
210 395 293
220 216 -179
230 46 -170
240 6 -40
250 1 -5
260 204 203
270 736 532
280 449 -287
290 106 -343
300 13 -93
310 0 -13
320 993 993
330 1339 346
340 531 -808
350 154 -377
360 28 -126
370 3 -25
380 1 -2
390 1 0
400 882 881
410 2896 2014
420 2022 -874
430 703 -1319
440 397 -306
450 373 -24
460 360 -13
470 345 -15
480 245 -100
490 81 -164
500 19 -62
510 2 -17
517 0 -2
