0 0.1 375526.5859375 0 375526.5859375 375526.5859375 0 0
10 0.1 375523.37890625 0.0 375526.5859375 375523.37890625 375526.5859375 1
20 0.1 375516.2109375 0.0 375526.5859375 375516.2109375 375524.982421875 2
30 0.1 375516.9609375 0.0 375526.5859375 375516.2109375 375522.05859375 3
40 0.1 375515.87109375 0.0 375526.5859375 375515.87109375 375520.7841796875 4
50 0.1 375515.87109375 0.0 375526.5859375 375515.87109375 375519.8015625 5
60 0.1 375515.87109375 0.0 375526.5859375 375515.87109375 375519.146484375 6
70 0.1 375511.76171875 0.0 375526.5859375 375511.76171875 375518.6785714286 7
80 0.1 375493.8984375 0.0 375526.5859375 375493.8984375 375517.81396484375 8
90 0.1 375494.1796875 0.0 375526.5859375 375493.8984375 375515.15668402775 9
100 0.1 375503.515625 0.0 375526.5859375 375493.8984375 375513.058984375 10
110 0.1 375500.26171875 0.0 375526.5859375 375493.8984375 375512.19140625 11
120 0.1 375461.03125 0.0 375526.5859375 375461.03125 375511.197265625 12
130 0.1 375461.01171875 0.0 375526.5859375 375461.01171875 375507.3383413461 13
140 0.1 375466.92578125 0.0 375526.5859375 375461.01171875 375504.029296875 14
150 0.1 375470.85546875 0.0 375526.5859375 375461.01171875 375501.55572916666 15
160 0.1 375475.00390625 0.0 375526.5859375 375461.01171875 375499.6369628906 16
170 0.1 375411.2734375 0.0 375526.5859375 375411.2734375 375498.1879595588 17
180 0.1 375398.21875 0.0 375526.5859375 375398.21875 375493.359375 18
190 0.1 375422.28515625 0.0 375526.5859375 375398.21875 375488.3519736842 19
200 0.1 375438.3984375 0.0 375526.5859375 375398.21875 375485.0486328125 20
210 0.1 375443.01171875 0.0 375526.5859375 375398.21875 375482.8271949405 21
220 0.1 375318.19140625 0.0 375526.5859375 375318.19140625 375481.0174005682 22
230 0.1 375287.7890625 0.0 375526.5859375 375287.7890625 375473.93800951086 23
240 0.1 375337.21484375 0.0 375526.5859375 375287.7890625 375466.18180338544 24
250 0.1 375398.4296875 0.0 375526.5859375 375287.7890625 375461.023125 25
260 0.1 375416.97265625 0.0 375526.5859375 375287.7890625 375458.6156850961 26
270 0.1 375400.68359375 0.0 375526.5859375 375287.7890625 375457.07335069444 27
280 0.1 375163.4140625 0.0 375526.5859375 375163.4140625 375455.0594308036 28
290 0.1 375116.73046875 0.0 375526.5859375 375116.73046875 375445.0026939655 29
300 0.1 375230.0546875 0.0 375526.5859375 375116.73046875 375434.06028645835 30
310 0.1 375320.72265625 0.0 375526.5859375 375116.73046875 375427.47946068546 31
320 0.1 375346.078125 0.0 375526.5859375 375116.73046875 375424.1433105469 32
330 0.1 375028.3359375 0.0 375526.5859375 375028.3359375 375421.77769886365 33
340 0.1 374695.234375 0.0 375526.5859375 374695.234375 375410.20588235295 34
350 0.1 374740.140625 0.0 375526.5859375 374695.234375 375389.778125 35
360 0.1 374940.44921875 0.0 375526.5859375 374695.234375 375371.7326388889 36
370 0.1 375165.58984375 0.0 375526.5859375 374695.234375 375360.0763302365 37
380 0.1 375222.84375 0.0 375526.5859375 374695.234375 375354.95826480264 38
390 0.1 375234.53125 0.0 375526.5859375 374695.234375 375351.570713141 39
400 0.1 375257.390625 0.0 375526.5859375 374695.234375 375348.6447265625 40
410 0.1 375105.96875 0.0 375526.5859375 374695.234375 375346.4190167683 41
420 0.1 374125.73046875 0.0 375526.5859375 374125.73046875 375340.6940104167 42
430 0.1 373875.71875 0.0 375526.5859375 373875.71875 375312.4390443314 43
440 0.1 374041.37890625 0.0 375526.5859375 373875.71875 375279.7863103693 44
450 0.1 374091.01171875 0.0 375526.5859375 373875.71875 375252.26614583336 45
460 0.1 374104.69140625 0.0 375526.5859375 373875.71875 375227.021484375 46
470 0.1 374108.10546875 0.0 375526.5859375 373875.71875 375203.14212101063 47
480 0.1 374110.52734375 0.0 375526.5859375 373875.71875 375180.3288574219 48
490 0.1 374205.14453125 0.0 375526.5859375 373875.71875 375158.4961734694 49
500 0.1 374673.40234375 0.0 375526.5859375 373875.71875 375139.429140625 50
510 0.1 374999.71875 0.0 375526.5859375 373875.71875 375130.2913602941 51
517 0.1 375110.13671875 0.0 375526.5859375 373875.71875 375127.7803485577 52
