0 0.1 0.0 0 0.0 0.0 0 0
10 0.1 0.0 0.0 0.0 0.0 0.0 1
20 0.1 0.0 0.0 0.0 0.0 0.0 2
30 0.1 0.0 0.0 0.0 0.0 0.0 3
40 0.1 0.0 0.0 0.0 0.0 0.0 4
50 0.1 0.0 0.0 0.0 0.0 0.0 5
60 0.1 0.0 0.0 0.0 0.0 0.0 6
70 0.1 0.0 0.0 0.0 0.0 0.0 7
80 0.1 0.0 0.0 0.0 0.0 0.0 8
90 0.1 0.0 0.0 0.0 0.0 0.0 9
100 0.1 0.0 0.0 0.0 0.0 0.0 10
110 0.1 0.0 0.0 0.0 0.0 0.0 11
120 0.1 0.0 0.0 0.0 0.0 0.0 12
130 0.1 0.0 0.0 0.0 0.0 0.0 13
140 0.1 0.0 0.0 0.0 0.0 0.0 14
150 0.1 0.0 0.0 0.0 0.0 0.0 15
160 0.1 0.0 0.0 0.0 0.0 0.0 16
170 0.1 0.1484375 0.0 0.1484375 0.0 0.0 17
180 0.1 0.12890625 0.0 0.1484375 0.0 0.008246527777777778 18
190 0.1 0.109375 0.0 0.1484375 0.0 0.01459703947368421 19
200 0.1 0.08984375 0.0 0.1484375 0.0 0.0193359375 20
210 0.1 0.078125 0.0 0.1484375 0.0 0.02269345238095238 21
220 0.1 0.1484375 0.0 0.1484375 0.0 0.02521306818181818 22
230 0.1 0.12109375 0.0 0.1484375 0.0 0.030570652173913044 23
240 0.1 0.1015625 0.0 0.1484375 0.0 0.034342447916666664 24
250 0.1 0.08984375 0.0 0.1484375 0.0 0.03703125 25
260 0.1 0.0703125 0.0 0.1484375 0.0 0.0390625 26
270 0.1 0.05859375 0.0 0.1484375 0.0 0.040219907407407406 27
280 0.1 0.2109375 0.0 0.2109375 0.0 0.04087611607142857 28
290 0.1 0.328125 0.0 0.328125 0.0 0.04674030172413793 29
300 0.1 0.28125 0.0 0.328125 0.0 0.05611979166666667 30
310 0.1 0.23046875 0.0 0.328125 0.0 0.0633820564516129 31
320 0.1 0.19921875 0.0 0.328125 0.0 0.068603515625 32
330 0.1 0.41015625 0.0 0.41015625 0.0 0.07256155303030302 33
340 0.1 0.421875 0.0 0.421875 0.0 0.08249080882352941 34
350 0.1 0.66015625 0.0 0.66015625 0.0 0.0921875 35
360 0.1 0.55859375 0.0 0.66015625 0.0 0.10796440972222222 36
370 0.1 0.46875 0.0 0.66015625 0.0 0.12014358108108109 37
380 0.1 0.3984375 0.0 0.66015625 0.0 0.12931743421052633 38
390 0.1 0.33984375 0.0 0.66015625 0.0 0.1362179487179487 39
400 0.1 0.28125 0.0 0.66015625 0.0 0.14130859375 40
410 0.1 0.3984375 0.0 0.66015625 0.0 0.1447217987804878 41
420 0.1 0.96875 0.0 0.96875 0.0 0.1507626488095238 42
430 0.1 1.19921875 0.0 1.19921875 0.0 0.16978561046511628 43
440 0.1 1.171875 0.0 1.19921875 0.0 0.19318181818181818 44
450 0.1 0.98828125 0.0 1.19921875 0.0 0.21493055555555557 45
460 0.1 0.828125 0.0 1.19921875 0.0 0.23174252717391305 46
470 0.1 0.7109375 0.0 1.19921875 0.0 0.2444315159574468 47
480 0.1 0.6015625 0.0 1.19921875 0.0 0.254150390625 48
490 0.1 0.5 0.0 1.19921875 0.0 0.2612404336734694 49
500 0.1 0.671875 0.0 1.19921875 0.0 0.266015625 50
510 0.1 0.55859375 0.0 1.19921875 0.0 0.27397365196078427 51
517 0.1 0.48046875 0.0 1.19921875 0.0 0.27944711538461536 52
