10 0.1 321 0 321 321 0 0
20 0.1 777.0 0.0 777 321 321.0 1
30 0.1 436.0 0.0 777 321 549.0 2
40 0.1 15.0 0.0 777 15 511.3333333333333 3
50 0.1 0.0 0.0 777 0 387.25 4
60 0.1 6.0 0.0 777 0 309.8 5
70 0.1 587.0 0.0 777 0 259.1666666666667 6
80 0.1 1985.0 0.0 1985 0 306.0 7
90 0.1 697.0 0.0 1985 0 515.875 8
100 0.1 153.0 0.0 1985 0 536.0 9
110 0.1 529.0 0.0 1985 0 497.7 10
120 0.1 2670.0 0.0 2670 0 500.54545454545456 11
130 0.1 2406.0 0.0 2670 0 681.3333333333334 12
140 0.1 686.0 0.0 2670 0 814.0 13
150 0.1 78.0 0.0 2670 0 804.8571428571429 14
160 0.1 988.0 0.0 2670 0 756.4 15
170 0.1 6088.0 0.0 6088 0 770.875 16
180 0.1 6316.0 0.0 6316 0 1083.6470588235295 17
190 0.1 1899.0 0.0 6316 0 1374.3333333333333 18
200 0.1 125.0 0.0 6316 0 1401.9473684210527 19
210 0.1 1607.0 0.0 6316 0 1338.1 20
220 0.1 10624.0 0.0 10624 0 1350.904761904762 21
230 0.1 13221.0 0.0 13221 0 1772.409090909091 22
240 0.1 3954.0 0.0 13221 0 2270.1739130434785 23
250 0.1 609.0 0.0 13221 0 2340.3333333333335 24
260 0.1 52.0 0.0 13221 0 2271.08 25
270 0.1 3345.0 0.0 13221 0 2185.730769230769 26
280 0.1 22858.0 0.0 22858 0 2228.6666666666665 27
290 0.1 27742.0 0.0 27742 0 2965.4285714285716 28
300 0.1 9846.0 0.0 27742 0 3819.793103448276 29
310 0.1 1260.0 0.0 27742 0 4020.6666666666665 30
320 0.1 180.0 0.0 27742 0 3931.6129032258063 31
330 0.1 22983.0 0.0 27742 0 3814.375 32
340 0.1 57016.0 0.0 57016 0 4395.242424242424 33
350 0.1 43937.0 0.0 57016 0 5942.911764705882 34
360 0.1 18049.0 0.0 57016 0 7028.457142857143 35
370 0.1 3884.0 0.0 57016 0 7334.583333333333 36
380 0.1 493.0 0.0 57016 0 7241.324324324324 37
390 0.1 312.0 0.0 57016 0 7063.736842105263 38
400 0.1 163.0 0.0 57016 0 6890.615384615385 39
410 0.1 13573.0 0.0 57016 0 6722.425 40
420 0.1 93398.0 0.0 93398 0 6889.512195121952 41
430 0.1 127320.0 0.0 127320 0 8949.238095238095 42
440 0.1 47087.0 0.0 127320 0 11702.046511627907 43
450 0.1 5903.0 0.0 127320 0 12506.25 44
460 0.1 1879.0 0.0 127320 0 12359.511111111111 45
470 0.1 1781.0 0.0 127320 0 12131.673913043478 46
480 0.1 5369.0 0.0 127320 0 11911.446808510638 47
490 0.1 2845.0 0.0 127320 0 11775.145833333334 48
500 0.1 7868.0 0.0 127320 0 11592.897959183674 49
510 0.1 606.0 0.0 127320 0 11518.4 50
517 0.1 91.0 0.0 127320 0 11304.43137254902 51
