10 0.9 10838.340333333334 3536.661646825184 17916.445 5972.667 0 0
20 1.1 13701.03327272727 3556.7398658537163 20491.419 5972.667 10838.340333333334 9
30 0.4 19924.519500000002 4784.111049578044 28191.225 5972.667 12412.82145 20
40 0 0 0 28191.225 5972.667 13664.771125 24
50 0.1 42804.511 0.0 42804.511 5972.667 13664.771125 24
60 0 0 0 42804.511 5972.667 14830.360719999999 25
70 2 10004.14285 2662.57137232528 42804.511 5239.337 14830.360719999999 25
80 2.1 16175.12590476191 3519.303427923011 42804.511 5239.337 12685.375 45
90 1.7 22150.765411764703 2841.3141901074396 42804.511 5239.337 13795.75028787879 66
100 0.2 35561.481999999996 2886.059 42804.511 5239.337 15507.018445783133 83
110 1.1 9756.535545454546 1728.4209005331145 42804.511 5239.337 15978.888176470587 85
120 4.9 13036.902 3284.3336971055064 42804.511 3900.727 15265.910270833332 96
130 4.5 18285.871799999997 4351.345763305783 42804.511 3900.727 14512.659199999998 145
140 0.6 25052.284333333333 2995.87296135888 42804.511 3900.727 15406.31481578947 190
150 0.2 36406.0995 6535.8945 42941.994 3900.727 15701.599596938773 196
160 2 7216.88195 1987.4632608524482 42941.994 3112.897 15910.735959595959 198
170 12.2 12805.57054918032 3337.040066552276 42941.994 3112.897 15113.134674311925 218
180 7.7 18977.757311688314 4708.025678987219 42941.994 3112.897 14285.126370588232 340
190 1.8 28031.555722222223 5240.712490969777 42941.994 3112.897 15151.631364508392 417
200 0.3 35978.31966666667 2252.037094819168 42941.994 3112.897 15684.593751724136 435
210 3.2 8562.833218750004 2246.1988033931584 42941.994 3112.897 15823.591874429223 438
220 22.6 12705.53519469026 3933.1927517628023 42941.994 3112.897 15329.242348936168 470
230 16.9 18779.02952662722 4311.666894243932 42941.994 3112.897 14477.291462643674 696
240 4 26936.84447500001 4904.889396904506 42941.994 3112.897 15317.746645086701 865
250 0.5 34742.2914 2366.0337795254404 42941.994 3112.897 15831.297930386738 905
260 0.1 45637.974 0.0 45637.974 3112.897 15935.204487912086 910
270 10 8609.413150000006 2076.1664832136858 45637.974 3112.897 15967.809064763995 911
280 41.1 12559.61813868613 3802.9453075089255 45637.974 1839.91 15239.975640949555 1011
290 33.7 18177.575890207725 4763.657437967208 45637.974 1839.91 14465.273156118143 1422
300 8.8 27077.45054545455 3931.0088453081416 45637.974 1839.91 15176.498864695852 1759
310 1.2 36632.483916666664 5655.034242142962 47564.12 1839.91 15743.517677855985 1847
320 2.3 6339.556826086957 1246.8400122068817 47564.12 1839.91 15878.357696611083 1859
330 49.8 10593.241620481933 3011.184525431468 47564.12 1839.91 15761.783615834222 1882
340 79.3 15052.434865069368 4092.4417814424914 47564.12 1839.91 14680.298778151264 2380
350 36.4 22831.702271978043 4764.812522849201 47564.12 1839.91 14773.303479357079 3173
360 12.1 33221.57002479341 4781.1333200291365 47564.12 1839.91 15602.609999151828 3537
370 2.3 42629.86930434783 4378.596794705578 51970.127 1839.91 16185.41321487152 3658
380 0.2 53624.154500000004 5936.334499999999 59560.489 1839.91 16350.646165172515 3681
390 0 0 0 59560.489 1839.91 16370.887005973398 3683
400 0.1 71073.805 0.0 71073.805 1839.91 16370.887005973398 3683
410 32.7 8468.160431192653 2345.7392729271073 71073.805 1839.91 16385.735789359398 3684
420 147.4 13185.032850746287 3644.8290893329636 71073.805 1839.91 15740.249092246328 4011
430 131.2 18106.612221798783 4244.987331860387 71073.805 1839.91 15053.578401276216 5485
440 30.1 26231.577936877075 4462.757492011075 71073.805 1839.91 15642.894330734154 6797
450 2.2 36912.25036363636 5683.634219454194 71073.805 1839.91 16091.921347562702 7098
460 1.3 55110.59423076922 5228.063381645021 71073.805 1839.91 16156.253824859557 7120
470 1.5 67898.27266666667 2631.5476152023452 72002.981 1839.91 16227.248697322311 7133
480 10 74672.79679999998 3632.19459497589 82597.838 1839.91 16335.679777280366 7148
490 16.4 80841.89800609756 4200.582673928838 90682.699 1839.91 17140.55170088301 7248
500 6.5 88325.43229230768 3738.596098771094 96301.978 1839.91 18550.025634241778 7412
510 1.5 95624.51206666669 4230.194584527827 102542.099 1839.91 19156.60600508226 7477
517 0.1 103725.084 0.0 103725.084 1839.91 19309.705122931133 7492
