0 0.6 2144.2275 951.5490423466972 3769.015 1225.14 0 0
10 1.6 3751.0479375 1864.4465219427543 7263.371 1018.89 2144.2275 6
20 0.3 4063.186666666667 202.17198445767792 7263.371 1018.89 3312.824181818182 22
30 0 0 0 7263.371 1018.89 3402.86768 25
40 0 0 0 7263.371 1018.89 3402.86768 25
50 0 0 0 7263.371 1018.89 3402.86768 25
60 1.3 2918.374153846154 1190.503978835392 7263.371 776.986 3402.86768 25
70 3.5 3587.9065142857144 2750.011071165053 13080.771 381.607 3237.119894736842 38
80 1.1 7724.565363636363 3235.1515850299893 13080.771 381.607 3405.305260273972 73
90 0.1 21157.025 0.0 21157.025 381.607 3970.9226547619046 84
100 0.5 1419.692 233.51989516355988 21157.025 381.607 4173.112094117647 85
110 5.3 3570.9539056603767 2115.8811649845165 21157.025 297.244 4020.144311111111 90
120 5.3 5314.505811320759 3020.317896203455 21157.025 297.244 3853.6611538461534 143
130 0.2 8261.146499999999 3997.2954999999997 21157.025 297.244 4248.685474489796 196
140 0 0 0 21157.025 297.244 4289.215383838384 198
150 1.1 1329.0290909090909 819.4794832986091 21157.025 297.244 4289.215383838384 198
160 13.7 3107.9721605839427 2047.4205879542635 21157.025 214.53 4133.416105263157 209
170 8.7 4913.491459770114 2742.6246162469442 21157.025 164.036 3727.3877225433525 346
180 0.5 8642.5146 2856.1828565498113 21157.025 164.036 3965.704177829099 433
190 0 0 0 21157.025 164.036 4019.0924246575346 438
200 0.8 1748.7741250000001 850.721167922169 21157.025 164.036 4019.0924246575346 438
210 26.6 3123.400225563912 1935.1549810062488 21157.025 164.036 3978.3692264573992 446
220 18.1 4751.814950276242 3243.845908711065 21157.025 164.036 3658.9566502809 712
230 1.8 8188.972611111112 4400.098401619663 21157.025 164.036 3880.4654434490485 893
240 0 0 0 21157.025 164.036 3965.595113062569 911
250 0 0 0 21157.025 164.036 3965.595113062569 911
260 2.8 1288.6093214285718 627.7903682872317 21157.025 164.036 3965.595113062569 911
270 45.9 3042.6077603485824 1977.7859670434461 21157.025 164.036 3885.7701906283287 939
280 43.5 4596.485342528736 2931.720312081965 21157.025 164.036 3608.93789055794 1398
290 2.6 11661.896769230769 4774.096260035797 21157.025 164.036 3843.298578832515 1833
300 0 0 0 21157.025 164.036 3952.6496024744483 1859
310 0 0 0 21157.025 164.036 3952.6496024744483 1859
320 41.3 2482.4479152542403 1528.2186442877526 21157.025 148.328 3952.6496024744483 1859
330 110.4 3836.32095923913 2437.7991480590063 21157.025 148.328 3685.399031690141 2272
340 30.1 6495.868936877074 3281.522138656854 21157.025 148.328 3734.7526478080567 3376
350 0.6 11667.637666666667 3873.807877432775 21157.025 148.328 3960.7782129453353 3677
360 0.1 18213.633 0.0 21157.025 148.328 3973.3335093673627 3683
370 0 0 0 21157.025 148.328 3977.198954397393 3684
380 0 0 0 21157.025 148.328 3977.198954397393 3684
390 0 0 0 21157.025 148.328 3977.198954397393 3684
400 11.7 1354.6389316239306 719.9079903953269 21157.025 148.328 3977.198954397393 3684
410 190.8 3195.065228511528 1980.5194244327076 21157.025 148.328 3896.4729552749272 3801
420 165.3 4810.606894131876 2899.950111009263 21157.025 148.328 3662.05607969872 5709
430 12.6 9579.48003968254 4352.136869272075 25382.176 148.328 3919.9417760119513 7362
440 0.3 19964.74233333333 485.88697512510095 25382.176 148.328 4015.174391025639 7488
450 0 0 0 25382.176 148.328 4021.5618831931633 7491
460 0 0 0 25382.176 148.328 4021.5618831931633 7491
470 0 0 0 25382.176 148.328 4021.5618831931633 7491
480 0 0 0 25382.176 148.328 4021.5618831931633 7491
490 0 0 0 25382.176 148.328 4021.5618831931633 7491
500 0 0 0 25382.176 148.328 4021.5618831931633 7491
510 0 0 0 25382.176 148.328 4021.5618831931633 7491
517 0 0 0 25382.176 148.328 4021.5618831931633 7491
