10 0.1 52.095 0 52.095 52.095 0 0
20 0 0 0 52.095 52.095 52.095 1
30 0 0 0 52.095 52.095 52.095 1
40 0 0 0 52.095 52.095 52.095 1
50 0 0 0 52.095 52.095 52.095 1
60 0.2 35.135 15.152999999999999 52.095 19.982 52.095 1
70 0.9 13.725555555555555 6.527547439907803 52.095 9.602 40.788333333333334 3
80 0.4 13.27275 3.4300301292408495 52.095 9.602 20.49125 12
90 0.2 10.334 1.6459999999999995 52.095 8.688 18.686625 16
100 0 0 0 52.095 8.688 17.758555555555557 18
110 0.7 12.821428571428571 4.6384921767174925 52.095 7.675 17.758555555555557 18
120 1.5 11.644600000000002 3.931540525883801 52.095 7.656 16.37616 25
130 0.4 8.98425 0.9048650106507602 52.095 7.573 14.601825000000002 40
140 0 0 0 52.095 7.573 14.091136363636366 44
150 0 0 0 52.095 7.573 14.091136363636366 44
160 1.6 10.722 4.903466299466124 52.095 6.939 14.091136363636366 44
170 2.2 8.56772727272727 1.0875542695682823 52.095 6.382 13.192700000000002 60
180 0.7 9.108285714285714 0.9803178368388947 52.095 6.382 11.951853658536585 82
190 0 0 0 52.095 6.382 11.72820224719101 89
200 0 0 0 52.095 6.382 11.72820224719101 89
210 2.5 9.77216 6.175873895603764 52.095 6.024 11.72820224719101 89
220 5.2 8.13421153846154 0.9351840283013504 52.095 6.024 11.299245614035089 114
230 1.9 9.132421052631578 3.0522106969382294 52.095 6.024 10.307789156626507 166
240 0 0 0 52.095 6.024 10.187075675675677 185
250 0 0 0 52.095 6.024 10.187075675675677 185
260 0.1 7.627 0.0 52.095 6.024 10.187075675675677 185
270 5 8.262700000000008 2.066059314250198 52.095 6.024 10.173311827956992 186
280 10.7 10.416065420560741 13.91740333047116 143.694 6.024 9.768521186440681 236
290 2.2 8.306045454545451 1.0368808328685835 143.694 6.024 9.970524781341108 343
300 0.1 8.416 0.0 143.694 6.024 9.8702 365
310 0 0 0 143.694 6.024 9.866226775956285 366
320 2.3 9.481304347826086 5.834669175337473 143.694 6.024 9.866226775956285 366
330 18.1 15.702613259668512 24.492674460235513 180.434 6.024 9.843467866323909 389
340 12.6 16.39307936507938 16.116331013692523 180.434 6.024 11.704003508771931 570
350 1.7 17.107411764705883 11.399410325610104 180.434 6.024 12.552887931034487 696
360 0.1 8.46 0.0 180.434 6.024 12.661481065918657 713
370 0 0 0 180.434 6.024 12.655596638655464 714
380 0 0 0 180.434 6.024 12.655596638655464 714
390 0 0 0 180.434 6.024 12.655596638655464 714
400 0.1 7.527 0.0 180.434 6.024 12.655596638655464 714
410 19.5 21.812328205128193 47.39312055383927 568.598 6.024 12.648423776223778 715
420 42.9 41.78959440559437 51.54475033836022 568.598 6.024 14.61211758241758 910
430 15.7 37.65485350318471 40.84027450668133 568.598 6.024 23.319464525765486 1339
440 0.7 22.110142857142858 9.542803413022394 568.598 6.024 24.823913770053466 1496
450 0.1 18.074 0.0 568.598 6.024 24.81127478376579 1503
460 0 0 0 568.598 6.024 24.806795212765948 1504
470 0 0 0 568.598 6.024 24.806795212765948 1504
480 0 0 0 568.598 6.024 24.806795212765948 1504
490 0 0 0 568.598 6.024 24.806795212765948 1504
500 0 0 0 568.598 6.024 24.806795212765948 1504
510 0 0 0 568.598 6.024 24.806795212765948 1504
517 0 0 0 568.598 6.024 24.806795212765948 1504
