0 0.1 45.987 0 45.987 45.987 0 0
10 0.1 12.143 0.0 45.987 12.143 45.987 1
20 0 0 0 45.987 12.143 29.065 2
30 0 0 0 45.987 12.143 29.065 2
40 0 0 0 45.987 12.143 29.065 2
50 0 0 0 45.987 12.143 29.065 2
60 0.1 10.061 0.0 45.987 10.061 29.065 2
70 0.4 13.89225 6.883408072132582 45.987 9.619 22.730333333333334 3
80 0 0 0 45.987 9.619 17.68 7
90 0 0 0 45.987 9.619 17.68 7
100 0 0 0 45.987 9.619 17.68 7
110 0.1 8.395 0.0 45.987 8.395 17.68 7
120 0.6 9.737499999999999 1.0398610083403768 45.987 8.395 16.519375 8
130 0.2 10.075 1.443000000000001 45.987 8.395 13.612857142857141 14
140 0 0 0 45.987 8.395 13.170625 16
150 0 0 0 45.987 8.395 13.170625 16
160 1.1 9.374545454545455 3.544183874863573 45.987 6.563 13.170625 16
170 1.5 7.840600000000001 0.9645895016361448 45.987 5.724 11.624074074074075 27
180 0.3 8.880999999999998 0.252754162511059 45.987 5.724 10.272833333333335 42
190 0 0 0 45.987 5.724 10.180044444444444 45
200 0 0 0 45.987 5.724 10.180044444444444 45
210 1.3 8.58723076923077 3.618762626471314 45.987 5.724 10.180044444444444 45
220 2.2 7.979272727272726 1.0707531835886779 45.987 5.724 9.82303448275862 58
230 0.6 9.356499999999999 4.530265656301698 45.987 5.724 9.315999999999999 80
240 0.1 9.421 0.0 45.987 5.724 9.318825581395348 86
250 0 0 0 45.987 5.724 9.32 87
260 0 0 0 45.987 5.724 9.32 87
270 3.4 7.645294117647057 2.180493826008116 45.987 5.512 9.32 87
280 5.2 10.817596153846152 8.868316910083758 49.551 5.512 8.849421487603305 121
290 1.1 8.950909090909091 3.208172758172632 49.551 5.512 9.44101156069364 173
300 0 0 0 49.551 5.512 9.411711956521739 184
310 0 0 0 49.551 5.512 9.411711956521739 184
320 1.5 15.2526 30.038777524615302 127.563 5.512 9.411711956521739 184
330 10.2 15.179098039215686 20.99210151999276 156.138 5.512 9.851979899497486 199
340 5 16.09159999999999 11.885482924980375 156.138 5.512 11.657182724252491 301
350 0.2 10.1155 2.3705000000000003 156.138 5.512 12.288866096866096 351
360 0 0 0 156.138 5.512 12.27655240793201 353
370 0 0 0 156.138 5.512 12.27655240793201 353
380 0 0 0 156.138 5.512 12.27655240793201 353
390 0 0 0 156.138 5.512 12.27655240793201 353
400 0.2 7.052 0.4440000000000002 156.138 5.512 12.27655240793201 353
410 12.5 22.626488 39.32540308159416 305.289 5.512 12.247118309859154 355
420 19.4 64.53644329896908 76.51190226861601 349.339 5.512 14.950079166666665 480
430 3 44.178900000000006 36.19894043969611 349.339 5.512 29.22271216617211 674
440 0.1 29.273 0.0 349.339 5.512 29.86004971590909 704
450 0 0 0 349.339 5.512 29.859217021276596 705
460 0 0 0 349.339 5.512 29.859217021276596 705
470 0 0 0 349.339 5.512 29.859217021276596 705
480 0 0 0 349.339 5.512 29.859217021276596 705
490 0 0 0 349.339 5.512 29.859217021276596 705
500 0 0 0 349.339 5.512 29.859217021276596 705
510 0 0 0 349.339 5.512 29.859217021276596 705
517 0 0 0 349.339 5.512 29.859217021276596 705
