10 0.6 39.99583333333334 24.034786632550375 65.822 8.709 0 0
20 0.5 45.767 32.05377571519461 106.789 8.709 39.99583333333334 6
30 0.1 46.903 0.0 106.789 8.709 42.619090909090914 11
40 0 0 0 106.789 8.709 42.97608333333334 12
50 0 0 0 106.789 8.709 42.97608333333334 12
60 0.2 26.703 14.2 106.789 8.709 42.97608333333334 12
70 0.3 15.858666666666666 3.6165582472228426 106.789 8.709 40.651357142857144 14
80 0.8 19.270125 8.525127630092994 106.789 8.709 36.27617647058824 17
90 0.4 18.07825 7.588954979936302 106.789 8.709 30.83424 25
100 0 0 0 106.789 8.709 29.074793103448275 29
110 0.5 14.6024 6.534243478781611 106.789 8.709 29.074793103448275 29
120 2.2 14.448363636363638 5.427866285495908 106.789 8.709 26.9465 34
130 1.1 14.85418181818182 4.139709032774292 106.789 8.709 22.036517857142858 56
140 0.2 21.4015 7.311500000000001 106.789 8.709 20.857328358208957 67
150 0 0 0 106.789 8.709 20.873101449275364 69
160 1.4 13.349285714285717 4.038717502032604 106.789 8.709 20.873101449275364 69
170 3.5 11.557171428571426 1.509824767234629 106.789 8.709 19.604024096385544 83
180 1.9 14.187105263157894 3.732004398580599 106.789 8.709 17.217245762711865 118
190 0 0 0 106.789 8.709 16.797007299270074 137
200 0 0 0 106.789 8.709 16.797007299270074 137
210 3.2 12.378437499999997 2.5180258008197116 106.789 8.709 16.797007299270074 137
220 8.9 13.282213483146077 3.4593006907511934 106.789 8.709 15.9603550295858 169
230 3.1 13.56141935483871 2.7114714464265854 106.789 8.709 15.036500000000006 258
240 0.4 16.82275 3.5256184829757165 106.789 8.709 14.87827335640139 289
250 0 0 0 106.789 8.709 14.904819112627992 293
260 0 0 0 106.789 8.709 14.904819112627992 293
270 5.3 21.56407547169811 22.697004880828263 133.556 8.709 14.904819112627992 293
280 15.2 23.385026315789464 22.488035223128676 169.147 8.709 15.924878612716768 346
290 7.2 20.10123611111111 8.144120847261975 169.147 8.709 18.201871485943773 498
300 1.2 21.631666666666664 7.585858678415312 169.147 8.709 18.441791228070176 570
310 0 0 0 169.147 8.709 18.507561855670104 582
320 1.9 28.433368421052627 30.87138423611322 169.147 8.709 18.507561855670104 582
330 21.3 33.0067042253521 25.16774473290538 169.147 8.709 18.82135607321132 601
340 25.5 45.12731372549018 32.840291375131514 217.089 8.709 22.53324692874693 814
350 5.5 34.492527272727294 12.890940748313486 217.089 8.709 27.922851262862487 1069
360 0.1 37.844 0.0 217.089 8.709 28.244321174377223 1124
370 0 0 0 217.089 8.709 28.252854222222222 1125
380 0 0 0 217.089 8.709 28.252854222222222 1125
390 0 0 0 217.089 8.709 28.252854222222222 1125
400 0 0 0 217.089 8.709 28.252854222222222 1125
410 19.6 57.42614795918366 51.712594397594756 345.44 8.709 28.252854222222222 1125
420 61.1 107.98291162029473 76.15267130202385 526.856 8.709 32.581367146101435 1321
430 32.8 108.89624085365841 53.530086769713755 526.856 8.709 56.42730072463772 1932
440 3.5 79.7646 23.07688209591086 526.856 8.709 64.04226194690267 2260
450 0.2 57.6515 11.445499999999996 526.856 8.709 64.28203616557737 2295
460 0 0 0 526.856 8.709 64.27626295167613 2297
470 0 0 0 526.856 8.709 64.27626295167613 2297
480 0 0 0 526.856 8.709 64.27626295167613 2297
490 0 0 0 526.856 8.709 64.27626295167613 2297
500 0 0 0 526.856 8.709 64.27626295167613 2297
510 0 0 0 526.856 8.709 64.27626295167613 2297
517 0 0 0 526.856 8.709 64.27626295167613 2297
