0 0.2 42.308 13.463000000000001 55.771 28.845 0 0
10 0.1 27.458 0.0 55.771 27.458 42.308 2
20 0 0 0 55.771 27.458 37.358 3
30 0 0 0 55.771 27.458 37.358 3
40 0 0 0 55.771 27.458 37.358 3
50 0 0 0 55.771 27.458 37.358 3
60 0.1 22.659 0.0 55.771 22.659 37.358 3
70 0.4 21.406000000000002 8.832055791264004 55.771 13.543 33.683249999999994 4
80 0 0 0 55.771 13.543 27.544624999999996 8
90 0 0 0 55.771 13.543 27.544624999999996 8
100 0.2 24.0465 8.6115 55.771 13.543 27.544624999999996 8
110 0.7 17.569142857142857 8.39357756908002 55.771 12.205 26.845 10
120 0.2 16.108999999999998 3.352 55.771 12.205 23.025529411764705 17
130 0 0 0 55.771 12.205 22.297473684210527 19
140 0 0 0 55.771 12.205 22.297473684210527 19
150 0.4 14.1885 1.4617322771287489 55.771 12.205 22.297473684210527 19
160 1.5 15.000599999999995 3.8522206028904065 55.771 11.808 20.887217391304347 23
170 0 0 0 55.771 11.808 18.563552631578943 38
180 0 0 0 55.771 11.808 18.563552631578943 38
190 0 0 0 55.771 11.808 18.563552631578943 38
200 0.7 16.470285714285716 5.190346636216278 55.771 11.808 18.563552631578943 38
210 2.7 15.134666666666668 8.712512368873732 55.771 10.099 18.23793333333333 45
220 0.5 14.9382 6.656202382740476 55.771 10.099 17.07420833333333 72
230 0 0 0 55.771 10.099 16.93550649350649 77
240 0 0 0 55.771 10.099 16.93550649350649 77
250 0 0 0 55.771 10.099 16.93550649350649 77
260 3.1 13.224741935483872 2.4485968723087366 55.771 10.099 16.93550649350649 77
270 6.2 13.156935483870969 3.276096127183595 55.771 9.61 15.87037962962963 108
280 0.9 13.785555555555554 2.312290548405826 55.771 9.61 14.880770588235293 170
290 0 0 0 55.771 9.61 14.825703910614525 179
300 0 0 0 55.771 9.61 14.825703910614525 179
310 0 0 0 55.771 9.61 14.825703910614525 179
320 9.4 12.803553191489366 2.901515567353757 55.771 9.61 14.825703910614525 179
330 8.9 20.548202247191014 23.104178565198527 168.957 9.61 14.129432234432235 273
340 0 0 0 168.957 9.61 15.707527624309392 362
350 0 0 0 168.957 9.61 15.707527624309392 362
360 0 0 0 168.957 9.61 15.707527624309392 362
370 0 0 0 168.957 9.61 15.707527624309392 362
380 0 0 0 168.957 9.61 15.707527624309392 362
390 0 0 0 168.957 9.61 15.707527624309392 362
400 9.7 13.774329896907215 3.5914899120107866 168.957 9.61 15.707527624309392 362
410 23.3 31.748227467811162 38.64107929859459 226.005 9.61 15.298986928104574 459
420 4.4 80.18015909090911 94.0700036486231 416.291 9.61 20.837531791907516 692
430 0 0 0 416.291 9.61 24.385188858695653 736
440 0 0 0 416.291 9.61 24.385188858695653 736
450 0 0 0 416.291 9.61 24.385188858695653 736
460 0 0 0 416.291 9.61 24.385188858695653 736
470 0 0 0 416.291 9.61 24.385188858695653 736
480 0 0 0 416.291 9.61 24.385188858695653 736
490 0 0 0 416.291 9.61 24.385188858695653 736
500 0 0 0 416.291 9.61 24.385188858695653 736
510 0 0 0 416.291 9.61 24.385188858695653 736
517 0 0 0 416.291 9.61 24.385188858695653 736
