0 0.7 69.518 22.67657023071548 124.45 55.91 0 0
10 0.8 32.156625 16.424836695820602 124.45 13.153 69.518 7
20 0 0 0 124.45 13.153 49.59193333333333 15
30 0 0 0 124.45 13.153 49.59193333333333 15
40 0 0 0 124.45 13.153 49.59193333333333 15
50 0 0 0 124.45 13.153 49.59193333333333 15
60 2 24.819850000000002 12.146740333418675 124.45 13.153 49.59193333333333 15
70 1.9 16.426421052631582 3.801234471448086 124.45 11.438 35.43645714285714 35
80 0 0 0 124.45 11.438 28.74774074074074 54
90 0 0 0 124.45 11.438 28.74774074074074 54
100 1.5 19.495 5.215996689671751 124.45 11.438 28.74774074074074 54
110 5.1 17.520274509803933 9.346485054062883 124.45 11.438 26.73627536231884 69
120 0.9 15.764555555555553 3.7827124927053517 124.45 11.008 22.819475000000004 120
130 0 0 0 124.45 11.008 22.32727131782946 129
140 0 0 0 124.45 11.008 22.32727131782946 129
150 3 14.653633333333337 2.445098668538529 124.45 11.008 22.32727131782946 129
160 10.3 15.206980582524274 12.971763981654135 140.814 10.684 20.879415094339624 159
170 0.9 12.595444444444446 1.1472487002594134 140.814 10.684 18.64941221374046 262
180 0 0 0 140.814 10.684 18.448357933579338 271
190 0 0 0 140.814 10.684 18.448357933579338 271
200 6.7 14.678134328358206 2.8237534081987574 140.814 10.684 18.448357933579338 271
210 19.7 13.6652538071066 4.807743647623824 140.814 9.466 17.701005917159765 338
220 3 12.7842 2.849175230366383 140.814 9.466 16.214943925233648 535
230 0 0 0 140.814 9.466 16.03278053097345 565
240 0 0 0 140.814 9.466 16.03278053097345 565
250 0 0 0 140.814 9.466 16.03278053097345 565
260 11.9 14.404344537815119 10.95627425819514 140.814 9.177 16.03278053097345 565
270 36.3 13.843920110192837 11.600033187551453 179.771 9.177 15.749470760233914 684
280 8.5 17.13821176470589 15.181571632269959 179.771 9.177 15.088807067812795 1047
290 0 0 0 179.771 9.177 15.242693462897522 1132
300 0 0 0 179.771 9.177 15.242693462897522 1132
310 0 0 0 179.771 9.177 15.242693462897522 1132
320 60.1 13.954895174708819 10.567270140877262 179.771 9.177 15.242693462897522 1132
330 45.9 20.492298474945525 22.679463526165257 185.862 9.177 14.796088286208883 1733
340 0 0 0 185.862 9.177 15.98886222627737 2192
350 0 0 0 185.862 9.177 15.98886222627737 2192
360 0 0 0 185.862 9.177 15.98886222627737 2192
370 0 0 0 185.862 9.177 15.98886222627737 2192
380 0 0 0 185.862 9.177 15.98886222627737 2192
390 0 0 0 185.862 9.177 15.98886222627737 2192
400 52.9 14.438158790170135 13.441746009287195 185.862 9.177 15.98886222627737 2192
410 153.1 34.230275636838634 49.99417410920973 683.406 9.177 15.687384049981622 2721
420 25.6 82.81589062500002 85.47204714538206 683.406 9.177 22.36404609595483 4252
430 0 0 0 683.406 9.177 25.796981366459615 4508
440 0 0 0 683.406 9.177 25.796981366459615 4508
450 0 0 0 683.406 9.177 25.796981366459615 4508
460 0 0 0 683.406 9.177 25.796981366459615 4508
470 0 0 0 683.406 9.177 25.796981366459615 4508
480 0 0 0 683.406 9.177 25.796981366459615 4508
490 0 0 0 683.406 9.177 25.796981366459615 4508
500 0 0 0 683.406 9.177 25.796981366459615 4508
510 0 0 0 683.406 9.177 25.796981366459615 4508
517 0 0 0 683.406 9.177 25.796981366459615 4508
