10 0.6 52.53016666666667 16.892666924010417 67.066 28.586 0 0
20 0.5 20.577199999999998 7.899175308853449 67.066 14.041 52.53016666666667 6
30 0.1 25.883 0.0 67.066 14.041 38.00609090909091 11
40 0 0 0 67.066 14.041 36.99583333333333 12
50 0 0 0 67.066 14.041 36.99583333333333 12
60 0.2 23.5775 4.759499999999999 67.066 14.041 36.99583333333333 12
70 0.3 14.405666666666667 3.3064202529153626 67.066 10.256 35.07892857142856 14
80 0.8 18.484875 6.9671267470439355 67.066 10.256 31.430705882352935 17
90 0.4 13.81775 1.331069940874633 67.066 10.256 27.288039999999995 25
100 0 0 0 67.066 10.256 25.430068965517236 29
110 0.5 12.651 1.1347604152419135 67.066 10.256 25.430068965517236 29
120 2.2 13.43418181818182 3.2826273240744728 67.066 8.795 23.550794117647055 34
130 1.1 14.164 3.392323660587506 67.066 8.795 19.576410714285714 56
140 0.2 14.971 0.18299999999999983 67.066 8.795 18.687805970149256 67
150 0 0 0 67.066 8.795 18.58007246376812 69
160 1.4 12.480071428571424 3.8622836594852195 67.066 8.795 18.58007246376812 69
170 3.5 12.87537142857143 5.610821284857702 67.066 8.795 17.551156626506025 83
180 1.9 12.22578947368421 1.0622635008096417 67.066 8.795 16.16427118644068 118
190 0 0 0 67.066 8.795 15.618058394160586 137
200 0 0 0 67.066 8.795 15.618058394160586 137
210 3.2 10.88975 2.4708021723723657 67.066 8.635 15.618058394160586 137
220 8.9 10.640528089887646 1.6708538091221956 67.066 7.908 14.722757396449708 169
230 3.1 11.39806451612903 2.482830252021632 67.066 7.908 13.314546511627912 258
240 0.4 12.037999999999998 0.9947645450055006 67.066 7.908 13.108972318339104 289
250 0 0 0 67.066 7.908 13.09435153583618 293
260 0 0 0 67.066 7.908 13.09435153583618 293
270 5.2 12.887884615384614 8.409435919649212 67.066 7.908 13.09435153583618 293
280 15.3 15.975509803921566 19.698823916693208 177.65 7.908 13.063231884057972 345
290 7.2 11.948263888888896 3.2825955008239025 177.65 7.908 13.957967871485945 498
300 1.2 15.441749999999999 9.521135183763539 177.65 7.908 13.704110526315791 570
310 0 0 0 177.65 7.908 13.7399381443299 582
320 1.9 12.930000000000001 10.188789732373827 177.65 7.908 13.7399381443299 582
330 21.1 24.61100000000001 33.11494764635531 192.073 7.908 13.714332778702163 601
340 25.6 24.97150390625001 23.506702264825915 224.66 7.908 16.54585591133005 812
350 5.6 17.35239285714286 6.701249224367935 224.66 7.908 18.56548689138577 1068
360 0.1 10.489 0.0 224.66 7.908 18.50504804270463 1124
370 0 0 0 224.66 7.908 18.49792266666667 1125
380 0 0 0 224.66 7.908 18.49792266666667 1125
390 0 0 0 224.66 7.908 18.49792266666667 1125
400 0 0 0 224.66 7.908 18.49792266666667 1125
410 19.3 34.698891191709855 48.389222728334964 389.538 7.908 18.49792266666667 1125
420 61.1 80.55724386252056 82.24767405116066 509.048 7.908 20.87029514415782 1318
430 33.1 66.76448640483386 47.41109812497469 509.048 7.908 39.77580352514261 1929
440 3.5 33.11319999999999 9.893975854889826 509.048 7.908 43.72857079646022 2260
450 0.2 25.3555 1.3805000000000005 509.048 7.908 43.56668061002183 2295
460 0 0 0 509.048 7.908 43.55082411841536 2297
470 0 0 0 509.048 7.908 43.55082411841536 2297
480 0 0 0 509.048 7.908 43.55082411841536 2297
490 0 0 0 509.048 7.908 43.55082411841536 2297
500 0 0 0 509.048 7.908 43.55082411841536 2297
510 0 0 0 509.048 7.908 43.55082411841536 2297
517 0 0 0 509.048 7.908 43.55082411841536 2297
