10 0.1 159.993 0 159.993 159.993 0 0
20 0.1 136.325 0.0 159.993 136.325 159.993 1
30 0 0 0 159.993 136.325 148.159 2
40 0 0 0 159.993 136.325 148.159 2
50 0 0 0 159.993 136.325 148.159 2
60 0 0 0 159.993 136.325 148.159 2
70 0.4 120.20949999999999 2.324319093842324 159.993 118.363 148.159 2
80 0.1 119.097 0.0 159.993 118.363 129.52599999999998 6
90 0 0 0 159.993 118.363 128.03614285714283 7
100 0 0 0 159.993 118.363 128.03614285714283 7
110 0 0 0 159.993 118.363 128.03614285714283 7
120 0.4 120.0755 1.7990731641598128 159.993 117.712 128.03614285714283 7
130 0.4 118.70075 2.027556580591529 159.993 115.444 125.14136363636362 11
140 0 0 0 159.993 115.444 123.42386666666665 15
150 0.1 118.247 0.0 159.993 115.444 123.42386666666665 15
160 0.5 123.2288 1.8549414438197158 159.993 115.444 123.10031249999999 16
170 1.3 124.41884615384615 1.439145625076738 159.993 115.444 123.13090476190476 21
180 1.1 120.58945454545456 1.9367905205935783 159.993 115.444 123.62335294117645 34
190 0 0 0 159.993 115.444 122.88173333333333 45
200 0 0 0 159.993 115.444 122.88173333333333 45
210 0.7 126.16514285714287 3.4949512332003945 159.993 115.444 122.88173333333333 45
220 1.8 132.5432777777778 27.475987162137606 245.381 115.444 123.32373076923076 52
230 1.4 122.47657142857145 2.2931325646773435 245.381 115.444 125.69447142857145 70
240 0.3 116.34500000000001 1.4871940021396022 245.381 114.348 125.15815476190478 84
250 0 0 0 245.381 114.348 124.85425287356324 87
260 0 0 0 245.381 114.348 124.85425287356324 87
270 1.3 129.85446153846152 7.03400953188681 245.381 114.348 124.85425287356324 87
280 5.5 131.7095818181818 13.658200112607554 245.381 114.348 125.50428000000002 100
290 2.7 126.12437037037034 2.5888813850365455 245.381 114.348 127.7061612903226 155
300 0.2 115.42150000000001 0.2094999999999949 245.381 114.348 127.4715 182
310 0 0 0 245.381 114.348 127.34052173913045 184
320 0.3 129.05066666666667 3.0508464763442684 245.381 114.348 127.34052173913045 184
330 6.9 142.9601159420291 45.539053220169784 448.241 114.348 127.36795721925137 187
340 8 137.29216249999996 9.414690513293252 448.241 114.348 131.57053125000004 256
350 1.7 134.91358823529413 6.620076906064956 448.241 114.348 132.9328244047619 336
360 0 0 0 448.241 114.348 133.02821529745043 353
370 0 0 0 448.241 114.348 133.02821529745043 353
380 0 0 0 448.241 114.348 133.02821529745043 353
390 0 0 0 448.241 114.348 133.02821529745043 353
400 0 0 0 448.241 114.348 133.02821529745043 353
410 6.2 167.17806451612907 117.12510748339076 937.263 114.348 133.02821529745043 353
420 19 171.19857894736816 54.2321232818179 937.263 114.348 138.13012048192772 415
430 9.4 173.09908510638303 42.49235885793945 937.263 114.348 148.51525619834703 605
440 0.5 141.8452 4.169703557808392 937.263 114.348 151.82123605150207 699
450 0 0 0 937.263 114.348 151.7503835227272 704
460 0 0 0 937.263 114.348 151.7503835227272 704
470 0 0 0 937.263 114.348 151.7503835227272 704
480 0 0 0 937.263 114.348 151.7503835227272 704
490 0 0 0 937.263 114.348 151.7503835227272 704
500 0 0 0 937.263 114.348 151.7503835227272 704
510 0 0 0 937.263 114.348 151.7503835227272 704
517 0 0 0 937.263 114.348 151.7503835227272 704
