0 1.6 16
10 5.8 74
20 2.4 98
30 0.4 102
40 1.2 114
50 9.7 211
60 7.4 285
70 1.9 304
80 0.6 310
90 14.3 453
100 20.2 655
110 5.9 714
120 0.4 718
130 0.1 719
140 13.7 856
150 42.4 1280
160 21 1490
170 2.7 1517
180 0.5 1522
190 25.8 1780
200 78.9 2569
210 37.9 2948
220 6.3 3011
230 0.4 3015
240 44.5 3460
250 154.7 5007
260 86.1 5868
270 16.7 6035
280 1.2 6047
290 7.8 6125
300 228.5 8410
310 299.2 11402
320 84.7 12249
330 10.7 12356
340 1 12366
350 0.1 12367
360 0 12367
370 183.3 14200
380 412.7 18327
390 307.1 21398
400 170.1 23099
410 99.6 24095
420 15.5 24250
430 1.2 24262
438 0.2 24264
