0 0.1 0.03799141000376313 0 0.03799141000376313 0.03799141000376313 0 0
10 0.1 0.012492582529123334 0.0 0.03799141000376313 0.012492582529123334 0.03799141000376313 1
20 0.1 0.011450937935916387 0.0 0.03799141000376313 0.011450937935916387 0.02524199626644323 2
30 0.1 0.018735948038970773 0.0 0.03799141000376313 0.011450937935916387 0.020644976822934282 3
40 0.1 0.007287263944700076 0.0 0.03799141000376313 0.007287263944700076 0.020167719626943404 4
50 0.1 0.010410593820271508 0.0 0.03799141000376313 0.007287263944700076 0.017591628490494737 5
60 0.1 0.031229180546302464 0.0 0.03799141000376313 0.007287263944700076 0.016394789378790867 6
70 0.1 0.020821404403727033 0.0 0.03799141000376313 0.007287263944700076 0.01851398811700681 7
80 0.1 0.006246486351427322 0.0 0.03799141000376313 0.006246486351427322 0.01880241515284684 8
90 0.1 0.02498724609313996 0.0 0.03799141000376313 0.006246486351427322 0.017407311952689117 9
100 0.1 0.06559083810515356 0.0 0.06559083810515356 0.006246486351427322 0.0181653053667342 10
110 0.1 0.07913451826862004 0.0 0.07913451826862004 0.006246486351427322 0.022476717433863234 11
120 0.1 0.0343510258465446 0.0 0.07913451826862004 0.006246486351427322 0.027198200836759636 12
130 0.1 0.0041641508255429015 0.0 0.07913451826862004 0.0041641508255429015 0.02774841814520463 13
140 0.1 0.006245836109260493 0.0 0.07913451826862004 0.0041641508255429015 0.02606382762237165 14
150 0.1 0.05622188905547226 0.0 0.07913451826862004 0.0041641508255429015 0.02474262818816424 15
160 0.1 0.18012202486308646 0.0 0.18012202486308646 0.0041641508255429015 0.02671008199237099 16
170 0.1 0.073912138246929 0.0 0.18012202486308646 0.0041641508255429015 0.035734313925942486 17
180 0.1 0.012489592006661115 0.0 0.18012202486308646 0.0041641508255429015 0.03785530416599729 18
190 0.1 0.03539970430835225 0.0 0.18012202486308646 0.0041641508255429015 0.036520266683926966 19
200 0.1 0.16449423229084245 0.0 0.18012202486308646 0.0041641508255429015 0.03646423856514823 20
210 0.1 0.42601947815217955 0.0 0.42601947815217955 0.0041641508255429015 0.042560904933038435 21
220 0.1 0.24467442683714052 0.0 0.42601947815217955 0.0041641508255429015 0.059990840079363034 22
230 0.1 0.05412381864357384 0.0 0.42601947815217955 0.0041641508255429015 0.06802056124274466 23
240 0.1 0.06974880021653358 0.0 0.42601947815217955 0.0041641508255429015 0.06744153030111254 24
250 0.1 0.5235820087645339 0.0 0.5235820087645339 0.0041641508255429015 0.06753382109772937 25
260 0.1 1.0919755397479096 0.0 1.0919755397479096 0.0041641508255429015 0.08507413600799109 26
270 0.1 0.6336489439184267 0.0 1.0919755397479096 0.0041641508255429015 0.12236678059095103 27
280 0.1 0.15196777450480364 0.0 1.0919755397479096 0.0041641508255429015 0.1406268578526466 28
290 0.1 0.010411460936198567 0.0 1.0919755397479096 0.0041641508255429015 0.14101792394410026 29
300 0.1 0.21129765907174752 0.0 1.0919755397479096 0.0041641508255429015 0.13666437517717023 30
310 0.1 1.6797021258892542 0.0 1.6797021258892542 0.0041641508255429015 0.13907190046409207 31
320 0.1 2.075189220660401 0.0 2.075189220660401 0.0041641508255429015 0.1872165950086284 32
330 0.1 0.6831910018746095 0.0 2.075189220660401 0.0041641508255429015 0.24442788669504575 33
340 0.1 0.10203125488032151 0.0 2.075189220660401 0.0041641508255429015 0.257332684200327 34
350 0.1 0.030190722078787372 0.0 2.075189220660401 0.0041641508255429015 0.2528955005054697 35
360 0.1 0.04788673745575682 0.0 2.075189220660401 0.0041641508255429015 0.2467092566602841 36
370 0.1 0.024985945405709288 0.0 2.075189220660401 0.0041641508255429015 0.24133567506016176 37
380 0.1 1.551169879630882 0.0 2.075189220660401 0.0041641508255429015 0.23564226112188666 38
390 0.1 2.95210998504735 0.0 2.95210998504735 0.0041641508255429015 0.2693737385195532 39
400 0.1 2.6197558083907064 0.0 2.95210998504735 0.0041641508255429015 0.33644214468274813 40
410 0.1 1.7680236430236431 0.0 2.95210998504735 0.0041641508255429015 0.39213272184635684 41
420 0.1 0.86198819450951 0.0 2.95210998504735 0.0041641508255429015 0.4248920294934351 42
430 0.1 0.16760009160750347 0.0 2.95210998504735 0.0041641508255429015 0.4350570565868322 43
438 0.1 0.0510129718699898 0.0 2.95210998504735 0.0041641508255429015 0.42897848920093834 44
