0 0.1 375580.7421875 0 375580.7421875 375580.7421875 0 0
10 0.1 375578.12109375 0.0 375580.7421875 375578.12109375 375580.7421875 1
20 0.1 375571.45703125 0.0 375580.7421875 375571.45703125 375579.431640625 2
30 0.1 375565.35546875 0.0 375580.7421875 375565.35546875 375576.7734375 3
40 0.1 375566.578125 0.0 375580.7421875 375565.35546875 375573.9189453125 4
50 0.1 375568.921875 0.0 375580.7421875 375565.35546875 375572.45078125 5
60 0.1 375553.54296875 0.0 375580.7421875 375553.54296875 375571.8626302083 6
70 0.1 375553.1796875 0.0 375580.7421875 375553.1796875 375569.24553571426 7
80 0.1 375559.703125 0.0 375580.7421875 375553.1796875 375567.2373046875 8
90 0.1 375558.46875 0.0 375580.7421875 375553.1796875 375566.4001736111 9
100 0.1 375533.3203125 0.0 375580.7421875 375533.3203125 375565.60703125 10
110 0.1 375510.625 0.0 375580.7421875 375510.625 375562.671875 11
120 0.1 375529.3671875 0.0 375580.7421875 375510.625 375558.3346354167 12
130 0.1 375532.28125 0.0 375580.7421875 375510.625 375556.1063701923 13
140 0.1 375541.09765625 0.0 375580.7421875 375510.625 375554.40457589284 14
150 0.1 375522.5234375 0.0 375580.7421875 375510.625 375553.5174479167 15
160 0.1 375470.3203125 0.0 375580.7421875 375470.3203125 375551.5803222656 16
170 0.1 375480.47265625 0.0 375580.7421875 375470.3203125 375546.8003216912 17
180 0.1 375503.91015625 0.0 375580.7421875 375470.3203125 375543.1154513889 18
190 0.1 375502.39453125 0.0 375580.7421875 375470.3203125 375541.05201480264 19
200 0.1 375441.0 0.0 375580.7421875 375441.0 375539.119140625 20
210 0.1 375327.0625 0.0 375580.7421875 375327.0625 375534.44680059527 21
220 0.1 375366.48046875 0.0 375580.7421875 375327.0625 375525.0202414773 22
230 0.1 375461.76171875 0.0 375580.7421875 375327.0625 375518.12720788043 23
240 0.1 375492.19140625 0.0 375580.7421875 375327.0625 375515.7786458333 24
250 0.1 375359.234375 0.0 375580.7421875 375327.0625 375514.83515625 25
260 0.1 375177.78125 0.0 375580.7421875 375177.78125 375508.8505108173 26
270 0.1 375217.26171875 0.0 375580.7421875 375177.78125 375496.5886863426 27
280 0.1 375357.69921875 0.0 375580.7421875 375177.78125 375486.61272321426 28
290 0.1 375390.640625 0.0 375580.7421875 375177.78125 375482.1674299569 29
300 0.1 375374.9453125 0.0 375580.7421875 375177.78125 375479.1165364583 30
310 0.1 374876.06640625 0.0 375580.7421875 374876.06640625 375475.75617439515 31
320 0.1 374713.984375 0.0 375580.7421875 374713.984375 375457.0158691406 32
330 0.1 375024.921875 0.0 375580.7421875 374713.984375 375434.49976325757 33
340 0.1 375243.546875 0.0 375580.7421875 374713.984375 375422.4533547794 34
350 0.1 375267.9140625 0.0 375580.7421875 374713.984375 375417.34174107143 35
360 0.1 375290.91796875 0.0 375580.7421875 374713.984375 375413.19097222225 36
370 0.1 375291.19921875 0.0 375580.7421875 374713.984375 375409.8862964527 37
380 0.1 374768.59375 0.0 375580.7421875 374713.984375 375406.76295230264 38
390 0.1 374129.05859375 0.0 375580.7421875 374129.05859375 375390.39963942306 39
400 0.1 373912.81640625 0.0 375580.7421875 373912.81640625 375358.8661132812 40
410 0.1 374090.9140625 0.0 375580.7421875 373912.81640625 375323.5966082317 41
420 0.1 374749.90234375 0.0 375580.7421875 373912.81640625 375294.2470238095 42
430 0.1 375032.359375 0.0 375580.7421875 373912.81640625 375281.58784520347 43
438 0.1 375099.8671875 0.0 375580.7421875 373912.81640625 375275.9235617898 44
