0 0.1 0.12109375 0 0.12109375 0.12109375 0 0
10 0.1 0.1015625 0.0 0.12109375 0.1015625 0.12109375 1
20 0.1 0.08984375 0.0 0.12109375 0.08984375 0.111328125 2
30 0.1 0.0703125 0.0 0.12109375 0.0703125 0.10416666666666667 3
40 0.1 0.05859375 0.0 0.12109375 0.05859375 0.095703125 4
50 0.1 0.05078125 0.0 0.12109375 0.05078125 0.08828125 5
60 0.1 0.0390625 0.0 0.12109375 0.0390625 0.08203125 6
70 0.1 0.0390625 0.0 0.12109375 0.0390625 0.07589285714285714 7
80 0.1 0.03125 0.0 0.12109375 0.03125 0.0712890625 8
90 0.1 0.01953125 0.0 0.12109375 0.01953125 0.06684027777777778 9
100 0.1 0.01953125 0.0 0.12109375 0.01953125 0.062109375 10
110 0.1 0.01953125 0.0 0.12109375 0.01953125 0.05823863636363636 11
120 0.1 0.01171875 0.0 0.12109375 0.01171875 0.055013020833333336 12
130 0.1 0.01171875 0.0 0.12109375 0.01171875 0.051682692307692304 13
140 0.1 0.01171875 0.0 0.12109375 0.01171875 0.048828125 14
150 0.1 0.01171875 0.0 0.12109375 0.01171875 0.04635416666666667 15
160 0.1 0.01171875 0.0 0.12109375 0.01171875 0.044189453125 16
170 0.1 0.0 0.0 0.12109375 0.0 0.042279411764705885 17
180 0.1 0.0 0.0 0.12109375 0.0 0.03993055555555555 18
190 0.1 0.0 0.0 0.12109375 0.0 0.03782894736842105 19
200 0.1 0.0 0.0 0.12109375 0.0 0.0359375 20
210 0.1 0.16015625 0.0 0.16015625 0.0 0.03422619047619048 21
220 0.1 0.140625 0.0 0.16015625 0.0 0.039950284090909095 22
230 0.1 0.109375 0.0 0.16015625 0.0 0.04432744565217391 23
240 0.1 0.1015625 0.0 0.16015625 0.0 0.047037760416666664 24
250 0.1 0.23046875 0.0 0.23046875 0.0 0.04921875 25
260 0.1 0.19140625 0.0 0.23046875 0.0 0.05618990384615385 26
270 0.1 0.30859375 0.0 0.30859375 0.0 0.061197916666666664 27
280 0.1 0.26171875 0.0 0.30859375 0.0 0.07003348214285714 28
290 0.1 0.21875 0.0 0.30859375 0.0 0.07664331896551724 29
300 0.1 0.3515625 0.0 0.3515625 0.0 0.08138020833333333 30
310 0.1 0.6796875 0.0 0.6796875 0.0 0.09009576612903226 31
320 0.1 1.03125 0.0 1.03125 0.0 0.1085205078125 32
330 0.1 0.87109375 0.0 1.03125 0.0 0.13648200757575757 33
340 0.1 0.73828125 0.0 1.03125 0.0 0.15808823529411764 34
350 0.1 0.62109375 0.0 1.03125 0.0 0.17466517857142858 35
360 0.1 0.53125 0.0 1.03125 0.0 0.1870659722222222 36
370 0.1 0.44921875 0.0 1.03125 0.0 0.19636824324324326 37
380 0.1 0.609375 0.0 1.03125 0.0 0.20302220394736845 38
390 0.1 0.98046875 0.0 1.03125 0.0 0.21344150641025642 39
400 0.1 1.140625 0.0 1.140625 0.0 0.2326171875 40
410 0.1 1.37109375 0.0 1.37109375 0.0 0.2547637195121951 41
420 0.1 1.3203125 0.0 1.37109375 0.0 0.28134300595238093 42
430 0.1 1.12109375 0.0 1.37109375 0.0 0.3055050872093023 43
438 0.1 0.94140625 0.0 1.37109375 0.0 0.3240411931818182 44
