0 5.6 32.48607142857143 40.89983871687426 122.58 4.635 0 0
10 12.5 37.28747200000002 44.8586278252157 144.504 4.635 32.48607142857143 56
20 6.4 42.19874999999999 37.05158864846418 172.532 4.635 35.80195580110499 181
30 1.1 29.68336363636363 20.79643059527601 172.532 4.635 37.47295510204083 245
40 3.6 35.67258333333334 41.3615147291235 172.532 4.635 37.13824609375001 256
50 24.8 32.777431451612856 41.8217022591159 172.532 4.34 36.95754794520549 292
60 18.9 34.79489947089946 38.09063796412057 172.532 4.34 35.037790740740725 540
70 4.9 29.517122448979595 27.14552872388549 172.532 4.34 34.97481893004114 729
80 4 27.030574999999992 36.331709910137384 172.532 4.34 34.63108226221078 778
90 35.3 36.17952407932015 47.23745532517455 237.204 4.144 34.259419315403406 818
100 47.5 37.338073684210535 42.34945120381189 238.587 4.144 34.838238257899235 1171
110 16.2 35.66798765432097 33.480476503863756 270.436 4.144 35.559636695018234 1646
120 2.1 39.65728571428571 26.679127677505743 270.436 4.144 35.569345132743365 1808
130 0.1 59.826 0.0 270.436 4.144 35.616281574630946 1829
140 39.1 34.63621483375958 46.560707501149004 270.436 4.12 35.62951092896175 1830
150 105 37.74797238095244 46.06690744833568 270.436 4.12 35.4546443043674 2221
160 51.9 36.347884393063595 41.262906388199056 270.436 4.12 36.19080892693368 3271
170 8.9 33.12248314606742 28.812813888265556 270.436 4.12 36.21231873350925 3790
180 1.3 36.346769230769226 21.81415063722786 270.436 4.12 36.141425367362736 3879
190 72.6 36.048074380165275 48.813971626250115 270.436 4.075 36.142111253854075 3892
200 189.5 39.685566226912876 47.67611493152882 272.555 4.075 36.12732763100911 4618
210 97.2 34.910382716049355 39.58550406221578 272.555 3.972 37.16262045140488 6513
220 20.4 28.165117647058846 23.98356675537833 272.555 3.972 36.870145490981955 7485
230 1.4 29.22607142857143 17.774406513959036 272.555 3.972 36.63918884120171 7689
240 126.3 36.81624069675367 50.697114803887025 272.555 3.972 36.625715695183686 7703
250 376.1 41.396386865195446 52.04025174958417 323.372 3.945 36.652554093241115 8966
260 220.9 39.60423177908566 45.45829089756781 352.417 3.945 38.054420601870035 12727
270 49.1 35.11639918533605 33.37585579109094 352.417 3.945 38.28363410551688 14936
280 3.8 35.12326315789474 21.2896927157427 352.417 3.945 38.18282951967331 15427
290 46.7 25.004730192719496 39.92693763777321 352.417 3.945 38.17531167151634 15465
300 578.3 45.8807146809615 59.03744710481513 454.502 3.811 37.7892545819734 15932
310 717 62.70495760111659 75.6202018147454 593.735 3.811 39.94412051577253 21715
320 235 42.03967787234042 49.659807762479716 593.735 3.811 45.5939457503897 28885
330 32.8 36.529106707317055 34.90057701682761 593.735 3.811 45.32653644949596 31235
340 2.1 46.42761904761904 25.203898348273697 593.735 3.811 45.23511431106062 31563
350 0.2 42.557 17.610999999999997 593.735 3.811 45.23590719984823 31584
360 0 0 0 593.735 3.811 45.235737573608766 31586
370 529.7 53.362814612044566 74.53195743118316 657.378 3.811 45.235737573608766 31586
380 993.9 478.52981205352444 732.2773425795409 7190.014 0.461 46.40291830924834 36883
390 760.9 935.0913297410957 1448.7168320231149 16929.984 0.263 138.13136213745645 46822
400 552.4 3634.0128531860905 7868.034493966791 25840.443 0.206 249.5397212250369 54431
410 267.7 64.20926970489325 88.58252372454884 25840.443 0.206 561.3707541823026 59955
420 47.4 43.28875949367092 57.391154047061555 25840.443 0.206 540.1212125111755 62632
430 4.3 39.17344186046511 42.05233213968227 25840.443 0.206 536.3894186606653 63106
438 0.4 41.367000000000004 22.57080314255565 25840.443 0.206 536.0508497680081 63149
