10 0.1 426 0 426 426 0 0
20 0.1 837.0 0.0 837 426 426.0 1
30 0.1 1129.0 0.0 1129 426 631.5 2
40 0.1 119.0 0.0 1129 119 797.3333333333334 3
50 0.1 431.0 0.0 1129 119 627.75 4
60 0.1 1824.0 0.0 1824 119 588.4 5
70 0.1 2042.0 0.0 2042 119 794.3333333333334 6
80 0.1 479.0 0.0 2042 119 972.5714285714286 7
90 0.1 434.0 0.0 2042 119 910.875 8
100 0.1 2810.0 0.0 2810 119 857.8888888888889 9
110 0.1 5234.0 0.0 5234 119 1053.1 10
120 0.1 1726.0 0.0 5234 119 1433.1818181818182 11
130 0.1 238.0 0.0 5234 119 1457.5833333333333 12
140 0.1 7.0 0.0 5234 7 1363.7692307692307 13
150 0.1 3081.0 0.0 5234 7 1266.857142857143 14
160 0.1 10050.0 0.0 10050 7 1387.8 15
170 0.1 5575.0 0.0 10050 7 1929.1875 16
180 0.1 1259.0 0.0 10050 7 2143.6470588235293 17
190 0.1 172.0 0.0 10050 7 2094.5 18
200 0.1 5748.0 0.0 10050 7 1993.3157894736842 19
210 0.1 18633.0 0.0 18633 7 2181.05 20
220 0.1 11001.0 0.0 18633 7 2964.4761904761904 21
230 0.1 1694.0 0.0 18633 7 3329.7727272727275 22
240 0.1 421.0 0.0 18633 7 3258.6521739130435 23
250 0.1 10523.0 0.0 18633 7 3140.4166666666665 24
260 0.1 36252.0 0.0 36252 7 3435.72 25
270 0.1 28383.0 0.0 36252 7 4697.884615384615 26
280 0.1 5277.0 0.0 36252 7 5575.111111111111 27
290 0.1 140.0 0.0 36252 7 5564.464285714285 28
300 0.1 5334.0 0.0 36252 7 5377.413793103448 29
310 0.1 52394.0 0.0 52394 7 5375.966666666666 30
320 0.1 87144.0 0.0 87144 7 6892.677419354839 31
330 0.1 34087.0 0.0 87144 7 9400.53125 32
340 0.1 3550.0 0.0 87144 7 10148.60606060606 33
350 0.1 335.0 0.0 87144 7 9954.529411764706 34
360 0.1 382.0 0.0 87144 7 9679.685714285713 35
370 0.1 302.0 0.0 87144 7 9421.416666666664 36
380 0.1 40682.0 0.0 87144 7 9174.945945945943 37
390 0.1 94440.0 0.0 94440 7 10004.078947368418 38
400 0.1 140918.0 0.0 140918 7 12169.10256410256 39
410 0.1 102572.0 0.0 140918 7 15387.824999999997 40
420 0.1 45058.0 0.0 140918 7 17514.268292682926 41
430 0.1 6940.0 0.0 140918 7 18170.071428571428 42
438 0.1 667.0 0.0 140918 7 17908.906976744187 43
