10 0.1 291 0 291 291 0 0
20 0.1 393.0 0.0 393 291 291.0 1
30 0.1 277.0 0.0 393 277 342.0 2
40 0.1 229.0 0.0 393 229 320.3333333333333 3
50 0.1 277.0 0.0 393 229 297.5 4
60 0.1 884.0 0.0 884 229 293.4 5
70 0.1 662.0 0.0 884 229 391.8333333333333 6
80 0.1 168.0 0.0 884 168 430.42857142857144 7
90 0.1 693.0 0.0 884 168 397.625 8
100 0.1 1523.0 0.0 1523 168 430.44444444444446 9
110 0.1 1665.0 0.0 1665 168 539.7 10
120 0.1 529.0 0.0 1665 168 642.0 11
130 0.1 73.0 0.0 1665 73 632.5833333333334 12
140 0.1 7.0 0.0 1665 7 589.5384615384615 13
150 0.1 1863.0 0.0 1863 7 547.9285714285714 14
160 0.1 3937.0 0.0 3937 7 635.6 15
170 0.1 1796.0 0.0 3937 7 841.9375 16
180 0.1 413.0 0.0 3937 7 898.0588235294117 17
190 0.1 585.0 0.0 3937 7 871.1111111111111 18
200 0.1 4032.0 0.0 4032 7 856.0526315789474 19
210 0.1 7150.0 0.0 7150 7 1014.85 20
220 0.1 3533.0 0.0 7150 7 1307.0 21
230 0.1 884.0 0.0 7150 7 1408.1818181818182 22
240 0.1 2072.0 0.0 7150 7 1385.391304347826 23
250 0.1 8306.0 0.0 8306 7 1414.0 24
260 0.1 15057.0 0.0 15057 7 1689.68 25
270 0.1 9.1e3 0.0 15057 7 2203.8076923076924 26
280 0.1 1864.0 0.0 15057 7 2459.222222222222 27
290 0.1 96.0 0.0 15057 7 2437.964285714286 28
300 0.1 4507.0 0.0 15057 7 2357.206896551724 29
310 0.1 28210.0 0.0 28210 7 2428.866666666667 30
320 0.1 31577.0 0.0 31577 7 3260.516129032258 31
330 0.1 11382.0 0.0 31577 7 4145.40625 32
340 0.1 1525.0 0.0 31577 7 4364.69696969697 33
350 0.1 1628.0 0.0 31577 7 4281.176470588235 34
360 0.1 2184.0 0.0 31577 7 4205.371428571429 35
370 0.1 1752.0 0.0 31577 7 4149.222222222223 36
380 0.1 27753.0 0.0 31577 7 4084.4324324324325 37
390 0.1 50181.0 0.0 50181 7 4707.289473684211 38
400 0.1 45816.0 0.0 50181 7 5873.282051282052 39
410 0.1 31452.0 0.0 50181 7 6871.85 40
420 0.1 13671.0 0.0 50181 7 7471.365853658536 41
430 0.1 2152.0 0.0 50181 7 7618.976190476191 42
438 0.1 812.0 0.0 50181 7 7491.837209302325 43
