10 1.1 11703.739727272727 2083.5048154114606 13955.668 7080.941 0 0
20 1.3 16606.405538461542 2783.4854923931007 22050.047 7080.941 11703.739727272727 11
30 0.4 22924.879 2097.237256125424 24543.03 7080.941 14359.350375000002 24
40 0.2 31542.5225 1086.6165 32629.139 7080.941 15582.997321428573 28
50 1.4 8130.594642857142 2645.162635797267 32629.139 4491.721 16646.965666666667 30
60 2.8 13544.045321428568 3152.6833459196655 32629.139 4491.721 13937.21125 44
70 1.3 19304.628846153846 5912.19115960548 32629.139 4491.721 13784.31338888889 72
80 0.5 25159.419199999997 1411.4299292824135 32629.139 4491.721 14628.596929411766 85
90 0.6 9554.75 2518.0266711653394 32629.139 4491.721 15213.64261111111 90
100 5.2 12270.355846153845 3578.4633144261757 32629.139 4491.721 14859.961822916666 96
110 4.8 17134.717333333334 4221.595557652395 32629.139 4491.721 13950.100263513514 148
120 1.3 24145.28253846154 2324.3397870278245 32629.139 4491.721 14730.006484693877 196
130 0.1 38829.947 0.0 38829.947 4491.721 15315.645665071768 209
140 0.2 6530.726500000001 715.2334999999996 38829.947 4491.721 15427.618528571427 210
150 6.8 11057.630661764706 3197.991507635073 38829.947 4491.721 15343.685584905661 212
160 12.3 14571.354268292678 4255.708338900707 38829.947 4491.721 14302.786532142858 280
170 3.1 21555.909870967746 4736.205311716881 38829.947 4491.721 14384.756337468982 403
180 1.2 30542.617583333336 4683.443295951486 38829.947 4491.721 14896.98158986175 434
190 0.2 6250.691 112.45899999999983 38829.947 4491.721 15317.940405829597 446
200 12.9 10446.531674418611 3235.6423386136166 38829.947 3854.13 15277.461613839287 448
210 19.8 15192.462085858588 4025.4035545744273 38829.947 3854.13 14197.409686308494 577
220 9.6 21934.244333333325 4301.253892464558 38829.947 3854.13 14451.629525161292 775
230 1.3 31830.36169230769 3986.2422796714277 38829.947 3854.13 15276.349412169919 871
240 0.3 6340.230666666666 457.6907368149613 38829.947 3854.13 15519.790769230769 884
250 24.1 10241.345074688796 2929.8504472558193 38829.947 3575.598 15488.74377903044 887
260 42.6 14804.796431924875 3977.3538319646123 38829.947 3575.598 14367.62402039007 1128
270 19.2 21070.575229166665 4031.108143169191 38829.947 3575.598 14487.466650579148 1554
280 2.6 30268.82838461539 4711.3613772237995 41269.748 3575.598 15211.38237056128 1746
290 0.1 45732.061 0.0 45732.061 3575.598 15432.315551354399 1772
300 13.8 8301.071137681158 1926.6977765151346 45732.061 3394.909 15449.405086294413 1773
310 81.7 12418.326630354954 3457.726661522402 45732.061 3037.443 14933.198867085293 1911
320 70.9 17845.053778561338 4089.500601312939 45732.061 3037.443 14180.02781964809 2728
330 17.9 25440.549620111717 4317.029422199736 45732.061 3037.443 14936.066052080296 3437
340 1.2 34044.54558333333 2138.141147012455 45732.061 3037.443 15456.061228705745 3616
350 0.1 56860.28 0.0 56860.28 3037.443 15517.544638919508 3628
360 0 0 0 56860.28 3037.443 15528.936960595198 3629
370 1.7 5614.03011764706 1466.0749363234704 56860.28 2814.637 15528.936960595198 3629
380 32.4 10983.331308641984 3356.338974143778 56860.28 834.662 15482.707279758633 3646
390 100 17645.53171699995 3761.8795364301336 56860.28 834.662 15115.503799999995 3970
400 134.5 23313.367693680288 5260.167902786373 56860.28 834.662 15624.563743058336 4970
410 69.9 34201.53364377679 4704.6110079016735 56860.28 834.662 17262.163317656363 6315
420 22.7 42237.91013215857 4347.395689245963 56860.28 834.662 18950.30415854005 7014
430 2.9 49831.54562068966 2919.5905592217646 56860.28 834.662 19680.353399806645 7241
438 0.3 57929.62233333333 766.9142130470382 58698.408 834.662 19800.626381155424 7270
