0 18.47421875 18.47421875
10 55.9671875 74.44140625
20 29.2046875 103.64609375
30 5.6171875 109.26328125
40 11.96015625 121.2234375
50 101.41953125 222.64296875
60 88.53984375 311.1828125
70 23.23203125 334.41484375
80 10.26484375 344.6796875
90 141.3640625 486.04375
100 218.03046875 704.07421875
110 75.9671875 780.04140625
120 9.69453125 789.7359375
130 0.878125 790.6140625
140 138.24765625 928.86171875
150 454.375 1383.23671875
160 246.97265625 1630.209375
170 41.99375 1672.203125
180 7.8484375 1680.0515625
190 256.6203125 1936.671875
200 829.34296875 2766.01484375
210 459.28125 3225.29609375
220 95.55 3320.84609375
230 7.63203125 3328.478125
240 442.8984375 3771.3765625
250 1622.31875 5393.6953125
260 1038.6078125 6432.303125
270 233.7640625 6666.0671875
280 21.20703125 6687.27421875
290 106.2890625 6793.56328125
300 2311 9104.56328125
310 3272.86796875 12377.43125
320 1098.4640625 13475.8953125
330 163.17578125 13639.07109375
340 12.703125 13651.77421875
350 1.24921875 13653.0234375
360 0 13653.0234375
370 1863.9 15516.9234375
380 4751.36015625 20268.28359375
390 3451.12890625 23719.4125
400 2005.52578125 25724.93828125
410 1258.2625 26983.20078125
420 234.71953125 27217.9203125
430 21.70078125 27239.62109375
438 2.5828125 27242.20390625
