0 157.21875 157.21875
10 681.9828125 839.2015625
20 1145.42265625 1984.62421875
30 91.31796875 2075.9421875
40 125.14296875 2201.08515625
50 1134.92265625 3336.0078125
60 2272.51484375 5608.52265625
70 502.9015625 6111.42421875
80 75.4328125 6186.85703125
90 1321.60390625 7508.4609375
100 4905.7953125 12414.25625
110 2071.31796875 14485.57421875
120 424.01640625 14909.590625
130 1.92421875 14911.51484375
140 1289.221875 16200.73671875
150 8323.8546875 24524.59140625
160 6073.446875 30598.03828125
170 1363.290625 31961.32890625
180 32.3328125 31993.66171875
190 2069.303125 34062.96484375
200 15274.4125 49337.37734375
210 12122.1859375 61459.56328125
220 2197.196875 63656.76015625
230 36.73828125 63693.4984375
240 3427.11171875 67120.61015625
250 27881.08203125 95001.6921875
260 30989.128125 125990.8203125
270 7440.8453125 133431.665625
280 241.3421875 133673.0078125
290 813.18125 134486.1890625
300 28703.32578125 163189.51484375
310 83119.87265625 246309.3875
320 43002.059375 289311.446875
330 4713.9484375 294025.3953125
340 78.03359375 294103.42890625
350 3.596875 294107.02578125
360 0 294107.02578125
370 15338.7296875 309445.75546875
380 60301.00859375 369746.7640625
390 118109.65078125 487856.41484375
400 122792.8140625 610649.22890625
410 51343.85859375 661993.0875
420 9781.65625 671774.74375
430 574.83125 672349.575
438 8.065625 672357.640625
