0 0.1 5.542 0 5.542 5.542 0 0
10 0.3 5.692333333333334 0.30749778680323636 6.056 5.304 5.542 1
20 0.2 5.7035 0.16249999999999964 6.056 5.304 5.65475 4
30 0 0 0 6.056 5.304 5.670999999999999 6
40 0 0 0 6.056 5.304 5.670999999999999 6
50 0.3 5.216666666666667 0.5701837910319402 6.056 4.48 5.670999999999999 6
60 0.1 6.464 0.0 6.464 4.48 5.519555555555555 9
70 0.1 6.371 0.0 6.464 4.48 5.613999999999999 10
80 0 0 0 6.464 4.48 5.682818181818181 11
90 0.4 5.4357500000000005 0.41625555551848187 6.464 4.48 5.682818181818181 11
100 0.7 5.438 0.3445813194505555 6.464 4.48 5.616933333333333 15
110 0.2 5.692500000000001 0.09550000000000014 6.464 4.48 5.56 22
120 0 0 0 6.464 4.48 5.571041666666666 24
130 0 0 0 6.464 4.48 5.571041666666666 24
140 0.1 5.146 0.0 6.464 4.48 5.571041666666666 24
150 1.4 5.328928571428571 0.590261499468754 6.877 4.456 5.554039999999999 25
160 1.2 5.625083333333333 0.660474887023639 7.603 4.456 5.473230769230768 39
170 0 0 0 7.603 4.456 5.508960784313725 51
180 0 0 0 7.603 4.456 5.508960784313725 51
190 0 0 0 7.603 4.456 5.508960784313725 51
200 2.1 5.342952380952379 0.38295162894728446 7.603 4.456 5.508960784313725 51
210 1.7 5.9565882352941175 1.212908757483117 10.089 4.456 5.460541666666667 72
220 0.2 6.0515 0.5434999999999999 10.089 4.456 5.55529213483146 89
230 0 0 0 10.089 4.456 5.566197802197802 91
240 0.2 5.058999999999999 0.3019999999999998 10.089 4.456 5.566197802197802 91
250 3.5 5.544085714285714 0.6345098612958139 10.089 4.301 5.555290322580646 93
260 3.6 6.184361111111111 2.090061205281077 13.941 4.301 5.5522265625000005 128
270 0.5 5.417200000000001 0.26021637150648236 13.941 4.301 5.690987804878049 164
280 0 0 0 13.941 4.301 5.682887573964498 169
290 0 0 0 13.941 4.301 5.682887573964498 169
300 4.1 6.279878048780488 1.5500383188831008 13.941 4.301 5.682887573964498 169
310 11.2 6.419419642857143 1.2480906105384166 13.941 4.301 5.799442857142858 210
320 3.3 5.767575757575758 1.0330920059441167 13.941 4.301 6.015086956521739 322
330 0.3 5.5986666666666665 0.49494264538653643 13.941 4.301 5.9920788732394366 355
340 0 0 0 13.941 4.301 5.988782122905028 358
350 0 0 0 13.941 4.301 5.988782122905028 358
360 0 0 0 13.941 4.301 5.988782122905028 358
370 1.5 8.501733333333332 3.6729567102751917 17.992 4.301 5.988782122905028 358
380 10.7 77.75669158878505 119.51266063346564 612.907 4.301 6.089839142091153 373
390 14.4 38.59554166666666 42.83039422193773 612.907 4.301 22.065575000000003 480
400 5.5 10.665981818181823 25.49470041435771 612.907 4.301 25.88018269230769 624
410 6.2 5.999564516129032 1.5153304081412968 612.907 4.301 24.647810014727543 679
420 0.4 5.3535 0.2627151499247807 612.907 4.301 23.087497975708505 741
430 0 0 0 612.907 4.301 22.992281879194636 745
438 0 0 0 612.907 4.301 22.992281879194636 745
