0 0.1 8.756 0 8.756 8.756 0 0
10 0.3 11.168666666666667 2.357034059057178 14.502 8.756 8.756 1
20 0.2 8.593 0.14300000000000068 14.502 8.45 10.5655 4
30 0 0 0 14.502 8.45 9.908 6
40 0 0 0 14.502 8.45 9.908 6
50 0.4 7.77225 0.7359906164483349 14.502 6.813 9.908 6
60 0 0 0 14.502 6.813 9.0537 10
70 0.1 8.901 0.0 14.502 6.813 9.0537 10
80 0 0 0 14.502 6.813 9.03981818181818 11
90 0.5 7.678400000000001 0.37155058874936564 14.502 6.813 9.03981818181818 11
100 0.6 7.7525 0.46153250156408293 14.502 6.813 8.614374999999999 16
110 0.2 8.333 0.546 14.502 6.813 8.37931818181818 22
120 0 0 0 14.502 6.813 8.37545833333333 24
130 0 0 0 14.502 6.813 8.37545833333333 24
140 0.1 7.053 0.0 14.502 6.813 8.37545833333333 24
150 1.8 7.6609444444444454 0.7677012202544988 14.502 6.517 8.322559999999998 25
160 0.8 7.372 0.4160105166939893 14.502 6.517 8.04560465116279 43
170 0 0 0 14.502 6.517 7.9399411764705885 51
180 0 0 0 14.502 6.517 7.9399411764705885 51
190 0.2 7.6365 0.2945000000000002 14.502 6.517 7.9399411764705885 51
200 2.3 8.103217391304344 1.4075872961274123 14.502 6.517 7.928490566037737 53
210 1.3 8.157076923076922 1.338761107059489 14.502 6.517 7.981368421052631 76
220 0.2 6.826 0.11699999999999999 14.502 6.517 8.007033707865169 89
230 0 0 0 14.502 6.517 7.981076923076925 91
240 0.5 7.928999999999999 1.6209421951445395 14.502 6.517 7.981076923076925 91
250 3.7 11.51916216216216 19.48919736329835 127.353 6.458 7.9783645833333345 96
260 3.3 12.339606060606062 21.349326874548687 132.042 6.372 8.963398496240602 133
270 0.3 7.967666666666667 0.7869690096962034 132.042 6.372 9.634572289156628 166
280 0 0 0 132.042 6.372 9.604982248520711 169
290 0 0 0 132.042 6.372 9.604982248520711 169
300 6.5 13.376815384615385 21.23135184354446 132.042 6.372 9.604982248520711 169
310 10.2 25.23373529411767 46.5545564181711 347.779 6.372 10.652713675213676 234
320 2.2 7.886318181818184 0.514658438045312 347.779 6.372 15.079095238095245 336
330 0 0 0 347.779 6.372 14.6370810055866 358
340 0 0 0 347.779 6.372 14.6370810055866 358
350 0 0 0 347.779 6.372 14.6370810055866 358
360 0 0 0 347.779 6.372 14.6370810055866 358
370 3.1 23.57048387096774 37.42354072218747 347.779 6.372 14.6370810055866 358
380 13.1 194.7938167938931 228.7268203908072 1677.554 6.372 15.348997429305918 389
390 12.5 401.9075519999999 1406.7960949380515 15900.687 6.372 60.55528846153845 520
400 5.1 4765.280901960786 9060.039098467541 24752.137 2.618 126.70882790697672 645
410 4.6 10.88291304347826 7.832507860432883 24752.137 2.618 466.6041954022989 696
420 0.3 11.042666666666667 1.8964455055591647 24752.137 2.618 438.35193261455527 742
430 0 0 0 24752.137 2.618 436.6312241610739 745
438 0 0 0 24752.137 2.618 436.6312241610739 745
