0 0.1 104.89 0 104.89 104.89 0 0
10 0.4 68.5375 5.064490324800711 104.89 63.253 104.89 1
20 0.4 84.99975 16.229760108747758 112.177 63.253 75.80799999999999 5
30 0 0 0 112.177 63.253 79.89322222222222 9
40 0.2 76.257 5.384 112.177 63.253 79.89322222222222 9
50 0.6 69.312 6.521099114924313 112.177 63.253 79.23209090909091 11
60 0.5 71.5496 4.391517851495086 112.177 63.253 75.7308823529412 17
70 0.1 70.545 0.0 112.177 63.253 74.78059090909092 22
80 0 0 0 112.177 63.253 74.59643478260871 23
90 1 69.9516 14.922778348551589 114.554 62.688 74.59643478260871 23
100 2.2 69.28618181818182 8.227749342297047 114.554 62.688 73.1889090909091 33
110 0.9 73.55955555555556 12.048667709761396 114.554 62.688 71.6278181818182 55
120 0 0 0 114.554 62.688 71.89946875000001 64
130 0 0 0 114.554 62.688 71.89946875000001 64
140 0.9 68.43822222222224 5.778324935630426 114.554 62.688 71.89946875000001 64
150 3.6 83.29644444444446 32.18825748057516 187.032 62.688 71.47273972602741 73
160 1.5 80.3158 34.45392862398519 205.304 62.688 75.37781651376147 109
170 0.1 68.937 0.0 205.304 62.688 75.97515322580645 124
180 0 0 0 205.304 62.688 75.918848 125
190 1.5 71.14946666666667 8.59830586310789 205.304 62.688 75.918848 125
200 9.3 75.32712903225806 19.403778922067445 205.304 62.688 75.40784285714285 140
210 3.2 84.8559375 45.767072899723374 272.793 62.688 75.37562660944207 233
220 0.3 67.50233333333334 0.2860353513505238 272.793 62.688 76.52041886792453 265
230 0 0 0 272.793 62.688 76.41947014925374 268
240 2.3 74.28256521739134 10.500756551734266 272.793 62.688 76.41947014925374 268
250 14.6 87.50944520547942 39.022408724975605 322.249 62.688 76.25057388316152 291
260 9.7 85.15054639175261 39.93893066263356 322.249 62.688 80.012118993135 437
270 0.9 79.31366666666668 17.767033373326253 322.249 62.688 80.94550374531835 534
280 0 0 0 322.249 62.688 80.91845672191528 543
290 0 0 0 322.249 62.688 80.91845672191528 543
300 16.9 106.21469822485209 53.14760590563463 342.307 62.688 80.91845672191528 543
310 32.9 131.29148024316132 79.87725288037053 599.593 62.688 86.92276123595505 712
320 6.5 80.03323076923074 16.961872381921506 599.593 62.688 100.94515177713743 1041
330 0.2 67.15700000000001 0.24200000000000088 599.593 62.688 99.7161509945751 1106
340 0 0 0 599.593 62.688 99.65737996389898 1108
350 0 0 0 599.593 62.688 99.65737996389898 1108
360 0 0 0 599.593 62.688 99.65737996389898 1108
370 9.3 181.24976344086016 130.45543037963367 663.499 62.688 99.65737996389898 1108
380 33.7 1309.948495548962 1029.5278214112752 7061.749 0.574 105.97552456286434 1201
390 43.4 1070.2899654377895 900.2447278072162 16014.247 0.574 369.7849466840054 1538
400 15.1 5767.396390728478 9575.010767507925 24669.533 0.574 523.9528869168362 1972
410 8.1 101.71077777777778 49.51968810508291 24669.533 0.574 896.8968195949135 2123
420 0.4 68.98725 3.449383522819692 24669.533 0.574 867.6726501814888 2204
430 0 0 0 24669.533 0.574 866.2257563405803 2208
438 0 0 0 24669.533 0.574 866.2257563405803 2208
