0 0.3 24.41333333333333 6.767741638751355 29.793 14.868 0 0
10 0.1 13.938 0.0 29.793 13.938 24.41333333333333 3
20 0 0 0 29.793 13.938 21.7945 4
30 0 0 0 29.793 13.938 21.7945 4
40 0.1 19.936 0.0 29.793 13.938 21.7945 4
50 0.5 13.856799999999998 1.0228529513082512 29.793 12.921 21.422800000000002 5
60 0.2 24.705 11.572000000000003 36.277 12.921 17.6398 10
70 0 0 0 36.277 12.921 18.817333333333334 12
80 0.2 16.0895 0.16249999999999876 36.277 12.921 18.817333333333334 12
90 0.7 15.151142857142856 2.4465294035529146 36.277 12.463 18.427642857142853 14
100 0.4 12.711500000000001 0.2140998598785161 36.277 12.417 17.33547619047619 21
110 0 0 0 36.277 12.417 16.59564 25
120 0 0 0 36.277 12.417 16.59564 25
130 0 0 0 36.277 12.417 16.59564 25
140 2.3 13.030130434782608 0.7368210982408511 36.277 11.601 16.59564 25
150 1.1 24.09363636363636 33.689334231454886 130.592 11.485 14.887166666666666 48
160 0 0 0 130.592 11.485 16.603627118644066 59
170 0 0 0 130.592 11.485 16.603627118644066 59
180 0 0 0 130.592 11.485 16.603627118644066 59
190 2.5 13.895200000000004 3.428664568020616 130.592 11.294 16.603627118644066 59
200 1.1 24.240000000000006 35.56600666366692 136.7 11.294 15.79754761904762 84
210 0 0 0 136.7 11.294 16.775094736842107 95
220 0 0 0 136.7 11.294 16.775094736842107 95
230 0 0 0 136.7 11.294 16.775094736842107 95
240 4.3 13.45693023255814 1.7172388382780785 136.7 11.294 16.775094736842107 95
250 4.7 18.38893617021277 19.23738678277194 142.156 11.294 15.741173913043479 138
260 0 0 0 142.156 11.294 16.41384864864865 185
270 0 0 0 142.156 11.294 16.41384864864865 185
280 0 0 0 142.156 11.294 16.41384864864865 185
290 2.2 14.095045454545454 3.220301305457905 142.156 11.294 16.41384864864865 185
300 12.7 21.76479527559055 26.758619735462148 143.727 11.294 16.16740579710145 207
310 3.8 61.594 64.3748374550835 278.758 11.294 18.295754491017963 334
320 0 0 0 278.758 11.294 22.718693548387094 372
330 0 0 0 278.758 11.294 22.718693548387094 372
340 0 0 0 278.758 11.294 22.718693548387094 372
350 0 0 0 278.758 11.294 22.718693548387094 372
360 0 0 0 278.758 11.294 22.718693548387094 372
370 16 25.74841250000001 34.03126927903723 278.758 11.113 22.718693548387094 372
380 18.4 656.9985434782603 1058.5097879404502 6780.211 11.113 23.629887218045116 532
390 0.1 8128.623 0.0 8128.623 11.113 186.3950167597764 716
400 2 22597.454499999993 1654.6603153115916 24925.355 11.113 197.47204323570418 717
410 0 0 0 24925.355 11.113 805.341309362279 737
420 0 0 0 24925.355 11.113 805.341309362279 737
430 0 0 0 24925.355 11.113 805.341309362279 737
438 0 0 0 24925.355 11.113 805.341309362279 737
