10 0.4 23.9445 0.5112448043745775 24.444 23.283 0 0
20 0.2 35.0805 10.540500000000002 45.621 23.283 23.9445 4
30 0.1 26.487 0.0 45.621 23.283 27.656500000000005 6
40 0 0 0 45.621 23.283 27.489428571428572 7
50 0.6 26.492833333333337 4.043881898072143 45.621 22.888 27.489428571428572 7
60 0.9 23.383888888888887 0.868346122035633 45.621 21.655 27.02946153846154 13
70 0.5 26.205399999999997 3.9049202091720123 45.621 21.655 25.538090909090908 22
80 0 0 0 45.621 21.655 25.661666666666665 27
90 0.5 39.5236 26.21667652163409 91.263 21.655 25.661666666666665 27
100 2 34.693050000000014 19.36454345311296 109.778 21.655 27.82759375 32
110 0.7 29.252714285714287 6.172561883374005 109.778 21.655 30.46815384615385 52
120 0.1 26.12 0.0 109.778 21.655 30.32394915254238 59
130 0 0 0 109.778 21.655 30.253883333333338 60
140 0.1 24.477 0.0 109.778 21.655 30.253883333333338 60
150 3.3 28.207424242424235 5.840736213611096 109.778 21.655 30.159180327868857 61
160 3.2 29.838687500000002 13.730519785858212 109.778 21.642 29.47398936170213 94
170 0.6 35.17700000000001 14.838146133081 109.778 21.642 29.566611111111115 126
180 0 0 0 109.778 21.642 29.82162878787879 132
190 0.5 51.27759999999999 46.085714843539094 143.015 21.642 29.82162878787879 132
200 4.4 29.182772727272724 5.285251722153727 143.015 21.642 30.60469343065694 137
210 6.4 28.696437500000005 5.963239353727449 143.015 21.642 30.259033149171273 181
220 1.9 28.244684210526316 4.590433806499768 143.015 21.642 29.850844897959185 245
230 0 0 0 143.015 21.642 29.735250000000004 264
240 0.6 26.713333333333335 1.095981853053335 143.015 21.642 29.735250000000004 264
250 10.7 33.97101869158878 9.620613054844918 143.015 21.642 29.668096296296298 270
260 12.5 34.592968000000006 10.055746433506366 143.015 21.642 30.889350132625996 377
270 3.5 34.91868571428571 10.024954329134097 143.015 21.642 31.811565737051794 502
280 0.1 38.72 0.0 143.015 21.642 32.01407821229051 537
290 0 0 0 143.015 21.642 32.02654275092937 538
300 7 49.639700000000005 30.636243874745105 207.286 21.642 32.02654275092937 538
310 27.7 55.3277797833935 31.840524468085764 210.118 21.642 34.05437335526316 608
320 16.5 45.15324242424245 16.29277404739329 210.118 21.642 40.712829378531076 885
330 1 44.426 13.118446638226645 210.118 21.642 41.410608571428575 1050
340 0 0 0 210.118 21.642 41.43905566037736 1060
350 0 0 0 210.118 21.642 41.43905566037736 1060
360 0 0 0 210.118 21.642 41.43905566037736 1060
370 2 75.2346 47.218171914422946 220.171 21.642 41.43905566037736 1060
380 17.3 458.804104046243 515.5292376912721 3538.913 21.642 42.064899074074084 1080
390 36 755.4167111111112 527.8789158688443 7390.148 0.536 99.60351237031131 1253
400 34.3 1221.4743177842581 4492.827097003303 23975.467 0.536 245.97223620582773 1613
410 14.7 73.533918367347 34.096302613903966 23975.467 0.536 417.0342065439676 1956
420 2.6 61.91138461538462 24.79166959046608 23975.467 0.536 393.0234873989542 2103
430 0 0 0 23975.467 0.536 388.9798449976518 2129
438 0 0 0 23975.467 0.536 388.9798449976518 2129
