0 1.2 16.578916666666668 3.2364805848929312 26.55 12.386 0 0
10 0.5 14.6724 1.190255199526555 26.55 12.38 16.578916666666668 12
20 0 0 0 26.55 12.38 16.018176470588234 17
30 0 0 0 26.55 12.38 16.018176470588234 17
40 1.1 15.956454545454546 3.176913378040114 26.55 11.893 16.018176470588234 17
50 2.6 13.988192307692307 1.1910645212527249 26.55 11.781 15.99392857142857 28
60 0.1 15.792 0.0 26.55 11.781 15.028203703703703 54
70 0 0 0 26.55 11.781 15.042090909090907 55
80 1.5 15.595800000000002 1.7767827929528528 26.55 11.781 15.042090909090907 55
90 3.9 14.356564102564104 3.7953374080261497 28.456 11.5 15.160742857142857 70
100 1.2 12.83225 1.2341385068810815 28.456 11.405 14.873009174311926 109
110 0 0 0 28.456 11.405 14.670619834710743 121
120 0 0 0 28.456 11.405 14.670619834710743 121
130 0 0 0 28.456 11.405 14.670619834710743 121
140 7 14.738314285714283 6.965886854712258 66.96 11.405 14.670619834710743 121
150 7.1 15.908197183098592 14.575290855088095 134.108 11.405 14.695429319371726 191
160 0 0 0 134.108 11.405 15.024080152671754 262
170 0 0 0 134.108 11.405 15.024080152671754 262
180 0 0 0 134.108 11.405 15.024080152671754 262
190 14.2 14.00427464788732 2.832242239043983 134.108 11.082 15.024080152671754 262
200 11.7 15.393615384615384 12.043941235870285 135.606 11.082 14.665633663366334 404
210 0 0 0 135.606 11.082 14.82911516314779 521
220 0 0 0 135.606 11.082 14.82911516314779 521
230 0 0 0 135.606 11.082 14.82911516314779 521
240 25.7 17.49033073929962 21.578189067740148 154.086 11.082 14.82911516314779 521
250 26.7 16.697689138576774 14.651757781470652 189.878 10.678 15.708205655526992 778
260 0 0 0 189.878 10.678 15.96102105263158 1045
270 0 0 0 189.878 10.678 15.96102105263158 1045
280 0 0 0 189.878 10.678 15.96102105263158 1045
290 18.8 14.998680851063828 12.519666149033302 189.878 10.678 15.96102105263158 1045
300 72.7 21.429338376891362 26.118850477694224 189.878 10.678 15.814289537712895 1233
310 18.9 47.71884126984126 63.043885238828274 519.0 10.678 17.8970142857143 1960
320 0 0 0 519.0 10.678 20.519780828292237 2149
330 0 0 0 519.0 10.678 20.519780828292237 2149
340 0 0 0 519.0 10.678 20.519780828292237 2149
350 0 0 0 519.0 10.678 20.519780828292237 2149
360 0 0 0 519.0 10.678 20.519780828292237 2149
370 109.6 29.713782846715343 44.4617730270023 519.0 10.678 20.519780828292237 2149
380 92.7 512.5217864077673 701.6835443358918 6753.256 10.678 23.625058551617883 3245
390 1.8 11479.29327777778 2423.7164790646 16918.78 10.678 132.25575527325032 4172
400 13 22313.392107692318 1487.022146041569 25457.257 10.678 181.00197852028646 4190
410 0 0 0 25457.257 10.678 847.0229777777781 4320
420 0 0 0 25457.257 10.678 847.0229777777781 4320
430 0 0 0 25457.257 10.678 847.0229777777781 4320
438 0 0 0 25457.257 10.678 847.0229777777781 4320
