10 0.4 12.030499999999998 0.14049288238199195 12.254 11.866 0 0
20 0.2 12.517 0.36999999999999966 12.887 11.866 12.030499999999998 4
30 0.1 13.156 0.0 13.156 11.866 12.192666666666666 6
40 0 0 0 13.156 11.866 12.330285714285713 7
50 0.6 13.977666666666664 5.588599098959318 26.373 10.561 12.330285714285713 7
60 0.9 11.737555555555556 1.5657987745777346 26.373 9.642 13.090615384615385 13
70 0.5 14.014999999999997 1.3704508747124056 26.373 9.642 12.53709090909091 22
80 0 0 0 26.373 9.642 12.810777777777778 27
90 0.5 13.949400000000002 4.613817794408445 26.373 9.642 12.810777777777778 27
100 2 11.987200000000001 3.9632122527061306 28.931 9.615 12.988687500000001 32
110 0.7 11.830000000000002 0.8501322586179497 28.931 9.615 12.6035 52
120 0.1 13.261 0.0 28.931 9.615 12.511728813559325 59
130 0 0 0 28.931 9.615 12.524216666666668 60
140 0.1 11.541 0.0 28.931 9.615 12.524216666666668 60
150 3.3 15.913333333333332 21.04397399482687 131.026 9.615 12.50809836065574 61
160 3.2 12.802031249999999 5.482235586900059 131.026 9.579 13.703553191489362 94
170 0.6 13.2435 1.3896688754280038 131.026 9.579 13.474595238095239 126
180 0 0 0 131.026 9.579 13.46409090909091 132
190 0.5 11.801600000000002 2.439062656021775 131.026 9.579 13.46409090909091 132
200 4.4 17.075931818181814 19.321376858285657 135.54 9.579 13.40341605839416 137
210 6.4 16.516375 20.50231732138772 135.54 9.078 14.29618232044199 181
220 1.9 13.240842105263157 5.218788680417968 135.54 9.078 14.876151020408164 245
230 0 0 0 135.54 9.078 14.758458333333333 264
240 0.6 51.74166666666667 57.56048321162319 136.345 9.078 14.758458333333333 264
250 10.7 16.26832710280374 20.517674510599644 136.345 9.078 15.580307407407407 270
260 12.5 14.144511999999995 15.962606229618522 136.967 9.078 15.775580901856765 377
270 3.5 11.406571428571429 0.909726718328541 136.967 9.078 15.369438247011951 502
280 0.1 11.888 0.0 136.967 9.078 15.111150837988827 537
290 0 0 0 136.967 9.078 15.105159851301115 538
300 7 25.692085714285714 36.5934569716433 144.106 9.078 15.105159851301115 538
310 27.7 28.03951624548733 39.58646478732394 365.932 9.078 16.324049342105265 608
320 16.5 14.282515151515152 6.721171602058372 365.932 9.078 19.990924293785305 885
330 1 11.5982 0.8017243665998931 365.932 9.078 19.093888571428568 1050
340 0 0 0 365.932 9.078 19.023174528301883 1060
350 0 0 0 365.932 9.078 19.023174528301883 1060
360 0 0 0 365.932 9.078 19.023174528301883 1060
370 1.8 39.19316666666666 43.44046989495446 365.932 9.078 19.023174528301883 1060
380 15.6 461.81821153846147 545.7305971125736 4017.695 9.078 19.35996474953617 1078
390 36.7 515.503179836512 767.1208960207933 12244.268 0.355 75.29471880064828 1234
400 35.5 473.5176619718311 2875.7937515463395 24161.615 0.355 176.20446595877567 1601
410 14.7 28.86755782312924 45.86678120726027 24161.615 0.355 230.1646830265848 1956
420 2.6 12.106730769230769 2.197017306008173 24161.615 0.355 216.09398525915353 2103
430 0 0 0 24161.615 0.355 213.60283043682477 2129
438 0 0 0 24161.615 0.355 213.60283043682477 2129
