0 0.1 71.154 0 71.154 71.154 0 0
10 0.3 62.09133333333333 4.7672612915826456 71.154 56.905 71.154 1
20 1.3 70.86007692307693 11.204795624824348 107.213 56.905 64.357 4
30 0.1 69.994 0.0 107.213 56.905 69.3299411764706 17
40 0 0 0 107.213 56.905 69.36683333333333 18
50 1 69.3757 6.632567753894413 107.213 56.905 69.36683333333333 18
60 1.6 65.41906250000001 6.443760843528705 107.213 56.905 69.37 28
70 0.2 66.3545 1.0275000000000034 107.213 56.905 67.93329545454547 44
80 0 0 0 107.213 56.905 67.86465217391306 46
90 0.5 66.9936 2.9896390149982994 107.213 56.905 67.86465217391306 46
100 3.5 78.89514285714287 27.36913126356862 188.012 56.905 67.7792549019608 51
110 3.6 67.10630555555555 9.129709128320952 188.012 56.905 72.30316279069768 86
120 0.6 67.70333333333333 6.50757393777094 188.012 56.905 70.76966393442623 122
130 0 0 0 188.012 56.905 70.6259296875 128
140 0.7 69.13814285714285 3.6444437329239947 188.012 56.905 70.6259296875 128
150 6.3 75.23544444444445 24.120527883071393 191.162 56.905 70.5487851851852 135
160 4.2 76.87085714285712 35.01518575362044 236.788 56.905 72.03999494949495 198
170 1 71.3098 7.706406501087263 236.788 56.905 72.88539583333335 240
180 0 0 0 236.788 56.905 72.822372 250
190 0.9 79.54644444444443 38.241659843425296 236.788 56.905 72.822372 250
200 14 79.11869999999995 31.923503196749216 272.791 56.905 73.05602702702704 259
210 11.6 75.46647413793109 29.541492489512986 272.791 56.905 75.18328070175437 399
220 2.1 64.17695238095237 4.927116141712402 272.791 56.905 75.24706796116504 515
230 0 0 0 272.791 56.905 74.81335074626865 536
240 1.2 82.98541666666667 35.35174699233012 272.791 56.905 74.81335074626865 536
250 18.6 84.45379569892468 42.44414841074207 328.8 56.905 74.99230109489051 548
260 27.5 78.51613454545456 26.196497213039894 328.8 56.905 77.3899005449591 734
270 7.4 66.66052702702696 10.525643534570085 328.8 56.905 77.69685232903863 1009
280 0.3 65.82000000000001 1.8065729988018744 328.8 56.905 76.94275438596489 1083
290 0 0 0 328.8 56.905 76.91202854511968 1086
300 14.8 104.97656081081088 53.737575925174276 339.045 56.905 76.91202854511968 1086
310 59.9 123.63586644407322 71.71681319681856 482.454 56.905 80.27795299837923 1234
320 33.8 77.69777810650896 27.93054499202183 482.454 56.905 94.4467419530823 1833
330 4.4 67.15890909090912 9.80617294179859 482.454 56.905 91.83911883924453 2171
340 0.1 60.419 0.0 482.454 56.905 91.34885733634307 2215
350 0 0 0 482.454 56.905 91.33489981949454 2216
360 0 0 0 482.454 56.905 91.33489981949454 2216
370 4.8 171.0449166666666 127.95396500203914 658.578 56.905 91.33489981949454 2216
380 27.4 1336.937233576642 1177.1423314384983 7044.226 56.905 93.02486484098935 2264
390 83.1 960.3068194945839 704.2390246490681 13096.456 0.376 227.31642868400306 2538
400 67 1176.9949656716437 4272.182077571694 22649.561 0.376 408.1163737013948 3369
410 31.9 97.4115705329153 46.305823959598364 22649.561 0.376 535.6599876206983 4039
420 5.5 70.81727272727274 15.053845462755653 22649.561 0.376 503.58076663607176 4358
430 0.3 71.20833333333333 9.264547635415825 22649.561 0.376 498.18715862225264 4413
438 0 0 0 22649.561 0.376 497.8970914855074 4416
