0 1.2 26.15116666666667 50.78977703047686 166.573 0.776 0 0
10 2.2 11.748227272727275 45.14939592058572 218.275 0.727 26.15116666666667 12
20 3.8 1.1829210526315794 1.7400630112846478 218.275 0.721 16.831617647058827 34
30 0.4 11.75625 13.742245547489683 218.275 0.721 8.572583333333334 72
40 0 0 0 218.275 0.721 8.740144736842106 76
50 0 0 0 218.275 0.721 8.740144736842106 76
60 0 0 0 218.275 0.721 8.740144736842106 76
70 0 0 0 218.275 0.721 8.740144736842106 76
80 0 0 0 218.275 0.721 8.740144736842106 76
90 0 0 0 218.275 0.721 8.740144736842106 76
100 0 0 0 218.275 0.721 8.740144736842106 76
110 0 0 0 218.275 0.721 8.740144736842106 76
120 0 0 0 218.275 0.721 8.740144736842106 76
130 0 0 0 218.275 0.721 8.740144736842106 76
140 0 0 0 218.275 0.721 8.740144736842106 76
150 0 0 0 218.275 0.721 8.740144736842106 76
152 0 0 0 218.275 0.721 8.740144736842106 76
