0 0.1 733.9140625 0 733.9140625 733.9140625 0 0
10 0.1 728.0078125 0.0 733.9140625 728.0078125 733.9140625 1
20 0.1 719.1640625 0.0 733.9140625 719.1640625 730.9609375 2
30 0.1 712.4453125 0.0 733.9140625 712.4453125 727.0286458333334 3
40 0.1 711.2421875 0.0 733.9140625 711.2421875 723.3828125 4
50 0.1 711.37890625 0.0 733.9140625 711.2421875 720.9546875 5
60 0.1 711.38671875 0.0 733.9140625 711.2421875 719.3587239583334 6
70 0.1 711.58203125 0.0 733.9140625 711.2421875 718.2198660714286 7
80 0.1 711.765625 0.0 733.9140625 711.2421875 717.39013671875 8
90 0.1 711.63671875 0.0 733.9140625 711.2421875 716.7651909722222 9
100 0.1 715.5390625 0.0 733.9140625 711.2421875 716.25234375 10
110 0.1 717.06640625 0.0 733.9140625 711.2421875 716.1875 11
120 0.1 717.06640625 0.0 733.9140625 711.2421875 716.2607421875 12
130 0.1 717.20703125 0.0 733.9140625 711.2421875 716.3227163461538 13
140 0.1 717.26171875 0.0 733.9140625 711.2421875 716.3858816964286 14
150 0.1 717.27734375 0.0 733.9140625 711.2421875 716.4442708333333 15
152 0.1 717.28515625 0.0 733.9140625 711.2421875 716.496337890625 16
