0 2.8 122.10660714285714 100.85353844537536 358.502 5.427 0 0
10 6.4 201.55859375 141.9043702441805 572.485 5.28 122.10660714285714 28
20 13.6 292.5494779411765 257.02236589279903 937.36 4.901 177.3775543478261 92
30 6.9 394.61252173913056 322.4354418988558 1770.131 4.901 246.0765964912281 228
40 0 0 0 1770.131 4.901 280.5849427609428 297
50 0 0 0 1770.131 4.901 280.5849427609428 297
60 0.1 60009.786 0.0 60009.786 4.901 280.5849427609428 297
70 1.2 60004.60441666667 5.9292241968397486 60022.816 4.901 481.0185033557047 298
80 2.4 59999.877291666664 2.8813906289501676 60022.816 4.901 2785.157312903226 310
90 3.4 60000.5469117647 2.264274788039168 60022.816 4.901 6896.394676646706 334
100 0.5 60000.654 0.9612354550263982 60022.816 4.901 11802.75656793478 368
110 0 0 0 60022.816 4.901 12448.840983914206 373
120 0 0 0 60022.816 4.901 12448.840983914206 373
130 0 0 0 60022.816 4.901 12448.840983914206 373
140 0 0 0 60022.816 4.901 12448.840983914206 373
150 0.1 60045.053 0.0 60045.053 4.901 12448.840983914206 373
152 0 0 0 60045.053 4.901 12576.1035828877 374
