60 0.1 60009.979 0 60009.979 60009.979 0 0
70 1.2 60004.77575000001 5.924266327643099 60022.976 59999.834 60009.979 1
80 2.4 60000.04995833332 2.8941070511072176 60022.976 59996.305 60005.176000000014 13
90 3.2 60000.726718750004 2.3057545298996494 60022.976 59995.745 60001.850999999995 37
100 0.3 60000.41966666666 1.0157277631788968 60022.976 59995.745 60001.32959420289 69
110 0 0 0 60022.976 59995.745 60001.29168055554 72
120 0 0 0 60022.976 59995.745 60001.29168055554 72
130 0 0 0 60022.976 59995.745 60001.29168055554 72
140 0 0 0 60022.976 59995.745 60001.29168055554 72
150 0 0 0 60022.976 59995.745 60001.29168055554 72
152 0 0 0 60022.976 59995.745 60001.29168055554 72
