0 0.9 9.296222222222221 6.891096119515026 28.05 5.637 0 0
10 1.6 12.4806875 17.007377592969583 72.647 5.441 9.296222222222221 9
20 3.8 14.791157894736841 22.270754726329603 133.92 5.058 11.33428 25
30 1.2 12.796416666666666 21.99366374079261 133.92 5.058 13.419380952380951 63
40 0 0 0 133.92 5.058 13.319706666666667 75
50 0 0 0 133.92 5.058 13.319706666666667 75
60 0 0 0 133.92 5.058 13.319706666666667 75
70 0 0 0 133.92 5.058 13.319706666666667 75
80 0 0 0 133.92 5.058 13.319706666666667 75
90 0.1 59998.913 0.0 59998.913 5.058 13.319706666666667 75
100 0 0 0 59998.913 5.058 802.6038289473685 76
110 0 0 0 59998.913 5.058 802.6038289473685 76
120 0 0 0 59998.913 5.058 802.6038289473685 76
130 0 0 0 59998.913 5.058 802.6038289473685 76
140 0 0 0 59998.913 5.058 802.6038289473685 76
150 0 0 0 59998.913 5.058 802.6038289473685 76
152 0 0 0 59998.913 5.058 802.6038289473685 76
