0 0.4 182.07174999999998 12.774494654877744 195.011 160.958 0 0
10 1.1 295.33899999999994 80.36361799290206 432.472 160.958 182.07174999999998 4
20 2.4 462.59408333333334 179.8267236047238 873.923 160.958 265.13439999999997 15
30 3.3 611.6281212121213 295.71421136249586 1770.248 160.958 386.64805128205126 39
40 0 0 0 1770.248 160.958 489.76391666666666 72
50 0 0 0 1770.248 160.958 489.76391666666666 72
60 0 0 0 1770.248 160.958 489.76391666666666 72
70 0 0 0 1770.248 160.958 489.76391666666666 72
80 0 0 0 1770.248 160.958 489.76391666666666 72
90 0 0 0 1770.248 160.958 489.76391666666666 72
100 0.2 60001.433000000005 0.25900000000001455 60001.692 160.958 489.76391666666666 72
110 0 0 0 60001.692 160.958 2098.1874054054056 74
120 0 0 0 60001.692 160.958 2098.1874054054056 74
130 0 0 0 60001.692 160.958 2098.1874054054056 74
140 0 0 0 60001.692 160.958 2098.1874054054056 74
150 0.1 60045.184 0.0 60045.184 160.958 2098.1874054054056 74
152 0 0 0 60045.184 160.958 2870.814026666667 75
