0 0.1 375590.87890625 0 375590.87890625 375590.87890625 0 0
10 0.1 375583.84765625 0.0 375590.87890625 375583.84765625 375590.87890625 1
20 0.1 375567.44140625 0.0 375590.87890625 375567.44140625 375587.36328125 2
30 0.1 375572.0 0.0 375590.87890625 375567.44140625 375580.72265625 3
40 0.1 375573.4921875 0.0 375590.87890625 375567.44140625 375578.5419921875 4
50 0.1 375570.1796875 0.0 375590.87890625 375567.44140625 375577.53203125 5
60 0.1 375551.33203125 0.0 375590.87890625 375551.33203125 375576.306640625 6
70 0.1 375566.26171875 0.0 375590.87890625 375551.33203125 375572.73883928574 7
80 0.1 375568.6015625 0.0 375590.87890625 375551.33203125 375571.92919921875 8
90 0.1 375565.6484375 0.0 375590.87890625 375551.33203125 375571.55946180556 9
100 0.1 375534.78515625 0.0 375590.87890625 375534.78515625 375570.968359375 10
110 0.1 375547.41015625 0.0 375590.87890625 375534.78515625 375567.6789772727 11
120 0.1 375559.70703125 0.0 375590.87890625 375534.78515625 375565.9899088542 12
130 0.1 375566.26171875 0.0 375590.87890625 375534.78515625 375565.50661057694 13
140 0.1 375566.8671875 0.0 375590.87890625 375534.78515625 375565.560546875 14
150 0.1 375541.15625 0.0 375590.87890625 375534.78515625 375565.64765625 15
160 0.1 375472.0234375 0.0 375590.87890625 375472.0234375 375564.1169433594 16
170 0.1 375497.79296875 0.0 375590.87890625 375472.0234375 375558.6996783088 17
180 0.1 375518.67578125 0.0 375590.87890625 375472.0234375 375555.31597222225 18
190 0.1 375526.05859375 0.0 375590.87890625 375472.0234375 375553.3875411184 19
200 0.1 375530.9296875 0.0 375590.87890625 375472.0234375 375552.02109375 20
210 0.1 375378.36328125 0.0 375590.87890625 375378.36328125 375551.0167410714 21
220 0.1 375351.078125 0.0 375590.87890625 375351.078125 375543.1688565341 22
230 0.1 375433.0234375 0.0 375590.87890625 375351.078125 375534.81708559784 23
240 0.1 375452.56640625 0.0 375590.87890625 375351.078125 375530.57568359375 24
250 0.1 375470.51171875 0.0 375590.87890625 375351.078125 375527.4553125 25
260 0.1 375471.6015625 0.0 375590.87890625 375351.078125 375525.2651742789 26
270 0.1 375456.04296875 0.0 375590.87890625 375351.078125 375523.27763310185 27
280 0.1 375265.45703125 0.0 375590.87890625 375265.45703125 375520.87639508926 28
290 0.1 375133.86328125 0.0 375590.87890625 375133.86328125 375512.068830819 29
300 0.1 375279.1875 0.0 375590.87890625 375133.86328125 375499.46197916666 30
310 0.1 375364.08203125 0.0 375590.87890625 375133.86328125 375492.3563508064 31
320 0.1 375391.484375 0.0 375590.87890625 375133.86328125 375488.3477783203 32
330 0.1 375397.3828125 0.0 375590.87890625 375133.86328125 375485.41252367425 33
340 0.1 375313.57421875 0.0 375590.87890625 375133.86328125 375482.82341452205 34
350 0.1 375160.90625 0.0 375590.87890625 375133.86328125 375477.98772321426 35
360 0.1 374938.5390625 0.0 375590.87890625 374938.5390625 375469.1799045139 36
370 0.1 374781.89453125 0.0 375590.87890625 374781.89453125 375454.83826013515 37
380 0.1 374855.15234375 0.0 375590.87890625 374781.89453125 375437.12921463815 38
390 0.1 375007.62890625 0.0 375590.87890625 374781.89453125 375422.20673076925 39
400 0.1 375034.03515625 0.0 375590.87890625 374781.89453125 375411.84228515625 40
410 0.1 375040.92578125 0.0 375590.87890625 374781.89453125 375402.62747713417 41
420 0.1 375084.24609375 0.0 375590.87890625 374781.89453125 375394.0155319941 42
430 0.1 375125.4765625 0.0 375590.87890625 374781.89453125 375386.8115915698 43
440 0.1 375189.34375 0.0 375590.87890625 374781.89453125 375380.87215909094 44
450 0.1 375255.7890625 0.0 375590.87890625 374781.89453125 375376.61597222224 45
460 0.1 375289.13671875 0.0 375590.87890625 374781.89453125 375373.9893002717 46
469 0.1 375295.79296875 0.0 375590.87890625 374781.89453125 375372.1839261968 47
