0 0.1 0.0 0 0.0 0.0 0 0
10 0.1 0.0 0.0 0.0 0.0 0.0 1
20 0.1 0.0 0.0 0.0 0.0 0.0 2
30 0.1 0.0 0.0 0.0 0.0 0.0 3
40 0.1 0.0 0.0 0.0 0.0 0.0 4
50 0.1 0.0 0.0 0.0 0.0 0.0 5
60 0.1 0.0 0.0 0.0 0.0 0.0 6
70 0.1 0.0 0.0 0.0 0.0 0.0 7
80 0.1 0.0 0.0 0.0 0.0 0.0 8
90 0.1 0.0 0.0 0.0 0.0 0.0 9
100 0.1 0.0 0.0 0.0 0.0 0.0 10
110 0.1 0.0 0.0 0.0 0.0 0.0 11
120 0.1 0.0 0.0 0.0 0.0 0.0 12
130 0.1 0.0 0.0 0.0 0.0 0.0 13
140 0.1 0.0 0.0 0.0 0.0 0.0 14
150 0.1 0.0 0.0 0.0 0.0 0.0 15
160 0.1 0.0 0.0 0.0 0.0 0.0 16
170 0.1 0.0 0.0 0.0 0.0 0.0 17
180 0.1 0.0 0.0 0.0 0.0 0.0 18
190 0.1 0.0 0.0 0.0 0.0 0.0 19
200 0.1 0.0 0.0 0.0 0.0 0.0 20
210 0.1 0.0 0.0 0.0 0.0 0.0 21
220 0.1 0.0703125 0.0 0.0703125 0.0 0.0 22
230 0.1 0.05859375 0.0 0.0703125 0.0 0.0030570652173913045 23
240 0.1 0.05078125 0.0 0.0703125 0.0 0.00537109375 24
250 0.1 0.0390625 0.0 0.0703125 0.0 0.0071875 25
260 0.1 0.0390625 0.0 0.0703125 0.0 0.008413461538461538 26
270 0.1 0.03125 0.0 0.0703125 0.0 0.009548611111111112 27
280 0.1 0.01953125 0.0 0.0703125 0.0 0.010323660714285714 28
290 0.1 0.1015625 0.0 0.1015625 0.0 0.010641163793103448 29
300 0.1 0.078125 0.0 0.1015625 0.0 0.013671875 30
310 0.1 0.0703125 0.0 0.1015625 0.0 0.01575100806451613 31
320 0.1 0.05859375 0.0 0.1015625 0.0 0.0174560546875 32
330 0.1 0.05078125 0.0 0.1015625 0.0 0.018702651515151516 33
340 0.1 0.0390625 0.0 0.1015625 0.0 0.019646139705882353 34
350 0.1 0.12109375 0.0 0.12109375 0.0 0.020200892857142858 35
360 0.1 0.171875 0.0 0.171875 0.0 0.023003472222222224 36
370 0.1 0.30859375 0.0 0.30859375 0.0 0.02702702702702703 37
380 0.1 0.26171875 0.0 0.30859375 0.0 0.03443667763157895 38
390 0.1 0.2890625 0.0 0.30859375 0.0 0.04026442307692308 39
400 0.1 0.25 0.0 0.30859375 0.0 0.046484375 40
410 0.1 0.2109375 0.0 0.30859375 0.0 0.051448170731707314 41
420 0.1 0.1796875 0.0 0.30859375 0.0 0.05524553571428571 42
430 0.1 0.1484375 0.0 0.30859375 0.0 0.05813953488372093 43
440 0.1 0.12109375 0.0 0.30859375 0.0 0.06019176136363636 44
450 0.1 0.1015625 0.0 0.30859375 0.0 0.06154513888888889 45
460 0.1 0.08984375 0.0 0.30859375 0.0 0.06241508152173913 46
469 0.1 0.0703125 0.0 0.30859375 0.0 0.06299867021276596 47
