10 0.1 433 0 433 433 0 0
20 0.1 535.0 0.0 535 433 433.0 1
30 0.1 218.0 0.0 535 218 484.0 2
40 0.1 77.0 0.0 535 77 395.3333333333333 3
50 0.1 756.0 0.0 756 77 315.75 4
60 0.1 1465.0 0.0 1465 77 403.8 5
70 0.1 564.0 0.0 1465 77 580.6666666666666 6
80 0.1 75.0 0.0 1465 75 578.2857142857143 7
90 0.1 874.0 0.0 1465 75 515.375 8
100 0.1 2852.0 0.0 2852 75 555.2222222222222 9
110 0.1 1028.0 0.0 2852 75 784.9 10
120 0.1 305.0 0.0 2852 75 807.0 11
130 0.1 57.0 0.0 2852 57 765.1666666666666 12
140 0.1 196.0 0.0 2852 57 710.6923076923077 13
150 0.1 2370.0 0.0 2852 57 673.9285714285714 14
160 0.1 5755.0 0.0 5755 57 787.0 15
170 0.1 3152.0 0.0 5755 57 1097.5 16
180 0.1 548.0 0.0 5755 57 1218.3529411764705 17
190 0.1 90.0 0.0 5755 57 1181.111111111111 18
200 0.1 1396.0 0.0 5755 57 1123.6842105263158 19
210 0.1 10749.0 0.0 10749 57 1137.3 20
220 0.1 11731.0 0.0 11731 57 1595.0 21
230 0.1 4112.0 0.0 11731 57 2055.7272727272725 22
240 0.1 607.0 0.0 11731 57 2145.1304347826085 23
250 0.1 71.0 0.0 11731 57 2081.0416666666665 24
260 0.1 5.0 0.0 11731 5 2000.64 25
270 0.1 3359.0 0.0 11731 5 1923.8846153846155 26
280 0.1 23881.0 0.0 23881 5 1977.037037037037 27
290 0.1 27690.0 0.0 27690 5 2759.3214285714284 28
300 0.1 11551.0 0.0 27690 5 3619.0 29
310 0.1 2602.0 0.0 27690 5 3883.4 30
320 0.1 885.0 0.0 27690 5 3842.064516129032 31
330 0.1 114.0 0.0 27690 5 3749.65625 32
340 0.1 21288.0 0.0 27690 5 3639.4848484848485 33
350 0.1 24175.0 0.0 27690 5 4158.558823529412 34
360 0.1 27527.0 0.0 27690 5 4730.457142857143 35
370 0.1 44285.0 0.0 44285 5 5363.694444444444 36
380 0.1 36524.0 0.0 44285 5 6415.621621621622 37
390 0.1 16081.0 0.0 44285 5 7207.9473684210525 38
400 0.1 2090.0 0.0 44285 5 7435.461538461538 39
410 0.1 113.0 0.0 44285 5 7301.825 40
420 0.1 119.0 0.0 44285 5 7126.487804878048 41
430 0.1 331.0 0.0 44285 5 6959.642857142857 42
440 0.1 798.0 0.0 44285 5 6805.488372093023 43
450 0.1 806.0 0.0 44285 5 6668.954545454545 44
460 0.1 254.0 0.0 44285 5 6538.666666666667 45
469 0.1 66.0 0.0 44285 5 6402.04347826087 46
