0 1544.03359375 1544.03359375
10 2946.72890625 4490.7625
20 1079.45703125 5570.21953125
30 146.68984375 5716.909375
40 3133.60390625 8850.51328125
50 7060.44765625 15910.9609375
60 2889.725 18800.6859375
70 138.39296875 18939.07890625
80 2965.23125 21904.31015625
90 12607.82734375 34512.1375
100 6524.2 41036.3375
110 1081.315625 42117.653125
120 79.19140625 42196.84453125
130 0 42196.84453125
140 8402.02734375 50598.871875
150 27777.528125 78376.4
160 16940.16484375 95316.56484375
170 2056.98046875 97373.5453125
180 208.69453125 97582.23984375
190 3028.17578125 100610.415625
200 43268.42890625 143878.84453125
210 53629.94140625 197508.7859375
220 19411.8046875 216920.590625
230 2327.72109375 219248.31171875
240 120.53046875 219368.8421875
250 1.6328125 219370.475
260 4966.3046875 224336.7796875
270 86087.41171875 310424.19140625
280 117432.16953125 427856.3609375
290 58053.234375 485909.5953125
300 12746.67109375 498656.26640625
310 4293.05234375 502949.31875
320 53.84453125 503003.16328125
330 64131.16484375 567134.328125
340 70878.33359375 638012.66171875
350 103635.31953125 741647.98125
360 193698.99453125 935346.97578125
370 156412.8890625 1091759.86484375
380 88906.07265625 1180665.9375
390 4630.54375 1185296.48125
400 260.9109375 1185557.3921875
410 51.5765625 1185608.96875
420 157.2203125 1185766.1890625
430 353.12109375 1186119.31015625
440 407.89765625 1186527.2078125
450 154.16875 1186681.3765625
460 39.3671875 1186720.74375
469 8.3 1186729.04375
