0 0.5 4023.4636000000005 1548.9577712360785 5499.773 1509.617 0 0
10 1.8 5036.190666666666 2473.0627344826903 9414.062 1333.378 4023.4636000000005 5
20 0.3 2780.5963333333334 1439.013649646714 9414.062 866.802 4816.032608695652 23
30 0 0 0 9414.062 866.802 4581.174576923077 26
40 1 1650.5636 941.6223023685452 9414.062 269.046 4581.174576923077 26
50 4.2 3741.9177142857143 2339.467668336551 9889.578 269.046 3767.115972222223 36
60 0.8 7199.528875000002 5386.330546174907 14999.325 269.046 3753.54767948718 78
70 0 0 0 14999.325 269.046 4074.1040697674425 86
80 0.7 2034.432 1292.5411552290539 14999.325 269.046 4074.1040697674425 86
90 6.9 2791.250173913044 1950.1611076733998 14999.325 269.046 3920.5803655913983 93
100 2.4 5607.020375 3315.6994218862383 14999.325 269.046 3439.5693580246916 162
110 0 0 0 14999.325 269.046 3719.240456989248 186
120 0 0 0 14999.325 269.046 3719.240456989248 186
130 0 0 0 14999.325 269.046 3719.240456989248 186
140 3.1 2029.3177096774195 1044.10787518069 14999.325 269.046 3719.240456989248 186
150 13.1 3837.5095419847335 2778.5408616945947 14999.325 217.69 3477.8229216589866 217
160 6.5 5087.07150769231 2864.6501690121636 14999.325 217.69 3613.2221954023 348
170 0.2 11907.67 6501.682999999999 18409.353 217.69 3845.183951573851 413
180 0 0 0 18409.353 217.69 3884.039306024098 415
190 0 0 0 18409.353 217.69 3884.039306024098 415
200 20 2916.1286599999994 1865.0240495176315 18409.353 194.666 3884.039306024098 415
210 22.6 4223.564699115041 2820.2239092289287 18409.353 194.666 3569.2716162601637 615
220 3.2 7662.5718124999985 3676.5455696099552 18409.353 194.666 3745.0982948870387 841
230 0.1 11294.162 0.0 18409.353 194.666 3888.6941168384874 873
240 0 0 0 18409.353 194.666 3897.1671922196792 874
250 0 0 0 18409.353 194.666 3897.1671922196792 874
260 0.2 650.8455 244.95949999999993 18409.353 194.666 3897.1671922196792 874
270 32.8 3077.64052134146 1874.0054537390488 18409.353 169.435 3889.7554988584475 876
280 46.4 4181.396987068966 2775.2412175993645 18409.353 169.435 3668.5148737541517 1204
290 9.2 5960.837195652174 3296.891032860508 18409.353 169.435 3811.187116306954 1668
300 0.3 12144.294 4975.82487987074 18596.639 169.435 3923.5551886363633 1760
310 0 0 0 18596.639 169.435 3937.543967101531 1763
320 0 0 0 18596.639 169.435 3937.543967101531 1763
330 16.4 2123.2983475609767 1349.361294189853 18596.639 169.435 3937.543967101531 1763
340 71.9 3944.2786870653727 2385.7775744293494 18596.639 79.382 3783.1400845874414 1927
350 38.3 5070.284067885119 3359.698551848862 18596.639 79.382 3826.926424414211 2646
360 37.1 3662.9397115903002 2685.3751444082445 18596.639 79.382 3984.1419996698587 3029
370 18.8 5498.6965212766 3119.7004121960226 18598.553 79.382 3949.093161764707 3400
380 1.5 8193.276266666666 4494.93318003209 18598.553 79.382 4030.287540691194 3588
390 0 0 0 18598.553 79.382 4047.618884263115 3603
400 0 0 0 18598.553 79.382 4047.618884263115 3603
410 0 0 0 18598.553 79.382 4047.618884263115 3603
420 0 0 0 18598.553 79.382 4047.618884263115 3603
430 0 0 0 18598.553 79.382 4047.618884263115 3603
440 0 0 0 18598.553 79.382 4047.618884263115 3603
450 0 0 0 18598.553 79.382 4047.618884263115 3603
460 0 0 0 18598.553 79.382 4047.618884263115 3603
469 0 0 0 18598.553 79.382 4047.618884263115 3603
