0 0.1 126.05 0 126.05 126.05 0 0
10 0.6 69.55516666666666 7.502547354436062 126.05 61.543 126.05 1
20 0 0 0 126.05 61.543 77.62585714285714 7
30 0.1 72.789 0.0 126.05 61.543 77.62585714285714 7
40 0.1 65.563 0.0 126.05 61.543 77.02125 8
50 1.1 66.42099999999999 4.680439004273771 126.05 61.391 75.7481111111111 9
60 0.4 71.63624999999999 11.842069294996547 126.05 60.988 70.61819999999999 20
70 0 0 0 126.05 60.988 70.78787499999999 24
80 0.2 82.213 8.416999999999991 126.05 60.988 70.78787499999999 24
90 1.2 73.49258333333333 17.368796899700786 126.05 60.988 71.66673076923075 26
100 1.4 74.45550000000001 12.13855195970967 126.05 60.988 72.24331578947367 38
110 0 0 0 126.05 60.988 72.83890384615384 52
120 0 0 0 126.05 60.988 72.83890384615384 52
130 0 0 0 126.05 60.988 72.83890384615384 52
140 0.1 78.596 0.0 126.05 60.988 72.83890384615384 52
150 3.1 78.69851612903226 23.09491773287902 146.819 60.988 72.94752830188679 53
160 2.1 73.40961904761905 7.995875314520071 146.819 60.988 75.06991666666666 84
170 0 0 0 146.819 60.988 74.73785714285714 105
180 0 0 0 146.819 60.988 74.73785714285714 105
190 0 0 0 146.819 60.988 74.73785714285714 105
200 3.5 82.93537142857144 19.557759296264294 146.819 60.988 74.73785714285714 105
210 8 86.77168749999994 34.24193064197526 291.423 60.988 76.78723571428571 140
220 2.6 89.0851923076923 34.07637116606804 291.423 60.988 80.41794545454545 220
230 0.1 63.986 0.0 291.423 60.988 81.33399593495933 246
240 0 0 0 291.423 60.988 81.26376113360323 247
250 0 0 0 291.423 60.988 81.26376113360323 247
260 0 0 0 291.423 60.988 81.26376113360323 247
270 5.1 106.32070588235297 47.335246415617405 327.746 60.988 81.26376113360323 247
280 14.6 177.15433561643835 86.82680581134531 490.227 60.988 85.55203020134228 298
290 6.4 134.52959375 45.73459386186742 490.227 60.988 115.67350900900901 444
300 0.4 88.53524999999999 7.36443675290242 490.227 60.988 118.04907874015748 508
310 0 0 0 490.227 60.988 117.81850195312501 512
320 0 0 0 490.227 60.988 117.81850195312501 512
330 0.9 170.83544444444448 32.431981870133846 490.227 60.988 117.81850195312501 512
340 5 563.1277000000001 318.1403122788591 1369.441 1.716 118.7343416506718 521
350 8.2 866.7225243902437 332.53557340535747 1871.642 1.716 157.647945709282 571
360 23.3 732.3829141630897 366.47731459243863 1871.642 1.716 246.68947013782545 653
370 15.1 486.8130066225164 236.86550601994804 1871.642 1.716 374.41697855530464 886
380 0.7 180.47542857142858 72.67569664879555 1871.642 1.716 390.7832275795563 1037
390 0 0 0 1871.642 1.716 389.3731178160918 1044
400 0 0 0 1871.642 1.716 389.3731178160918 1044
410 0 0 0 1871.642 1.716 389.3731178160918 1044
420 0 0 0 1871.642 1.716 389.3731178160918 1044
430 0 0 0 1871.642 1.716 389.3731178160918 1044
440 0 0 0 1871.642 1.716 389.3731178160918 1044
450 0 0 0 1871.642 1.716 389.3731178160918 1044
460 0 0 0 1871.642 1.716 389.3731178160918 1044
469 0 0 0 1871.642 1.716 389.3731178160918 1044
