10 0.3 8.267000000000001 0.18071709013446052 8.473 8.033 0 0
20 0.3 9.174 0.07552924378455374 9.277 8.033 8.267000000000001 3
30 0 0 0 9.277 8.033 8.7205 6
40 0 0 0 9.277 8.033 8.7205 6
50 0.6 12.669333333333334 8.316843505133956 31.022 8.023 8.7205 6
60 0.9 8.512222222222222 0.6408218295938041 31.022 7.304 10.694916666666666 12
70 0.3 9.777 0.667721998040103 31.022 7.304 9.75947619047619 21
80 0 0 0 31.022 7.304 9.761666666666667 24
90 1.2 9.452916666666667 1.2918294171660414 31.022 7.304 9.761666666666667 24
100 0.6 8.023166666666667 0.3867460047915454 31.022 7.304 9.658750000000001 36
110 0.2 8.9815 0.6675 31.022 7.304 9.425095238095238 42
120 0 0 0 31.022 7.304 9.40493181818182 44
130 0 0 0 31.022 7.304 9.40493181818182 44
140 0 0 0 31.022 7.304 9.40493181818182 44
150 1.1 8.581454545454545 0.6553618519755279 31.022 7.304 9.40493181818182 44
160 3.4 9.610735294117646 4.233795948769042 31.022 7.165 9.240236363636365 55
170 0.6 9.080666666666666 1.2941628782945196 31.022 7.165 9.381775280898877 89
180 0.1 8.888 0.0 31.022 7.165 9.362757894736843 95
190 0 0 0 31.022 7.165 9.357812500000001 96
200 0.9 10.844111111111111 5.456761217760431 31.022 7.165 9.357812500000001 96
210 5.2 8.914249999999996 1.5253066384652478 31.022 7.06 9.485209523809525 105
220 4.1 8.829073170731707 1.3547100741080895 31.022 7.012 9.296101910828025 157
230 0.5 8.8094 0.7688283553563827 31.022 7.012 9.199393939393937 198
240 0.1 7.102 0.0 31.022 7.012 9.1897881773399 203
250 0 0 0 31.022 7.012 9.179553921568626 204
260 0 0 0 31.022 7.012 9.179553921568626 204
270 0.9 17.966111111111115 12.065470165765928 45.168 7.012 9.179553921568626 204
280 5.8 19.188000000000013 16.118703205732235 108.426 7.012 9.55081690140845 213
290 7.9 17.33434177215191 8.33957119664742 108.426 7.012 11.61338745387454 271
300 1.5 14.777666666666669 2.298878296522507 108.426 7.012 12.904688571428572 350
310 0.1 14.432 0.0 108.426 7.012 12.981660273972604 365
320 0 0 0 108.426 7.012 12.985622950819673 366
330 0 0 0 108.426 7.012 12.985622950819673 366
340 0.6 81.67233333333333 57.62910348561354 174.43 1.414 12.985622950819673 366
350 3.2 108.32053125000003 68.42086778351342 296.32 1.414 14.09347311827957 372
360 6.5 92.53387692307689 72.88225469460633 296.32 1.414 21.557002475247526 404
370 11.2 63.57100000000005 44.973812220478464 296.32 1.414 31.393882729211082 469
380 14.1 24.984170212765974 17.760394250766478 296.32 1.414 37.59670051635113 581
390 1.5 15.909733333333334 2.4711579058319115 296.32 1.414 35.13358864265929 722
400 0 0 0 296.32 1.414 34.74232971506107 737
410 0 0 0 296.32 1.414 34.74232971506107 737
420 0 0 0 296.32 1.414 34.74232971506107 737
430 0 0 0 296.32 1.414 34.74232971506107 737
440 0 0 0 296.32 1.414 34.74232971506107 737
450 0 0 0 296.32 1.414 34.74232971506107 737
460 0 0 0 296.32 1.414 34.74232971506107 737
469 0 0 0 296.32 1.414 34.74232971506107 737
