30 0.1 116.957 0 116.957 116.957 0 0
40 0 0 0 116.957 116.957 116.957 1
50 0.1 123.774 0.0 123.774 116.957 116.957 1
60 0.3 122.848 0.79744132490526 123.774 116.957 120.3655 2
70 0 0 0 123.774 116.957 121.85499999999999 5
80 0 0 0 123.774 116.957 121.85499999999999 5
90 0.2 124.346 1.5900000000000034 125.936 116.957 121.85499999999999 5
100 0.4 121.4495 2.777352201288124 125.936 116.799 122.56671428571428 7
110 0.4 118.1635 2.531894991898359 125.936 115.612 122.16045454545453 11
120 0 0 0 125.936 115.612 121.09459999999999 15
130 0 0 0 125.936 115.612 121.09459999999999 15
140 0 0 0 125.936 115.612 121.09459999999999 15
150 1.1 128.66627272727274 7.854336799627549 150.405 115.612 121.09459999999999 15
160 1.3 126.18538461538462 2.645169400957777 150.405 115.612 124.298 26
170 0.6 120.214 2.614654279249941 150.405 115.612 124.92712820512821 39
180 0 0 0 150.405 115.612 124.29871111111112 45
190 0 0 0 150.405 115.612 124.29871111111112 45
200 0.2 125.263 0.7650000000000006 150.405 115.612 124.29871111111112 45
210 2.2 127.62645454545458 2.6225896245587137 150.405 115.612 124.33974468085106 47
220 2.2 126.10540909090909 2.8987926586941635 150.405 115.612 125.3876811594203 69
230 0.4 123.4085 1.733037290423954 150.405 115.612 125.5611978021978 91
240 0 0 0 150.405 115.612 125.47055789473684 95
250 0 0 0 150.405 115.612 125.47055789473684 95
260 0 0 0 150.405 115.612 125.47055789473684 95
270 0.1 129.795 0.0 150.405 115.612 125.47055789473684 95
280 4.4 139.96811363636368 9.788993859561938 176.152 115.612 125.51560416666666 96
290 4.3 134.6676046511628 6.512341118499497 176.152 115.612 130.05782142857143 140
300 1.3 144.84561538461537 52.586902148931564 326.699 115.612 131.14099453551916 183
310 0 0 0 326.699 115.612 132.04997448979594 196
320 0 0 0 326.699 115.612 132.04997448979594 196
330 0 0 0 326.699 115.612 132.04997448979594 196
340 0.6 252.71983333333333 87.70093445419431 421.582 115.612 132.04997448979594 196
350 1.2 216.69483333333332 59.49580908186355 421.582 115.612 135.6342277227723 202
360 3.5 243.69974285714292 99.42131650286295 576.61 115.612 140.17968224299068 214
370 6.9 167.3083913043478 33.078544057044546 576.61 115.612 154.7306947791165 249
380 5.8 138.17484482758616 7.701471314427908 576.61 115.612 157.4598176100629 318
390 1 134.29350000000002 11.781624991910073 576.61 115.612 154.48500797872342 376
400 0.1 127.949 0.0 576.61 115.612 153.96191191709846 386
410 0 0 0 576.61 115.612 153.8946950904393 387
420 0 0 0 576.61 115.612 153.8946950904393 387
430 0 0 0 576.61 115.612 153.8946950904393 387
440 0 0 0 576.61 115.612 153.8946950904393 387
450 0 0 0 576.61 115.612 153.8946950904393 387
460 0 0 0 576.61 115.612 153.8946950904393 387
469 0 0 0 576.61 115.612 153.8946950904393 387
