0 2 1.5238999999999998 2.347955406305665 11.748 0.696 0 0
10 1 1.2779 0.8766095424988253 11.748 0.696 1.5238999999999998 20
20 0 0 0 11.748 0.696 1.4418999999999997 30
30 2 1.25195 1.0108380421709504 11.748 0.696 1.4418999999999997 30
40 2.6 0.9494230769230769 0.19739908289805722 11.748 0.662 1.3659199999999998 50
50 0.3 0.886 0.15064527871792063 11.748 0.662 1.2234342105263156 76
60 0 0 0 11.748 0.662 1.210620253164557 79
70 0 0 0 11.748 0.662 1.210620253164557 79
80 5.2 1.1783653846153845 1.266303767616088 11.748 0.662 1.210620253164557 79
90 5.1 0.9161568627450984 0.19977412466151695 11.748 0.625 1.1978167938931297 131
100 0 0 0 11.748 0.625 1.1188901098901098 182
110 0 0 0 11.748 0.625 1.1188901098901098 182
120 4.7 0.9324468085106385 0.21649350720062524 11.748 0.573 1.1188901098901098 182
130 14.3 0.9670769230769233 0.5989725127298557 11.748 0.564 1.0806244541484715 229
140 3.5 1.1538857142857144 1.6404676296963716 11.748 0.468 1.0369758064516128 372
150 0 0 0 11.748 0.468 1.047029484029484 407
160 0 0 0 11.748 0.468 1.047029484029484 407
170 0 0 0 11.748 0.468 1.047029484029484 407
180 29 0.9268517241379314 0.9795104101190091 15.463 0.468 1.047029484029484 407
190 19.4 0.8118041237113401 0.5092568496859587 15.463 0.466 0.9970272596843617 697
200 2.9 1.6909310344827588 3.881556352725243 21.593 0.466 0.9566980920314255 891
210 2.1 0.7954285714285713 0.10608557705863671 21.593 0.466 0.979842391304348 920
220 0.9 0.7899999999999999 0.12443382891230895 21.593 0.466 0.9757268862911798 941
230 0 0 0 21.593 0.466 0.9739673684210528 950
231 0 0 0 21.593 0.466 0.9739673684210528 950
