0 0.1 0.016937011958236152 0 0.016937011958236152 0.016937011958236152 0 0
10 0.1 0.027063036056291113 0.0 0.027063036056291113 0.016937011958236152 0.016937011958236152 1
20 0.1 0.022899968772769855 0.0 0.027063036056291113 0.016937011958236152 0.022000024007263634 2
30 0.1 0.014574224443056422 0.0 0.027063036056291113 0.014574224443056422 0.02230000559576571 3
40 0.1 0.011450341948848199 0.0 0.027063036056291113 0.011450341948848199 0.020368560307588386 4
50 0.1 0.03955284468222412 0.0 0.03955284468222412 0.011450341948848199 0.01858491663584035 5
60 0.1 0.028104799675233424 0.0 0.03955284468222412 0.011450341948848199 0.022079571310237644 6
70 0.1 0.013532785776001165 0.0 0.03955284468222412 0.011450341948848199 0.022940318219522755 7
80 0.1 0.0020821404403727033 0.0 0.03955284468222412 0.0020821404403727033 0.021764376664082558 8
90 0.1 0.0405915964987146 0.0 0.0405915964987146 0.0020821404403727033 0.019577461528114796 9
100 0.1 0.09784226577706535 0.0 0.09784226577706535 0.0020821404403727033 0.021678875025174776 10
110 0.1 0.06974516988674218 0.0 0.09784226577706535 0.0020821404403727033 0.02860281963898301 11
120 0.1 0.03435174100869203 0.0 0.09784226577706535 0.0020821404403727033 0.032031348826296276 12
130 0.1 0.03747384637804865 0.0 0.09784226577706535 0.0020821404403727033 0.03220984053263441 13
140 0.1 0.1467756206735023 0.0 0.1467756206735023 0.0020821404403727033 0.032585840950164 14
150 0.1 0.15195670274771025 0.0 0.15195670274771025 0.0020821404403727033 0.040198492931719884 15
160 0.1 0.18844548095243052 0.0 0.18844548095243052 0.0020821404403727033 0.04718338104521928 16
170 0.1 0.05412945266795744 0.0 0.18844548095243052 0.0020821404403727033 0.05549291633387877 17
180 0.1 0.013531658877288672 0.0 0.18844548095243052 0.0020821404403727033 0.05541716835243869 18
190 0.1 0.15199625214720733 0.0 0.18844548095243052 0.0020821404403727033 0.053212667853746586 19
200 0.1 0.27587499219221717 0.0 0.27587499219221717 0.0020821404403727033 0.058151847068419624 20
210 0.1 0.23948105496610822 0.0 0.27587499219221717 0.0020821404403727033 0.06851961588383856 21
220 0.1 0.20194239437059552 0.0 0.27587499219221717 0.0020821404403727033 0.07629059038757809 22
230 0.1 0.055184190250098915 0.0 0.27587499219221717 0.0020821404403727033 0.0817537122998832 23
