10 0.1 480 0 480 480 0 0
20 0.1 770.0 0.0 770 480 480.0 1
30 0.1 584.0 0.0 770 480 625.0 2
40 0.1 286.0 0.0 770 286 611.3333333333334 3
50 0.1 1297.0 0.0 1297 286 530.0 4
60 0.1 1183.0 0.0 1297 286 683.4 5
70 0.1 569.0 0.0 1297 286 766.6666666666666 6
80 0.1 10.0 0.0 1297 10 738.4285714285714 7
90 0.1 1003.0 0.0 1297 10 647.375 8
100 0.1 2872.0 0.0 2872 10 686.8888888888889 9
110 0.1 2137.0 0.0 2872 10 905.4 10
120 0.1 388.0 0.0 2872 10 1017.3636363636364 11
130 0.1 633.0 0.0 2872 10 964.9166666666666 12
140 0.1 2909.0 0.0 2909 10 939.3846153846154 13
150 0.1 3515.0 0.0 3515 10 1080.0714285714287 14
160 0.1 6793.0 0.0 6793 10 1242.4 15
170 0.1 1988.0 0.0 6793 10 1589.3125 16
180 0.1 156.0 0.0 6793 10 1612.764705882353 17
190 0.1 2914.0 0.0 6793 10 1531.8333333333333 18
200 0.1 4506.0 0.0 6793 10 1604.578947368421 19
210 0.1 6377.0 0.0 6793 10 1749.65 20
220 0.1 6676.0 0.0 6793 10 1970.0 21
230 0.1 1411.0 0.0 6793 10 2183.909090909091 22
