10 0.1 288 0 288 288 0 0
20 0.1 401.0 0.0 401 288 288.0 1
30 0.1 221.0 0.0 401 221 344.5 2
40 0.1 248.0 0.0 401 221 303.3333333333333 3
50 0.1 655.0 0.0 655 221 289.5 4
60 0.1 494.0 0.0 655 221 362.6 5
70 0.1 183.0 0.0 655 183 384.5 6
80 0.1 10.0 0.0 655 10 355.7142857142857 7
90 0.1 700.0 0.0 700 10 312.5 8
100 0.1 1335.0 0.0 1335 10 355.55555555555554 9
110 0.1 1133.0 0.0 1335 10 453.5 10
120 0.1 403.0 0.0 1335 10 515.2727272727273 11
130 0.1 533.0 0.0 1335 10 505.9166666666667 12
140 0.1 1982.0 0.0 1982 10 508.0 13
150 0.1 1574.0 0.0 1982 10 613.2857142857143 14
160 0.1 2496.0 0.0 2496 10 677.3333333333334 15
170 0.1 774.0 0.0 2496 10 791.0 16
180 0.1 91.0 0.0 2496 10 790.0 17
190 0.1 2493.0 0.0 2496 10 751.1666666666666 18
200 0.1 3882.0 0.0 3882 10 842.8421052631579 19
210 0.1 3522.0 0.0 3882 10 994.8 20
220 0.1 2904.0 0.0 3882 10 1115.142857142857 21
230 0.1 719.0 0.0 3882 10 1196.4545454545455 22
