10 0.5 60.20100000000001 59.81067491342997 136.704 10.699 0 0
20 0.3 13.716999999999999 3.3926187525273166 136.704 10.699 60.20100000000001 5
30 0 0 0 136.704 10.699 42.76950000000001 8
40 0.2 11.4175 0.4095 136.704 10.699 42.76950000000001 8
50 0.7 37.859571428571435 63.41004721168212 193.145 10.699 36.499100000000006 10
60 0.3 11.871333333333332 0.031094837013383433 193.145 10.699 37.05929411764706 17
70 0 0 0 193.145 10.699 33.2811 20
80 0.1 13.611 0.0 193.145 10.699 33.2811 20
90 1 84.3446 136.79167233293114 468.16 10.688 32.34442857142857 21
100 1.6 15.546875000000002 7.415413338740802 468.16 10.228 49.11867741935484 31
110 0.4 15.394000000000002 5.756232318105308 468.16 10.228 37.68997872340426 47
120 0.1 12.07 0.0 468.16 10.228 35.941274509803925 51
130 0.3 621.8196666666666 458.9602018514846 1253.125 10.228 35.48221153846154 52
140 1 1814.2863999999997 539.0506309541248 2864.575 10.228 67.46425454545455 55
150 3 397.26670000000007 338.41015867673053 2864.575 10.228 336.20612307692306 65
160 1 13.6006 2.749813528223323 2864.575 10.228 355.48841052631576 95
170 0 0 0 2864.575 10.228 322.92766666666665 105
180 0 0 0 2864.575 10.228 322.92766666666665 105
190 1.1 843.6101818181816 1127.684065894894 2864.575 0.386 322.92766666666665 105
200 5.4 1017.1892037037037 990.61575424438 3044.71 0.386 372.30273275862066 116
210 6.9 1192.963855072464 508.8414041665457 3044.71 0.386 577.1490235294118 170
220 1 54.817700000000016 96.59870886823487 3044.71 0.386 754.936569037657 239
230 0 0 0 3044.71 0.386 726.8193453815262 249
231 0 0 0 3044.71 0.386 726.8193453815262 249
