10 0.2 7.6209999999999996 0.7679999999999998 8.389 6.853 0 0
20 0 0 0 8.389 6.853 7.6209999999999996 2
30 0 0 0 8.389 6.853 7.6209999999999996 2
40 0.3 8.293333333333333 0.7356091957615056 9.326 6.853 7.6209999999999996 2
50 0.2 7.7715 0.1775 9.326 6.853 8.0244 5
60 0 0 0 9.326 6.853 7.952142857142857 7
70 0 0 0 9.326 6.853 7.952142857142857 7
80 0.1 121.959 0.0 121.959 6.853 7.952142857142857 7
90 0.5 41.1614 55.55869134023947 150.763 6.853 22.203 8
100 0.5 10.906799999999999 4.912658889033513 150.763 6.458 29.49469230769231 13
110 0.1 8.008 0.0 150.763 6.458 24.331388888888892 18
120 0 0 0 150.763 6.458 23.472263157894737 19
130 0.4 228.97925 213.2055346811792 473.188 6.458 23.472263157894737 19
140 0.8 1914.0884999999998 315.0264720372718 2648.998 6.458 59.21260869565218 23
150 0.9 841.9357777777777 437.12237831674094 2648.998 6.458 537.890258064516 31
160 0 0 0 2648.998 6.458 606.3004999999999 40
170 0 0 0 2648.998 6.458 606.3004999999999 40
180 0 0 0 2648.998 6.458 606.3004999999999 40
190 1.3 857.5243846153845 1103.7148096929845 2807.842 0.299 606.3004999999999 40
200 3.3 1041.033818181818 1125.7519496321977 3061.641 0.299 667.9214528301886 53
210 0.7 1590.305142857143 339.9674060878814 3061.641 0.299 811.092476744186 86
220 0 0 0 3061.641 0.299 869.7428924731182 93
230 0 0 0 3061.641 0.299 869.7428924731182 93
231 0 0 0 3061.641 0.299 869.7428924731182 93
