0 0.2 73.44749999999999 0.1685000000000052 73.616 73.279 0 0
10 0.3 67.59733333333334 0.33018109509109655 73.616 67.17 73.44749999999999 2
20 0.4 70.33175 3.6003653547244383 76.501 67.17 69.9374 5
30 0 0 0 76.501 67.17 70.11266666666667 9
40 0.7 133.7465714285714 92.78324826460113 284.953 67.17 70.11266666666667 9
50 0.8 109.9855 87.47310947514099 340.487 66.857 97.95249999999999 16
60 0.2 75.0635 6.888500000000004 340.487 66.857 101.9635 24
70 0 0 0 340.487 66.857 99.89426923076923 26
80 0.3 76.03699999999999 7.17682664320845 340.487 66.433 99.89426923076923 26
90 1.4 170.40278571428573 138.53666051533003 601.97 66.433 97.42627586206895 29
100 1 185.5584 125.69903734730826 601.97 66.433 121.18606976744186 43
110 0 0 0 601.97 66.433 133.3317924528302 53
120 0 0 0 601.97 66.433 133.3317924528302 53
130 0.8 1655.249625 301.28259704799484 2336.273 66.433 133.3317924528302 53
140 2.6 4004.5217692307688 878.5818076290866 5718.545 66.433 332.92757377049185 61
150 3.7 2583.770972972973 1176.2848398454528 6219.645 66.433 1430.185609195402 87
160 0.1 133.317 0.0 6219.645 66.433 1774.4005967741934 124
170 0 0 0 6219.645 66.433 1761.2719280000001 125
180 0 0 0 6219.645 66.433 1761.2719280000001 125
190 3.4 1416.0003235294116 2393.3094497919515 6560.494 0.402 1761.2719280000001 125
200 6.8 2657.668573529412 2445.5044560685124 7225.475 0.402 1687.4402641509432 159
210 2 3375.260399999999 644.1813403647608 7225.475 0.402 1978.0813436123346 227
220 0.1 1585.894 0.0 7225.475 0.402 2091.2132510121455 247
230 0 0 0 7225.475 0.402 2089.1756733870966 248
231 0 0 0 7225.475 0.402 2089.1756733870966 248
