10 0.2 5.4585 0.24950000000000028 5.708 5.209 0 0
20 0 0 0 5.708 5.209 5.4585 2
30 0 0 0 5.708 5.209 5.4585 2
40 0.3 6.226 0.7695959979105919 6.973 5.167 5.4585 2
50 0.1 8.826 0.0 8.826 5.167 5.919 5
60 0.1 6.059 0.0 8.826 5.167 6.4035 6
70 0 0 0 8.826 5.167 6.354285714285714 7
80 0.1 5.102 0.0 8.826 5.102 6.354285714285714 7
90 0.5 21.142400000000002 22.706282651283985 65.491 5.102 6.197749999999999 8
100 0.5 6.1975999999999996 1.284176249585702 65.491 4.873 11.945692307692308 13
110 0.1 5.804 0.0 65.491 4.873 10.349 18
120 0 0 0 65.491 4.873 10.109789473684211 19
130 0.3 83.20566666666666 106.95176944876705 234.439 4.873 10.109789473684211 19
140 0.5 1271.2036 206.5382064215723 1624.931 4.873 20.07740909090909 22
150 1.3 351.9381538461538 340.3512055364725 1624.931 4.873 251.76744444444444 27
160 0 0 0 1624.931 4.873 284.32292499999994 40
170 0 0 0 1624.931 4.873 284.32292499999994 40
180 0 0 0 1624.931 4.873 284.32292499999994 40
190 1.1 346.8641818181818 734.0809535869037 1958.509 0.312 284.32292499999994 40
200 2.7 1162.0458148148148 944.572668816886 2768.957 0.312 297.81221568627444 51
210 1.4 1390.752142857143 360.12005841997774 2768.957 0.312 596.9699999999999 78
220 0.1 12.645 0.0 2768.957 0.312 717.7629347826087 92
230 0 0 0 2768.957 0.312 710.1810215053764 93
231 0 0 0 2768.957 0.312 710.1810215053764 93
