0 1.5 14.286399999999997 3.4216109617157433 26.548 12.326 0 0
10 0.6 20.368499999999997 14.605801344557124 52.814 11.238 14.286399999999997 15
20 0 0 0 52.814 11.238 16.024142857142856 21
30 1.2 13.775416666666667 1.247261363837677 52.814 11.238 16.024142857142856 21
40 1.4 38.44214285714286 52.44551422307202 181.312 11.238 15.20642424242424 33
50 0.3 55.47666666666667 56.902994703461985 181.312 11.238 22.127702127659575 47
60 0 0 0 181.312 11.238 24.12864 50
70 0 0 0 181.312 11.238 24.12864 50
80 3.4 19.870058823529412 24.86627609474464 181.312 11.213 24.12864 50
90 3.3 63.97278787878788 115.97461634099012 595.325 11.213 22.404928571428574 84
100 0 0 0 595.325 11.213 34.12919658119658 117
110 0 0 0 595.325 11.213 34.12919658119658 117
120 2.6 24.465538461538465 26.15101458721685 595.325 10.36 34.12919658119658 117
130 6.8 554.9273823529413 464.4755504296035 1643.802 10.36 32.37216783216783 143
140 3.2 1728.56028125 506.7758652172597 3009.645 10.36 200.77858767772517 211
150 0 0 0 3009.645 10.36 401.96794650205766 243
160 0 0 0 3009.645 10.36 401.96794650205766 243
170 0 0 0 3009.645 10.36 401.96794650205766 243
180 12.6 1144.210825396825 866.7467791870248 3092.554 10.36 401.96794650205766 243
190 18.2 2014.622862637364 1523.798133610597 5057.823 0.846 655.4167344173441 369
200 0 0 0 5057.823 0.846 1104.3741125226863 551
210 0 0 0 5057.823 0.846 1104.3741125226863 551
220 0 0 0 5057.823 0.846 1104.3741125226863 551
230 0 0 0 5057.823 0.846 1104.3741125226863 551
231 0 0 0 5057.823 0.846 1104.3741125226863 551
