10 0.3 11.759 0.11926720700455153 11.927 11.662 0 0
20 0.6 11.359333333333334 0.7446756937680244 12.474 10.339 11.759 3
30 0 0 0 12.474 10.339 11.492555555555557 9
40 0.5 12.857399999999998 0.9024935678441146 14.134 10.339 11.492555555555557 9
50 0.5 13.911600000000002 2.634568397290153 17.199 10.339 11.98 14
60 0.7 11.992857142857144 0.6714494829570318 17.199 10.339 12.488315789473685 19
70 0 0 0 17.199 10.339 12.354923076923077 26
80 0.1 132.622 0.0 132.622 10.339 12.354923076923077 26
90 1 64.75989999999999 76.6136400916312 237.917 10.26 16.80925925925926 27
100 1.5 89.34066666666668 173.59639881236654 571.986 10.26 29.768891891891894 37
110 0.1 12.04 0.0 571.986 10.26 46.953057692307695 52
120 0 0 0 571.986 10.26 46.294320754716985 53
130 0.1 2192.439 0.0 2192.439 10.26 46.294320754716985 53
140 0.6 2141.3309999999997 444.3969036428284 2753.563 10.26 86.03774074074074 54
150 4.1 746.5975365853659 542.2977857246499 2753.563 10.26 291.5670666666666 60
160 2.2 23.36754545454545 15.906016256656622 2753.563 10.26 476.28240594059406 101
170 0.2 11.5155 0.6044999999999998 2753.563 10.26 395.27324390243905 123
180 0 0 0 2753.563 10.26 389.1331200000001 125
190 0.8 1.2610000000000001 2.099564121430922 2753.563 0.377 389.1331200000001 125
200 4.2 363.1927142857142 832.7486639993082 3228.829 0.377 365.8024661654136 133
210 5.7 951.5210526315788 967.3610439289707 3228.829 0.377 365.1761257142858 175
220 1.6 122.8946875 165.2664482811464 3228.829 0.377 509.23500862068965 232
230 0 0 0 3228.829 0.377 484.30982661290324 248
231 0 0 0 3228.829 0.377 484.30982661290324 248
