0 0.2 18.746 7.325999999999999 26.072 11.42 0 0
10 0.3 11.459333333333333 0.3067901925130955 26.072 11.187 18.746 2
20 0.4 11.417 0.6136036994673358 26.072 10.985 14.374 5
30 0 0 0 26.072 10.985 13.059777777777779 9
40 0.7 16.63557142857143 8.646559197691511 37.555 10.985 13.059777777777779 9
50 0.8 11.562125 0.3515118908017196 37.555 10.985 14.624187500000001 16
60 0.2 13.7305 1.135499999999999 37.555 10.985 13.603500000000002 24
70 0 0 0 37.555 10.985 13.613269230769232 26
80 0.3 136.29133333333334 176.11041315858893 385.349 10.985 13.613269230769232 26
90 1.4 19.076999999999995 12.952864437754961 385.349 10.807 26.304103448275864 29
100 1 18.2733 12.05436284545973 385.349 10.807 23.95109302325581 43
110 0 0 0 385.349 10.807 22.879811320754715 53
120 0 0 0 385.349 10.807 22.879811320754715 53
130 0.6 682.7833333333333 522.9739290377888 1422.74 10.807 22.879811320754715 53
140 2.3 2056.0875652173913 346.4772109017356 2633.555 10.807 89.98864406779661 59
150 4.2 924.8299999999997 569.7225445687617 2956.991 10.807 641.4554146341465 82
160 0.1 10.192 0.0 2956.991 10.192 737.4371290322581 124
170 0 0 0 2956.991 10.192 731.619168 125
180 0 0 0 2956.991 10.192 731.619168 125
190 3.1 282.76829032258064 871.8711455759665 3244.091 0.328 731.619168 125
200 6.8 1010.6128676470589 1226.9956533054378 4169.713 0.327 642.4244423076923 156
210 2.3 1617.7384782608697 508.557170846142 4169.713 0.327 754.1959285714286 224
220 0.1 449.716 0.0 4169.713 0.327 834.6067732793523 247
230 0 0 0 4169.713 0.327 833.0547943548387 248
231 0 0 0 4169.713 0.327 833.0547943548387 248
