10 0.5 11.2116 1.0156634481953166 12.874 9.981 0 0
20 0.3 11.105666666666666 1.5748444014850758 13.306 9.707 11.2116 5
30 0 0 0 13.306 9.707 11.171875 8
40 0.2 82.584 70.607 153.191 9.707 11.171875 8
50 0.7 16.287 12.333556282412163 153.191 9.707 25.4543 10
60 0.3 10.593 0.342363354736845 153.191 9.707 21.679529411764708 17
70 0 0 0 153.191 9.707 20.016550000000002 20
80 0.1 11.138 0.0 153.191 9.707 20.016550000000002 20
90 1 35.175900000000006 44.49503306538832 162.991 9.487 19.593761904761905 21
100 1.6 15.159249999999995 11.250950707051382 162.991 9.434 24.620258064516133 31
110 0.4 10.095749999999999 0.22655504298072815 162.991 9.434 21.399489361702127 47
120 0.1 10.447 0.0 162.991 9.434 20.512921568627448 51
130 0.1 548.756 0.0 548.756 9.434 20.319346153846148 52
140 0.8 1830.8742500000003 560.9840892825637 2479.036 9.434 30.289849056603767 53
150 3.4 565.8721764705883 446.1524703491128 2479.036 9.434 266.4320655737705 61
160 1 10.7786 1.9312615669556517 2479.036 9.434 373.6001052631579 95
170 0 0 0 2479.036 9.434 339.04567619047623 105
180 0 0 0 2479.036 9.434 339.04567619047623 105
190 0.8 262.965625 694.6625607633063 2479.036 0.327 339.04567619047623 105
200 4.6 706.1502391304347 966.3293779652034 2902.554 0.327 333.6594778761062 113
210 7.9 1234.169911392405 584.4772111031283 2902.554 0.327 441.42410062893083 159
220 1.1 53.63699999999999 72.74879570387152 2902.554 0.327 704.5624159663864 238
230 0 0 0 2902.554 0.327 675.8066746987952 249
231 0 0 0 2902.554 0.327 675.8066746987952 249
