10 0.5 26.369999999999997 37.165407841163265 100.698 7.379 0 0
20 0.6 8.985333333333335 0.6483087398934414 100.698 7.379 26.369999999999997 5
30 0 0 0 100.698 7.379 16.887454545454545 11
40 0.3 13.041000000000002 6.448652417365974 100.698 7.379 16.887454545454545 11
50 0.8 8.596125 0.8640262492395705 100.698 7.379 16.063214285714285 14
60 0.1 9.58 0.0 100.698 7.379 13.347909090909091 22
70 0 0 0 100.698 7.379 13.184086956521739 23
80 0 0 0 100.698 7.379 13.184086956521739 23
90 0.6 11.929 5.77831976731414 100.698 7.379 13.184086956521739 23
100 1.5 11.413599999999999 8.690767820317527 100.698 6.867 12.924413793103447 29
110 0.2 8.1135 0.014499999999999957 100.698 6.867 12.409363636363635 44
120 0 0 0 100.698 6.867 12.222586956521738 46
130 0.2 677.4685 288.78149999999994 966.25 6.867 12.222586956521738 46
140 1 1825.0433 461.9391143092454 2371.476 6.867 39.94116666666667 48
150 3 663.7059333333337 464.8568867959927 2371.476 6.867 347.71739655172416 58
160 1 9.3779 1.4925205827726462 2371.476 6.867 455.4407613636365 88
170 0 0 0 2371.476 6.867 409.924142857143 98
180 0 0 0 2371.476 6.867 409.924142857143 98
190 1.2 228.4850833333334 755.6649375085119 2734.742 0.353 409.924142857143 98
200 3.5 937.1660571428571 1062.7710095951982 2780.334 0.353 390.13079090909105 110
210 5.4 1280.9098888888886 465.45430898248003 2780.334 0.353 522.1737862068967 145
220 1 14.266899999999998 12.10378144589533 2780.334 0.353 728.0619748743719 199
230 0 0 0 2780.334 0.353 693.909100478469 209
231 0 0 0 2780.334 0.353 693.909100478469 209
