0 0.6 44.48133333333333 47.34287353856849 145.968 13.787 0 0
10 1.8 16.552944444444446 3.5142845877333615 145.968 13.787 44.48133333333333 6
20 0.6 15.001666666666667 0.67291373064375 145.968 13.665 23.535041666666668 24
30 0 0 0 145.968 13.665 21.828366666666668 30
40 2.3 27.089608695652167 33.14848469451556 148.498 13.665 21.828366666666668 30
50 2.5 23.05108 25.926003159638782 148.498 13.665 24.111547169811317 53
60 0.1 15.697 0.0 148.498 13.665 23.771653846153843 78
70 0 0 0 148.498 13.665 23.669443037974677 79
80 1.3 18.826999999999998 7.480133184746009 148.498 13.665 23.669443037974677 79
90 4.7 94.33942553191488 108.27518335413762 416.697 13.411 22.98518478260869 92
100 4.1 52.41648780487805 99.4950414830471 535.901 13.411 47.11215827338129 139
110 0.2 15.259 0.13199999999999967 535.901 13.411 48.320366666666665 180
120 0.1 307.58 0.0 535.901 13.411 47.95705494505494 182
130 5.5 850.3215454545452 602.4420479705101 2515.93 13.411 49.37575956284152 183
140 8 2575.2423750000016 611.2199516059329 3893.558 13.411 234.46827310924368 238
150 8.1 1398.6539506172846 691.8432552609707 3893.558 13.411 823.3422610062897 318
160 0.8 24.347375 8.600152526808754 3893.558 13.411 940.1348596491233 399
170 0 0 0 3893.558 13.411 922.1341228501233 407
180 0.8 2306.9901250000003 780.6973944111503 3893.558 13.411 922.1341228501233 407
190 16.6 1224.6226566265063 1749.3541785231887 5435.1 0.269 948.8301421686751 415
200 25.1 1780.0884780876484 1430.291145409632 5435.1 0.269 1027.6280034423412 581
210 5.5 2017.8213272727282 476.89282329109096 5435.1 0.269 1254.6323052884616 832
220 0 0 0 5435.1 0.269 1301.9551871476888 887
230 0 0 0 5435.1 0.269 1301.9551871476888 887
231 0 0 0 5435.1 0.269 1301.9551871476888 887
