10 0.7 75.54200000000002 9.579250596993482 88.537 61.938 0 0
20 1.1 68.52118181818183 7.280479052896826 88.537 60.846 75.54200000000002 7
30 0 0 0 88.537 60.846 71.25150000000002 18
40 0.9 89.17577777777777 43.472966651773056 209.999 60.846 71.25150000000002 18
50 1.4 77.58307142857142 14.535994621550845 209.999 60.846 77.22625925925928 27
60 1 77.239 14.88222322773046 209.999 60.846 77.3480975609756 41
70 0.1 76.847 0.0 209.999 60.846 77.32670588235294 51
80 0.2 236.92000000000002 114.16100000000002 351.081 60.846 77.31748076923077 52
90 2.1 182.7516666666667 132.0865321148488 526.514 60.846 83.22868518518518 54
100 2.5 164.60244000000006 112.02388682636574 526.514 60.846 111.09512000000002 75
110 0.6 70.01283333333333 6.5693709850250395 526.514 60.846 124.47195000000004 100
120 0 0 0 526.514 60.846 121.38935849056607 106
130 0.2 1962.2754999999997 349.7905 2312.066 60.846 121.38935849056607 106
140 1.4 4350.488214285715 922.8691616031094 6710.404 60.846 155.47984259259263 108
150 8.4 1961.9533690476196 1271.549981639158 6710.404 60.846 636.8742459016395 122
160 4.2 106.92771428571429 48.835717159085284 6710.404 60.846 1177.1977718446603 206
170 0.2 69.389 7.725999999999999 6710.404 60.846 995.942358870968 248
180 0 0 0 6710.404 60.846 988.5299320000001 250
190 1.5 0.8546666666666667 0.8523585056900778 6710.404 0.476 988.5299320000001 250
200 8.2 2405.6460975609757 2218.4627118019303 6924.19 0.476 932.6237849056605 265
210 10.5 2988.9163238095234 722.5570421764832 6924.19 0.476 1280.7155129683 347
220 4.2 505.9388333333335 570.2905072471697 6924.19 0.476 1677.5320730088495 452
230 0.2 64.013 2.277999999999995 6924.19 0.476 1577.922931174089 494
231 0 0 0 6924.19 0.476 1571.818455645161 496
