10 0.3 73.15066666666665 63.781700951152295 163.343 26.975 0 0
20 0.5 27.881399999999996 1.3905110715129172 163.343 26.673 73.15066666666665 3
30 0.3 26.993 0.2645789107241927 163.343 26.672 44.85737499999999 8
40 0.3 45.702333333333335 14.421151649188383 163.343 26.672 39.98527272727272 11
50 0.6 59.35699999999999 54.39537909602249 179.04 26.672 41.21035714285714 14
60 0.3 33.62533333333334 9.409970114487907 179.04 26.672 46.654349999999994 20
70 0 0 0 179.04 26.672 44.95491304347826 23
80 0 0 0 179.04 26.672 44.95491304347826 23
90 0.5 93.9612 62.54047149934193 211.148 26.672 44.95491304347826 23
100 1 38.976200000000006 20.812556968330444 211.148 25.326 53.70603571428571 28
110 0.8 28.312875 2.153837066580246 211.148 25.326 49.82976315789474 38
120 0 0 0 211.148 25.326 46.08769565217391 46
130 0.1 1272.662 0.0 1272.662 25.326 46.08769565217391 46
140 0.3 4476.162333333334 684.259414678543 5420.139 25.326 72.18502127659575 47
150 2.1 1746.9500476190474 1061.1588800287423 5420.139 25.326 336.42366000000004 50
160 2.3 47.352391304347805 38.879631572260394 5420.139 25.326 753.6216056338027 71
170 0.4 36.7955 15.195846940858544 5420.139 25.326 580.8110531914892 94
180 0 0 0 5420.139 25.326 558.6063367346937 98
190 0.3 0.5276666666666666 0.04956028876249837 5420.139 0.47 558.6063367346937 98
200 2.1 1771.0373809523808 1335.9267291583976 5420.139 0.357 542.0297425742573 101
210 5.2 1871.4214615384622 655.5333482872338 5420.139 0.357 753.580237704918 122
220 3.1 165.99464516129032 327.08641772173206 5420.139 0.357 1087.6477298850575 174
230 0.4 27.25475 0.18859530084283774 5420.139 0.357 948.2758000000001 205
231 0 0 0 5420.139 0.357 930.6486028708135 209
