0 3.2 32
10 6.4 96
20 3.3 129
30 1.2 141
40 6.5 206
50 14.6 352
60 9.4 446
70 1.9 465
80 5.8 523
90 25.8 781
100 16.3 944
110 5.2 996
120 1.1 1007
130 0 1007
140 16.3 1170
150 53.8 1708
160 40.7 2115
170 10.6 2221
180 1.8 2239
190 5.2 2291
200 76.3 3054
210 99.6 4050
220 50.5 4555
230 11.5 4670
240 1.5 4685
250 0.1 4686
260 7.7 4763
270 126.4 6027
280 179 7817
290 114.7 8964
300 31.9 9283
310 16.3 9446
320 3 9476
330 83.3 10309
340 114.3 11452
350 111.4 12566
360 222.2 14788
370 214 16928
380 148.9 18417
390 27.5 18692
400 2.7 18719
410 1.6 18735
420 4.4 18779
430 10.8 18887
440 14.5 19032
450 6.1 19093
460 1.7 19110
469 0.4 19114
