0 1.8 1.7925000000000009 2.9176137938390676 13.807 0.776 0 0
10 0.8 1.14375 0.16324961715115907 13.807 0.776 1.7925000000000009 18
20 0 0 0 13.807 0.776 1.592884615384616 26
30 0 0 0 13.807 0.776 1.592884615384616 26
40 3.7 1.213432432432433 0.4415645121696225 13.807 0.776 1.592884615384616 26
50 2.3 1.0568695652173912 0.1137209798042431 13.807 0.776 1.3700317460317466 63
60 0 0 0 13.807 0.776 1.2862790697674422 86
70 0 0 0 13.807 0.776 1.2862790697674422 86
80 3.8 1.807473684210527 3.4046903231683063 21.983 0.776 1.2862790697674422 86
90 6.2 1.093306451612903 0.19847016422477443 21.983 0.732 1.4460000000000004 124
100 0 0 0 21.983 0.732 1.328435483870968 186
110 0 0 0 21.983 0.732 1.328435483870968 186
120 0 0 0 21.983 0.732 1.328435483870968 186
130 0 0 0 21.983 0.732 1.328435483870968 186
140 10.4 1.1680384615384616 0.8378857197076106 21.983 0.676 1.328435483870968 186
150 12.5 1.0765920000000007 0.45985914532169514 21.983 0.598 1.2709137931034484 290
160 0 0 0 21.983 0.598 1.2123831325301209 415
170 0 0 0 21.983 0.598 1.2123831325301209 415
180 0 0 0 21.983 0.598 1.2123831325301209 415
190 5.4 0.9831481481481484 0.13677128887136222 21.983 0.598 1.2123831325301209 415
200 30.7 1.0054039087947888 1.296209165867351 21.983 0.525 1.18598933901919 469
210 9.8 0.8995000000000001 0.551816688913325 21.983 0.525 1.1145463917525777 776
220 0 0 0 21.983 0.525 1.0904336384439364 874
230 0 0 0 21.983 0.525 1.0904336384439364 874
240 0 0 0 21.983 0.525 1.0904336384439364 874
250 0 0 0 21.983 0.525 1.0904336384439364 874
260 8.5 0.936929411764706 0.7955127357021758 21.983 0.525 1.0904336384439364 874
270 59 0.8668288135593225 1.049607169220111 24.207 0.525 1.0768279457768513 959
280 21.4 0.8309252336448598 0.5953616540245844 24.207 0.525 0.9968411878631379 1549
290 0 0 0 24.207 0.525 0.9767016449234264 1763
300 0 0 0 24.207 0.525 0.9767016449234264 1763
310 0 0 0 24.207 0.525 0.9767016449234264 1763
320 0 0 0 24.207 0.525 0.9767016449234264 1763
330 80.3 0.8008692403486932 0.8106086402875852 24.207 0.49 0.9767016449234264 1763
340 165.9 0.7438854731766121 0.5163366405410542 24.207 0.403 0.9216769290724868 2566
350 49.5 0.8382646464646465 0.7544221312928665 24.207 0.403 0.8518648520710062 4225
360 0.8 0.905875 0.15074352183427317 24.207 0.403 0.850438559322034 4720
370 0.7 0.8358571428571427 0.10497949265237959 24.207 0.403 0.8505323604060915 4728
380 0.1 0.837 0.0 24.207 0.403 0.8505106652587119 4735
390 0 0 0 24.207 0.403 0.8505078125000001 4736
400 0 0 0 24.207 0.403 0.8505078125000001 4736
410 0 0 0 24.207 0.403 0.8505078125000001 4736
420 0 0 0 24.207 0.403 0.8505078125000001 4736
430 0 0 0 24.207 0.403 0.8505078125000001 4736
440 0 0 0 24.207 0.403 0.8505078125000001 4736
450 0 0 0 24.207 0.403 0.8505078125000001 4736
460 0 0 0 24.207 0.403 0.8505078125000001 4736
469 0 0 0 24.207 0.403 0.8505078125000001 4736
