0 5 162.95912000000007 170.534496766096 472.708 4.87 0 0
10 11.2 114.36328571428565 141.59987000015653 472.708 4.647 162.95912000000007 50
20 4.9 175.79306122448975 557.3463367961231 3903.897 4.647 129.36199999999997 162
30 1.7 32.43841176470589 29.016432806781225 3903.897 4.647 140.1445687203791 211
40 9.4 162.18437234042557 168.88986850909959 3903.897 4.647 132.11384649122806 228
50 25.8 137.23623643410843 260.3670255805916 3903.897 4.647 140.89219875776396 322
60 14.6 209.34563013698633 713.4100147056591 4218.551 4.647 139.2659258620689 580
70 2.9 159.58675862068964 740.9874685940076 4218.551 4.647 153.35908953168038 726
80 8 170.7812750000001 177.9243349902547 4218.551 4.647 153.598298013245 755
90 44 152.08854318181818 304.96195132883224 4218.551 4.473 155.244571257485 835
100 26.3 158.04745627376434 508.92338461671324 4228.391 4.473 154.15543215686273 1275
110 8 250.3062500000001 885.6671499334627 4228.391 4.473 154.82097334200262 1538
120 1.7 41.37564705882353 66.31272103046041 4228.391 4.473 159.54212422744132 1618
130 0 0 0 4228.391 4.473 158.31348195718658 1635
140 24 163.72686250000007 173.81337964591577 4228.391 4.473 158.31348195718658 1635
150 90.7 170.22622491731005 363.09100660942596 4725.978 4.037 159.00639466666672 1875
160 66.6 202.6093258258258 669.6094935673476 5474.847 4.037 162.6643335729692 2782
170 15.7 188.5663694267518 787.4325036779022 5474.847 4.037 170.37992662413 3448
180 2.4 54.55329166666666 118.62755791393187 5474.847 4.037 171.17195755894602 3605
190 6.2 204.577064516129 200.3910802563787 5474.847 4.037 170.40071259300092 3629
200 125.5 172.94511075697224 217.4656366233628 5474.847 4.037 170.97479382281236 3691
210 171.8 203.8002025611174 551.8221538200773 7102.087 4.037 171.47474282248294 4946
220 78.4 272.97196938775517 1005.9203477232538 7102.087 4.037 179.8083472388956 6664
230 16.7 297.4676047904193 1157.150286903437 7102.087 4.037 189.6150443071966 7448
240 2.3 267.2251304347828 1142.5507286381605 7102.087 4.037 191.98029415627056 7615
250 0.1 11.177 0.0 7102.087 4.037 192.20687588373926 7638
260 9.2 232.55985869565214 258.5631087398781 7102.087 4.037 192.18317777195972 7639
270 207.9 261.6632116402116 372.64806331481236 7102.087 4.037 192.66366601991984 7731
280 311.8 527.58798973701 1000.4218194701823 7102.087 4.037 207.2865055045872 9810
290 174.6 502.7686076746861 1590.0247892784967 19175.857 4.037 284.53743587561866 12928
300 45.7 1843.318161925601 5237.0705972532605 22457.141 4.037 310.5038816955159 14674
310 26.8 1513.022395522388 4269.723462688422 22457.141 4.037 356.79931002577484 15131
320 4.6 25.34678260869566 7.551438103500677 22457.141 4.037 376.92190155204884 15399
330 126.3 463.8670411718134 740.66539303443 22457.141 4.037 375.87480181288436 15445
340 269.1 812.0204214046825 1960.7193789043988 22457.141 1.098 382.52635785252573 16708
350 200.9 3552.6253081134914 5745.360927651717 22457.141 1.098 442.10512608897363 19399
360 350 4729.227620000003 7654.47488579376 27111.142 0.35 734.0069873411811 21408
370 326.4 3289.1867291666726 6478.373026903616 29226.697 0.35 1295.4038162437778 24908
380 207.3 1529.1289527255221 3547.090810684504 38060.916 0.35 1526.402944022435 28172
390 35.1 99.10444729344725 365.77279314153554 38060.916 0.35 1526.5897853529523 30245
400 3.3 3728.651606060606 14296.109397184986 60003.63 0.35 1510.2135481435496 30596
410 4.6 16965.61567391304 27014.57559219771 60020.345 0.35 1512.6037161513611 30629
420 14.4 17506.948326388898 27270.056491998865 60037.382 0.35 1535.7769370171163 30675
430 31.7 16095.000643533123 26577.46614087887 60061.609 0.35 1610.4013141893001 30819
440 33.4 10068.031335329357 22411.850042612692 60061.609 0.35 1757.8710594167535 31136
450 11.2 1615.9290535714279 9685.87259918613 60061.609 0.35 1846.0691379726738 31470
460 2.9 2077.430103448276 10946.205765820094 60061.609 0.35 1845.2529867012868 31582
469 0.6 7.999666666666666 3.5925965385621703 60061.609 0.35 1845.4659864920452 31611
