10 0.1 471 0 471 471 0 0
20 0.1 294.0 0.0 471 294 471.0 1
30 0.1 103.0 0.0 471 103 382.5 2
40 0.1 23.0 0.0 471 23 289.3333333333333 3
50 0.1 113.0 0.0 471 23 222.75 4
60 0.1 751.0 0.0 751 23 200.8 5
70 0.1 815.0 0.0 815 23 292.5 6
80 0.1 178.0 0.0 815 23 367.14285714285717 7
90 0.1 43.0 0.0 815 23 343.5 8
100 0.1 1.0 0.0 815 1 310.1111111111111 9
110 0.1 262.0 0.0 815 1 279.2 10
120 0.1 1264.0 0.0 1264 1 277.6363636363636 11
130 0.1 1184.0 0.0 1264 1 359.8333333333333 12
140 0.1 535.0 0.0 1264 1 423.2307692307692 13
150 0.1 73.0 0.0 1264 1 431.2142857142857 14
160 0.1 857.0 0.0 1264 1 407.3333333333333 15
170 0.1 3040.0 0.0 3040 1 435.4375 16
180 0.1 2511.0 0.0 3040 1 588.6470588235294 17
190 0.1 848.0 0.0 3040 1 695.4444444444445 18
200 0.1 136.0 0.0 3040 1 703.4736842105264 19
210 0.1 27.0 0.0 3040 1 675.1 20
220 0.1 3770.0 0.0 3770 1 644.2380952380952 21
230 0.1 7043.0 0.0 7043 1 786.3181818181819 22
240 0.1 3711.0 0.0 7043 1 1058.3478260869565 23
250 0.1 666.0 0.0 7043 1 1168.875 24
260 0.1 86.0 0.0 7043 1 1148.76 25
270 0.1 3514.0 0.0 7043 1 1107.8846153846155 26
280 0.1 17542.0 0.0 17542 1 1197.0000000000002 27
290 0.1 14581.0 0.0 17542 1 1780.7500000000002 28
300 0.1 4295.0 0.0 17542 1 2222.137931034483 29
310 0.1 762.0 0.0 17542 1 2291.233333333333 30
320 0.1 68.0 0.0 17542 1 2241.9032258064517 31
330 0.1 13.0 0.0 17542 1 2173.96875 32
340 0.1 27098.0 0.0 27098 1 2108.4848484848485 33
350 0.1 35835.0 0.0 35835 1 2843.470588235294 34
360 0.1 34509.0 0.0 35835 1 3786.0857142857144 35
370 0.1 8513.0 0.0 35835 1 4639.5 36
380 0.1 1020.0 0.0 35835 1 4744.189189189189 37
390 0.1 513.0 0.0 35835 1 4646.184210526316 38
400 0.1 1309.0 0.0 35835 1 4540.205128205128 39
410 0.1 2611.0 0.0 35835 1 4459.425 40
420 0.1 263.0 0.0 35835 1 4414.341463414634 41
427 0.1 33.0 0.0 35835 1 4315.5 42
