0 16.74765625 16.74765625
10 51.321875 68.06953125
20 22.365625 90.43515625
30 7.553125 97.98828125
40 30.9890625 128.97734375
50 115.82734375 244.8046875
60 64.92265625 309.72734375
70 12.94609375 322.6734375
80 24.49609375 347.16953125
90 190.4890625 537.65859375
100 118.1546875 655.81328125
110 34.17734375 689.990625
120 7.284375 697.275
130 0 697.275
140 77.22890625 774.50390625
150 382.5203125 1157.02421875
160 302.928125 1459.95234375
170 69.41875 1529.37109375
180 10.27421875 1539.6453125
190 14.08203125 1553.72734375
200 493.284375 2047.01171875
210 773.190625 2820.20234375
220 349.02890625 3169.23125
230 70.58671875 3239.81796875
240 9.45390625 3249.271875
250 0.440625 3249.7125
260 19.43046875 3269.14296875
270 822.8078125 4091.95078125
280 1413.60078125 5505.5515625
290 759.89453125 6265.44609375
300 183.284375 6448.73046875
310 103.55546875 6552.2859375
320 18.9984375 6571.284375
330 463.909375 7035.19375
340 1442.20546875 8477.39921875
350 929.26484375 9406.6640625
360 1380.7296875 10787.39375
370 1330.32578125 12117.71953125
380 791.64140625 12909.3609375
390 154.31796875 13063.67890625
400 13.77421875 13077.453125
410 14.11015625 13091.56328125
420 42.22421875 13133.7875
430 94.07421875 13227.86171875
440 110.88359375 13338.7453125
450 43.10546875 13381.85078125
460 10.9828125 13392.83359375
469 2.321875 13395.15546875
