10 0.1 339.906 0 339.906 339.906 0 0
20 0 0 0 339.906 339.906 339.906 1
30 0 0 0 339.906 339.906 339.906 1
40 0.4 376.2235 25.57895976676927 413.857 339.906 339.906 1
50 0.3 382.66900000000004 26.238691481601503 417.293 339.906 368.96 5
60 0 0 0 417.293 339.906 374.100875 8
70 0 0 0 417.293 339.906 374.100875 8
80 0.3 392.65766666666667 33.10700486134148 431.825 339.906 374.100875 8
90 0.7 375.56057142857145 32.0041641525293 451.668 339.906 379.16181818181815 11
100 0 0 0 451.668 339.906 377.7613333333333 18
110 0 0 0 451.668 339.906 377.7613333333333 18
120 0 0 0 451.668 339.906 377.7613333333333 18
130 0 0 0 451.668 339.906 377.7613333333333 18
140 0.9 416.53011111111107 42.83585791897158 501.948 339.906 377.7613333333333 18
150 1.4 437.335 57.41072228127027 528.79 339.906 390.6842592592592 27
160 0 0 0 528.79 339.906 406.61378048780483 41
170 0 0 0 528.79 339.906 406.61378048780483 41
180 0 0 0 528.79 339.906 406.61378048780483 41
190 0.5 437.149 12.985975743085314 528.79 339.906 406.61378048780483 41
200 3 470.22126666666645 76.77303441223503 654.555 339.906 409.9328260869564 46
210 0.9 712.0952222222222 192.53664133514246 1003.468 339.906 433.73089473684195 76
220 0 0 0 1003.468 339.906 463.20476470588216 85
230 0 0 0 1003.468 339.906 463.20476470588216 85
240 0 0 0 1003.468 339.906 463.20476470588216 85
250 0 0 0 1003.468 339.906 463.20476470588216 85
260 0.5 546.489 46.3969513955389 1003.468 339.906 463.20476470588216 85
270 5.2 727.4179999999998 272.3042219534841 1999.106 339.906 467.8316666666665 90
280 2.9 2348.3529999999996 1241.3129734542624 5323.253 339.906 562.8914507042252 142
290 0 0 0 5323.253 339.906 865.6890233918127 171
300 0 0 0 5323.253 339.906 865.6890233918127 171
310 0 0 0 5323.253 339.906 865.6890233918127 171
320 0 0 0 5323.253 339.906 865.6890233918127 171
330 5.7 1567.4453859649122 729.466498505147 5323.253 339.906 865.6890233918127 171
340 6 4794.751799999998 3072.6316591381114 11959.246 1.303 1041.1281140350875 228
350 3.8 12376.714263157899 3334.4632862882663 17348.46 1.303 1823.1330486111106 288
360 4.4 18803.568363636365 2589.8163056151043 24062.919 1.303 3053.3050920245396 326
370 0.3 23519.040333333334 1695.0481366644294 25910.123 1.303 4926.309372972973 370
380 0 0 0 25910.123 1.303 5075.848764075066 373
390 0 0 0 25910.123 1.303 5075.848764075066 373
400 0 0 0 25910.123 1.303 5075.848764075066 373
410 0 0 0 25910.123 1.303 5075.848764075066 373
420 0 0 0 25910.123 1.303 5075.848764075066 373
430 0 0 0 25910.123 1.303 5075.848764075066 373
440 0 0 0 25910.123 1.303 5075.848764075066 373
450 0 0 0 25910.123 1.303 5075.848764075066 373
460 0 0 0 25910.123 1.303 5075.848764075066 373
469 0 0 0 25910.123 1.303 5075.848764075066 373
