10 0.6 273.79183333333333 9.168399922499487 284.412 259.375 0 0
20 0.4 290.7215 5.784455484313121 300.394 259.375 273.79183333333333 6
30 0 0 0 300.394 259.375 280.5637 10
40 0 0 0 300.394 259.375 280.5637 10
50 0.8 277.708875 39.53493779695848 376.17 233.218 280.5637 10
60 0.7 298.57142857142856 48.78519272383826 412.24 233.218 279.29488888888886 18
70 0 0 0 412.24 233.218 284.69231999999994 25
80 0 0 0 412.24 233.218 284.69231999999994 25
90 1.3 321.19492307692315 80.22001038150934 547.462 233.218 284.69231999999994 25
100 1.5 288.9592666666667 29.591752194300504 547.462 233.218 297.1800526315789 38
110 0.3 301.7103333333334 26.544900343045583 547.462 233.218 294.8534150943396 53
120 0.1 303.724 0.0 547.462 233.218 295.22074999999995 56
130 0 0 0 547.462 233.218 295.3699298245613 57
140 0 0 0 547.462 233.218 295.3699298245613 57
150 2.5 303.7300800000001 46.934257668291686 547.462 233.218 295.3699298245613 57
160 4.3 309.89488372093024 68.79257945995282 670.247 233.218 297.9187560975609 82
170 0.2 281.65 5.484999999999999 670.247 233.218 302.03854399999994 125
180 0.1 384.04 0.0 670.247 233.218 301.7174645669291 127
190 0 0 0 670.247 233.218 302.36060937499997 128
200 1.3 312.00307692307683 38.54423481077204 670.247 233.218 302.36060937499997 128
210 5.8 428.6409137931035 257.71091582993984 1597.039 233.218 303.2496312056737 141
220 4.4 341.19088636363637 71.02148596190511 1597.039 233.218 339.7958341708543 199
230 0 0 0 1597.039 233.218 340.0484362139918 243
240 0 0 0 1597.039 233.218 340.0484362139918 243
250 0 0 0 1597.039 233.218 340.0484362139918 243
260 0 0 0 1597.039 233.218 340.0484362139918 243
270 2.6 532.8724230769232 225.32680877307845 1597.039 233.218 340.0484362139918 243
280 10.4 1205.8300961538457 826.9289455317316 3547.163 233.218 358.6856988847584 269
290 12.2 1036.776983606558 447.81622310996636 4126.053 233.218 594.8868176943699 373
300 2.1 813.375761904762 176.5116073312393 4126.053 233.218 703.7971212121214 495
310 0.2 357.52099999999996 14.378999999999976 4126.053 233.218 708.2567170542637 516
320 0 0 0 4126.053 233.218 706.9025250965253 518
330 0 0 0 4126.053 233.218 706.9025250965253 518
340 0.6 4932.0335000000005 1145.2527111365348 6875.741 233.218 706.9025250965253 518
350 1.2 6871.606583333334 2601.2401530765237 10136.955 233.218 755.2818874045803 524
360 6.1 6704.480426229509 3672.3325581467748 16446.867 233.218 892.2145298507465 536
370 21.3 5181.700131455399 2849.852768767726 16446.867 233.218 1486.0976448911226 597
380 23.2 2267.155801724139 1306.8012501573742 16446.867 233.218 2457.904224691358 810
390 1.2 1285.4948333333336 161.76456169632945 16446.867 233.218 2415.434326295586 1042
400 0.2 1161.0875 57.783500000000004 16446.867 233.218 2402.5697400379513 1054
410 0 0 0 16446.867 233.218 2400.218447916667 1056
420 0 0 0 16446.867 233.218 2400.218447916667 1056
430 0 0 0 16446.867 233.218 2400.218447916667 1056
440 0 0 0 16446.867 233.218 2400.218447916667 1056
450 0 0 0 16446.867 233.218 2400.218447916667 1056
460 0 0 0 16446.867 233.218 2400.218447916667 1056
469 0 0 0 16446.867 233.218 2400.218447916667 1056
