0 1.3 405.26530769230766 39.49662368507857 475.265 323.063 0 0
10 0.4 389.24250000000006 31.976065599913927 475.265 323.063 405.26530769230766 13
20 0 0 0 475.265 323.063 401.49523529411766 17
30 0 0 0 475.265 323.063 401.49523529411766 17
40 2.2 391.8257272727273 26.57441249360304 475.265 323.063 401.49523529411766 17
50 1.5 364.49699999999996 30.85233206528587 475.265 323.063 396.04064102564104 39
60 0 0 0 475.265 323.063 387.2785185185185 54
70 0 0 0 475.265 323.063 387.2785185185185 54
80 2.3 401.31665217391304 23.94152190253267 475.265 323.063 387.2785185185185 54
90 3.9 400.69910256410265 68.23261782701834 656.512 323.063 391.47172727272726 77
100 0 0 0 656.512 323.063 394.57403448275863 116
110 0 0 0 656.512 323.063 394.57403448275863 116
120 0 0 0 656.512 323.063 394.57403448275863 116
130 0 0 0 656.512 323.063 394.57403448275863 116
140 6 398.54951666666676 34.02001142734067 656.512 323.063 394.57403448275863 116
150 9.3 422.1011720430108 55.06246612470097 656.512 323.063 395.92931250000004 176
160 0 0 0 656.512 323.063 404.9775762081785 269
170 0 0 0 656.512 323.063 404.9775762081785 269
180 0 0 0 656.512 323.063 404.9775762081785 269
190 2.1 433.82157142857153 38.04638662596644 656.512 323.063 404.9775762081785 269
200 18.5 486.61898378378373 113.86167025134826 1190.707 323.063 407.0662793103449 290
210 6.7 585.9346567164181 211.19708103057997 1971.899 323.063 438.04996421052635 475
220 0 0 0 1971.899 323.063 456.33091328413286 542
230 0 0 0 1971.899 323.063 456.33091328413286 542
240 0 0 0 1971.899 323.063 456.33091328413286 542
250 0 0 0 1971.899 323.063 456.33091328413286 542
260 3 557.0190333333335 61.06054216512404 1971.899 323.063 456.33091328413286 542
270 33.1 747.8857401812688 296.3825478806445 2630.62 323.063 461.6117587412588 572
280 17.7 2312.434966101696 1286.0705282565616 5563.881 323.063 566.5471827242525 903
290 0 0 0 5563.881 323.063 852.6787916666668 1080
300 0 0 0 5563.881 323.063 852.6787916666668 1080
310 0 0 0 5563.881 323.063 852.6787916666668 1080
320 0 0 0 5563.881 323.063 852.6787916666668 1080
330 27 1466.8438925925914 682.3444222381637 5563.881 323.063 852.6787916666668 1080
340 25.5 4570.980796078433 3006.5917598301457 11848.499 1.196 975.5118118518518 1350
350 25.5 13515.029905882357 2975.5197395921227 20333.223 1.196 1546.7545476635519 1605
360 30.9 19064.12732686083 2481.5098244137744 25406.563 1.196 3187.566491935485 1860
370 1.6 25713.931312500004 1640.3461999509304 28683.923 1.196 5449.372530659289 2169
380 0 0 0 28683.923 1.196 5597.762892448512 2185
390 0 0 0 28683.923 1.196 5597.762892448512 2185
400 0 0 0 28683.923 1.196 5597.762892448512 2185
410 0 0 0 28683.923 1.196 5597.762892448512 2185
420 0 0 0 28683.923 1.196 5597.762892448512 2185
430 0 0 0 28683.923 1.196 5597.762892448512 2185
440 0 0 0 28683.923 1.196 5597.762892448512 2185
450 0 0 0 28683.923 1.196 5597.762892448512 2185
460 0 0 0 28683.923 1.196 5597.762892448512 2185
469 0 0 0 28683.923 1.196 5597.762892448512 2185
