10 0.6 11.279333333333334 0.8735692429465577 12.384 9.864 0 0
20 0.1 21.601 0.0 21.601 9.864 11.279333333333334 6
30 0.1 31.991 0.0 31.991 9.864 12.753857142857143 7
40 0 0 0 31.991 9.864 15.1585 8
50 0.9 13.269444444444444 4.268602350265407 31.991 9.864 15.1585 8
60 0.6 16.879 6.9963897118442455 31.991 9.864 14.158411764705882 17
70 0.1 11.822 0.0 31.991 9.864 14.868130434782609 23
80 0 0 0 31.991 9.864 14.741208333333333 24
90 0.8 13.278 4.438397430379573 31.991 9.864 14.741208333333333 24
100 1.6 13.26225 4.712380243836441 31.991 9.864 14.37540625 32
110 0.4 11.610499999999998 1.1094031052777882 31.991 9.864 14.004354166666666 48
120 0 0 0 31.991 9.864 13.820211538461537 52
130 0 0 0 31.991 9.864 13.820211538461537 52
140 0 0 0 31.991 9.864 13.820211538461537 52
150 1.8 11.658444444444445 1.4781230298449533 31.991 9.864 13.820211538461537 52
160 2.7 13.450740740740741 7.263023886083651 46.779 9.864 13.264328571428571 70
170 0.8 12.091874999999998 0.6967297606497087 46.779 9.864 13.31621649484536 97
180 0 0 0 46.779 9.864 13.222933333333332 105
190 0 0 0 46.779 9.864 13.222933333333332 105
200 1.6 12.410937500000001 2.370920745953721 46.779 9.864 13.222933333333332 105
210 7.2 13.095652777777778 4.785411584410948 46.779 9.864 13.115561983471075 121
220 4.7 12.824021276595744 5.311024617614665 46.779 9.545 13.108134715025907 193
230 0.7 11.58042857142857 0.7614581607759188 46.779 9.545 13.052495833333332 240
240 0 0 0 46.779 9.545 13.010777327935221 247
250 0 0 0 46.779 9.545 13.010777327935221 247
260 0 0 0 46.779 9.545 13.010777327935221 247
270 1.9 20.0701052631579 13.129047305376515 64.978 9.545 13.010777327935221 247
280 11.4 38.573456140350885 39.7338504535127 261.623 9.545 13.515015037593983 266
290 10.9 26.832669724770653 15.414359327227972 261.623 9.545 21.032547368421053 380
300 2.2 18.83495454545454 2.1449137612940135 261.623 9.545 22.32541717791411 489
310 0.1 10.482 0.0 261.623 9.545 22.17514285714286 511
320 0 0 0 261.623 9.545 22.152304687500003 512
330 0.1 16.923 0.0 261.623 9.545 22.152304687500003 512
340 3.2 109.32934375 78.97724181196496 328.582 1.61 22.142111111111117 513
350 6.3 208.6514126984126 120.25689453642136 712.231 1.61 27.261361467889913 545
360 15.5 133.97220645161286 92.43681116802014 712.231 0.442 46.056712171052624 608
370 21.9 98.14419178082196 67.68204107793025 712.231 0.442 63.91634731323722 763
380 5.7 45.307350877192995 31.158777523421524 712.231 0.442 71.54964460285133 982
390 0.5 24.6642 3.665618878170505 712.231 0.442 70.10998075072185 1039
400 0 0 0 712.231 0.442 69.8923285440613 1044
410 0 0 0 712.231 0.442 69.8923285440613 1044
420 0 0 0 712.231 0.442 69.8923285440613 1044
430 0 0 0 712.231 0.442 69.8923285440613 1044
440 0 0 0 712.231 0.442 69.8923285440613 1044
450 0 0 0 712.231 0.442 69.8923285440613 1044
460 0 0 0 712.231 0.442 69.8923285440613 1044
469 0 0 0 712.231 0.442 69.8923285440613 1044
