0 0.3 381.8413333333333 11.165908959367739 392.897 366.549 0 0
10 1.6 374.4803124999999 26.580052527033203 439.597 325.835 381.8413333333333 3
20 0.7 398.2155714285714 30.144879763554925 451.399 325.835 375.64257894736835 19
30 0 0 0 451.399 325.835 381.719923076923 26
40 0.6 379.91266666666667 47.84050457045322 466.808 325.835 381.719923076923 26
50 4 383.1702 41.018200174556675 473.54 325.835 381.3810625 32
60 1.4 397.529 59.839042594040784 591.511 325.835 382.3750277777778 72
70 0 0 0 591.511 325.835 384.84195348837216 86
80 0.3 396.9386666666667 13.579077198232433 591.511 325.835 384.84195348837216 86
90 5.9 387.3058813559322 45.028463067334 591.511 325.835 385.24970786516855 89
100 3.6 383.96119444444435 27.703407768539403 591.511 325.835 386.06939864864864 148
110 0.2 451.879 35.043000000000006 591.511 325.835 385.65692391304344 184
120 0 0 0 591.511 325.835 386.3689892473118 186
130 0 0 0 591.511 325.835 386.3689892473118 186
140 1.1 387.46590909090907 30.545140126628535 591.511 325.835 386.3689892473118 186
150 11.6 429.0127241379311 66.39686345320763 706.78 325.835 386.4302385786802 197
160 9.5 455.1302421052632 90.5946366373123 1093.492 325.835 402.21160702875403 313
170 0.6 442.2846666666667 12.027283881057924 1093.492 325.835 414.53334803921575 408
180 0.1 502.422 0.0 1093.492 325.835 414.93554106280203 414
190 0 0 0 1093.492 325.835 415.146351807229 415
200 12.7 527.2056929133859 144.97810960113898 1265.723 325.835 415.146351807229 415
210 25.8 587.1160813953483 166.83105832029167 1634.864 325.835 441.403798892989 542
220 7 562.1717999999998 79.8932775953736 1634.864 325.835 488.3960099999999 800
230 0.4 520.9485000000001 3.986247389462887 1634.864 325.835 494.33199310344816 870
240 0 0 0 1634.864 325.835 494.4538077803203 874
250 0 0 0 1634.864 325.835 494.4538077803203 874
260 0 0 0 1634.864 325.835 494.4538077803203 874
270 18.8 878.5749255319151 341.3974692811428 2712.12 325.835 494.4538077803203 874
280 45.7 1911.1352975929983 1171.6796022615254 6619.95 325.835 562.4526497175141 1062
290 22.6 2112.656039823009 1136.4524723199659 7315.06 325.835 968.2116820276499 1519
300 1.8 1644.5649999999998 605.4786430303623 7315.06 325.835 1116.431982808023 1745
310 0 0 0 7315.06 325.835 1121.8241520136132 1763
320 0 0 0 7315.06 325.835 1121.8241520136132 1763
330 2.7 1622.4328888888888 553.9229943303949 7315.06 325.835 1121.8241520136132 1763
340 10.1 3802.5627821782173 2845.704683263277 10684.82 1.23 1129.3752335195531 1790
350 23.9 11591.807104602509 3881.3464519088866 19131.499 1.23 1272.152569539926 1891
360 58.6 15009.3064880546 5408.722498768569 27111.199 1.23 2430.0856370892016 2130
370 60 14538.794456666677 6526.729767099015 29226.807 1.23 5144.159060751103 2716
380 27.7 9063.372859205781 4220.757825838309 29226.807 1.23 6844.032775331727 3316
390 0.3 3145.7803333333336 128.80800836990767 29226.807 1.23 7015.131356804901 3593
400 0 0 0 29226.807 1.23 7011.903310901002 3596
410 0 0 0 29226.807 1.23 7011.903310901002 3596
420 0 0 0 29226.807 1.23 7011.903310901002 3596
430 0 0 0 29226.807 1.23 7011.903310901002 3596
440 0 0 0 29226.807 1.23 7011.903310901002 3596
450 0 0 0 29226.807 1.23 7011.903310901002 3596
460 0 0 0 29226.807 1.23 7011.903310901002 3596
469 0 0 0 29226.807 1.23 7011.903310901002 3596
