0 1.9 19
10 0.7 26
20 0 26
30 0 26
40 3.8 64
50 2.2 86
60 0 86
70 0 86
80 3.8 124
90 6.2 186
100 0 186
110 0 186
120 0 186
130 0 186
140 10.6 292
150 12.3 415
160 0 415
170 0 415
180 0 415
190 5.7 472
200 30.6 778
210 9.6 874
220 0 874
230 0 874
240 0 874
250 0 874
260 11.1 985
270 58.9 1574
280 18.9 1763
290 0 1763
300 0 1763
310 0 1763
320 0 1763
330 85.3 2616
340 98.9 3605
350 0 3605
360 0 3605
370 0 3605
380 0 3605
390 0 3605
400 0 3605
410 0 3605
420 0 3605
430 0 3605
440 0 3605
450 0 3605
460 0 3605
469 0 3605
