0 0.1 731.91796875 0 731.91796875 731.91796875 0 0
10 0.1 728.8125 0.0 731.91796875 728.8125 731.91796875 1
20 0.1 716.77734375 0.0 731.91796875 716.77734375 730.365234375 2
30 0.1 717.9453125 0.0 731.91796875 716.77734375 725.8359375 3
40 0.1 721.6171875 0.0 731.91796875 716.77734375 723.86328125 4
50 0.1 718.875 0.0 731.91796875 716.77734375 723.4140625 5
60 0.1 703.58984375 0.0 731.91796875 703.58984375 722.6575520833334 6
70 0.1 705.91015625 0.0 731.91796875 703.58984375 719.93359375 7
80 0.1 711.6796875 0.0 731.91796875 703.58984375 718.1806640625 8
90 0.1 714.890625 0.0 731.91796875 703.58984375 717.4583333333334 9
100 0.1 698.24609375 0.0 731.91796875 698.24609375 717.2015625 10
110 0.1 665.41796875 0.0 731.91796875 665.41796875 715.4783380681819 11
120 0.1 674.99609375 0.0 731.91796875 665.41796875 711.306640625 12
130 0.1 685.015625 0.0 731.91796875 665.41796875 708.5135216346154 13
140 0.1 694.8828125 0.0 731.91796875 665.41796875 706.8351004464286 14
150 0.1 672.1171875 0.0 731.91796875 665.41796875 706.03828125 15
160 0.1 615.265625 0.0 731.91796875 615.265625 703.918212890625 16
170 0.1 643.51171875 0.0 731.91796875 615.265625 698.7033547794117 17
180 0.1 668.609375 0.0 731.91796875 615.265625 695.6371527777778 18
190 0.1 680.5390625 0.0 731.91796875 615.265625 694.2146381578947 19
200 0.1 680.18359375 0.0 731.91796875 615.265625 693.5308593749999 20
210 0.1 534.04296875 0.0 731.91796875 534.04296875 692.8952752976189 21
220 0.1 528.67578125 0.0 731.91796875 528.67578125 685.6747159090909 22
230 0.1 616.0234375 0.0 731.91796875 528.67578125 678.8486752717391 23
240 0.1 630.30859375 0.0 731.91796875 528.67578125 676.23095703125 24
250 0.1 648.4921875 0.0 731.91796875 528.67578125 674.3940625 25
260 0.1 648.93359375 0.0 731.91796875 528.67578125 673.3978365384615 26
270 0.1 481.16796875 0.0 731.91796875 481.16796875 672.4917534722222 27
280 0.1 240.625 0.0 731.91796875 240.625 665.6587611607143 28
290 0.1 331.40625 0.0 731.91796875 240.625 651.0024245689655 29
300 0.1 537.74609375 0.0 731.91796875 240.625 640.34921875 30
310 0.1 562.9765625 0.0 731.91796875 240.625 637.0394405241935 31
312 0.1 578.38671875 0.0 731.91796875 240.625 634.7249755859375 32
