0 0.1 0.1484375 0 0.1484375 0.1484375 0 0
10 0.1 0.12109375 0.0 0.1484375 0.12109375 0.1484375 1
20 0.1 0.1015625 0.0 0.1484375 0.1015625 0.134765625 2
30 0.1 0.08984375 0.0 0.1484375 0.08984375 0.12369791666666667 3
40 0.1 0.0703125 0.0 0.1484375 0.0703125 0.115234375 4
50 0.1 0.05859375 0.0 0.1484375 0.05859375 0.10625 5
60 0.1 0.05078125 0.0 0.1484375 0.05078125 0.09830729166666667 6
70 0.1 0.0390625 0.0 0.1484375 0.0390625 0.09151785714285714 7
80 0.1 0.0390625 0.0 0.1484375 0.0390625 0.0849609375 8
90 0.1 0.03125 0.0 0.1484375 0.03125 0.0798611111111111 9
100 0.1 0.01953125 0.0 0.1484375 0.01953125 0.075 10
110 0.1 0.01953125 0.0 0.1484375 0.01953125 0.06995738636363637 11
120 0.1 0.01953125 0.0 0.1484375 0.01953125 0.06575520833333333 12
130 0.1 0.01171875 0.0 0.1484375 0.01171875 0.06219951923076923 13
140 0.1 0.078125 0.0 0.1484375 0.01171875 0.05859375 14
150 0.1 0.0703125 0.0 0.1484375 0.01171875 0.059895833333333336 15
160 0.1 0.05859375 0.0 0.1484375 0.01171875 0.060546875 16
170 0.1 0.05078125 0.0 0.1484375 0.01171875 0.06043198529411765 17
180 0.1 0.0390625 0.0 0.1484375 0.01171875 0.059895833333333336 18
190 0.1 0.0390625 0.0 0.1484375 0.01171875 0.05879934210526316 19
200 0.1 0.03125 0.0 0.1484375 0.01171875 0.0578125 20
210 0.1 0.109375 0.0 0.1484375 0.01171875 0.05654761904761905 21
220 0.1 0.16015625 0.0 0.16015625 0.01171875 0.05894886363636364 22
230 0.1 0.140625 0.0 0.16015625 0.01171875 0.06334918478260869 23
240 0.1 0.12109375 0.0 0.16015625 0.01171875 0.06656901041666666 24
250 0.1 0.1015625 0.0 0.16015625 0.01171875 0.06874999999999999 25
260 0.1 0.078125 0.0 0.16015625 0.01171875 0.07001201923076922 26
270 0.1 0.1484375 0.0 0.16015625 0.01171875 0.07031249999999999 27
280 0.1 0.26953125 0.0 0.26953125 0.01171875 0.07310267857142856 28
290 0.1 0.23046875 0.0 0.26953125 0.01171875 0.07987607758620688 29
300 0.1 0.19921875 0.0 0.26953125 0.01171875 0.08489583333333332 30
310 0.1 0.23828125 0.0 0.26953125 0.01171875 0.08858366935483869 31
312 0.1 0.19921875 0.0 0.26953125 0.01171875 0.09326171874999999 32
