0 4.9 96.67124489795921 67.98339471879179 337.691 6.845 0 0
10 14.2 102.67770422535214 139.18840188740177 806.811 6.087 96.67124489795921 49
20 6.8 224.56502941176473 270.7191104834856 806.811 6.087 101.13678010471207 191
30 0.5 28.792600000000004 26.973377538602765 806.811 6.087 133.54265250965253 259
40 4.6 55.377847826086985 47.03880229960358 806.811 5.076 131.55875000000003 264
50 20.2 86.83383663366342 142.2368655316036 806.811 5.076 120.25448709677423 310
60 21.6 140.1942638888889 221.2564463685492 806.811 5.015 107.06899609375004 512
70 5 200.34576 255.5727964242329 806.811 5.015 116.89737225274729 728
80 0.9 119.5731111111111 198.92663788299467 806.811 5.015 122.26037917737793 778
90 23 61.68874782608698 84.56519465696978 806.811 4.773 122.22964803049558 787
100 48.4 118.18151239669422 203.94711563766572 806.811 4.533 108.53799901671586 1017
110 28.8 182.52097916666665 272.39842403678074 841.832 4.177 111.6475662891406 1501
120 6.7 127.604119402985 217.88480286367144 841.832 4.177 123.05703689211852 1789
130 0.3 251.00233333333335 318.2436830337546 841.832 4.177 123.22118265086208 1856
140 43.3 73.49238799076213 114.69198786182507 841.832 4.177 123.42739214631524 1859
150 103 114.38525922330085 217.08279672401537 1058.073 3.715 113.99377225130891 2292
160 54.9 229.3018524590162 365.1540556276145 1338.846 3.715 114.11515442504512 3322
170 10.8 223.58552777777783 339.9252063979298 1338.846 3.715 130.45137173856878 3871
180 1.5 87.30380000000001 161.22403734728888 1338.846 3.715 132.97926539331485 3979
190 22.2 79.53364864864864 63.891340450073386 1338.846 3.715 132.80772508763138 3994
200 149.9 108.52281654436308 192.4235328623706 1831.346 3.715 130.00249620493352 4216
210 166.9 200.07525284601556 373.52128859835176 1982.112 3.715 124.36854348206475 5715
220 56 246.5298214285716 439.44563222228027 1989.13 3.715 141.48047440411702 7384
230 7.2 139.94609722222225 348.4589161002406 2272.359 3.715 148.88576573514607 7944
240 0.7 30.34971428571429 9.311003225282683 2272.359 3.715 148.80546931137727 8016
250 0.6 26.560166666666664 8.99120741644611 2272.359 3.715 148.70211766172258 8023
260 143 118.03235034965033 144.5954084328591 2272.359 3.715 148.6108420724873 8029
270 380 237.9045926315789 433.87261388111693 6257.515 3.715 143.98802325827256 9459
280 224.9 684.0325931525124 1233.3517319680802 9614.111 3.715 170.90430379364958 13259
290 91.6 736.9680665938864 1711.2084774572015 14920.33 3.715 245.319155661594 15508
300 12.7 226.47119685039374 525.3441082446541 14920.33 3.715 272.7394188382854 16424
310 2.1 65.76885714285713 169.24153622117532 14920.33 3.715 272.3843910941937 16551
312 0 0 0 14920.33 3.715 272.1225683683321 16572
