10 0.1 310 0 310 310 0 0
20 0.1 477.0 0.0 477 310 310.0 1
30 0.1 259.0 0.0 477 259 393.5 2
40 0.1 13.0 0.0 477 13 348.6666666666667 3
50 0.1 272.0 0.0 477 13 264.75 4
60 0.1 848.0 0.0 848 13 266.2 5
70 0.1 737.0 0.0 848 13 363.1666666666667 6
80 0.1 202.0 0.0 848 13 416.57142857142856 7
90 0.1 26.0 0.0 848 13 389.75 8
100 0.1 1232.0 0.0 1232 13 349.3333333333333 9
110 0.1 1811.0 0.0 1811 13 437.6 10
120 0.1 1074.0 0.0 1811 13 562.4545454545455 11
130 0.1 205.0 0.0 1811 13 605.0833333333334 12
140 0.1 7.0 0.0 1811 7 574.3076923076923 13
150 0.1 2233.0 0.0 2233 7 533.7857142857142 14
160 0.1 3968.0 0.0 3968 7 647.0666666666667 15
170 0.1 2085.0 0.0 3968 7 854.625 16
180 0.1 384.0 0.0 3968 7 927.0 17
190 0.1 26.0 0.0 3968 7 896.8333333333334 18
200 0.1 1621.0 0.0 3968 7 851.0 19
210 0.1 7266.0 0.0 7266 7 889.5 20
220 0.1 6731.0 0.0 7266 7 1193.142857142857 21
230 0.1 2264.0 0.0 7266 7 1444.8636363636363 22
240 0.1 224.0 0.0 7266 7 1480.4782608695652 23
250 0.1 31.0 0.0 7266 7 1428.125 24
260 0.1 12.0 0.0 7266 7 1372.24 25
270 0.1 10776.0 0.0 10776 7 1319.923076923077 26
280 0.1 19144.0 0.0 19144 7 1670.148148148148 27
290 0.1 11404.0 0.0 19144 7 2294.214285714286 28
300 0.1 3706.0 0.0 19144 7 2608.344827586207 29
310 0.1 378.0 0.0 19144 7 2644.9333333333334 30
312 0.1 59.0 0.0 19144 7 2571.8064516129034 31
