0 237.1953125 237.1953125
10 941.86875 1179.0640625
20 967.68984375 2146.75390625
30 6.06953125 2152.8234375
40 234.428125 2387.2515625
50 1347.26484375 3734.51640625
60 2224.6546875 5959.17109375
70 608.74609375 6567.9171875
80 50.7015625 6618.61875
90 1345.99140625 7964.61015625
100 4370.559375 12335.16953125
110 3201.61171875 15536.78125
120 520.43984375 16057.22109375
130 45.3171875 16102.53828125
140 3496.64453125 19599.1828125
150 9649.2875 29248.4703125
160 7160.61484375 36409.08515625
170 1319.04140625 37728.1265625
180 95.25234375 37823.37890625
190 2826.7765625 40650.15546875
200 17607.503125 58257.65859375
210 22904.446875 81162.10546875
220 7770.1859375 88932.29140625
230 466.2265625 89398.51796875
240 9.66796875 89408.1859375
250 7.14375 89415.3296875
260 26113.75625 115529.0859375
270 68425.06328125 183954.14921875
280 50919.08984375 234873.2390625
290 15654.96171875 250528.20078125
300 1355.9765625 251884.17734375
310 69.30625 251953.48359375
312 0 251953.48359375
