0 0.6 3435.126166666667 1662.1407281881416 6468.754 1796.257 0 0
10 2.2 3545.2518636363643 1764.5607949789528 7194.045 846.457 3435.126166666667 6
20 0.2 7026.268 4798.798000000001 11825.066 846.457 3521.6535000000003 28
30 0 0 0 11825.066 846.457 3755.2944666666667 30
40 0.4 1297.81675 692.704941575551 11825.066 529.291 3755.2944666666667 30
50 3 3762.7375333333334 1985.4499972734095 11825.066 529.291 3466.1794411764704 34
60 2.4 4641.253374999999 2280.3855584853745 11825.066 529.291 3605.191046875 64
70 0 0 0 11825.066 529.291 3887.7534999999993 88
80 0 0 0 11825.066 529.291 3887.7534999999993 88
90 3.1 2543.6265806451615 1441.1643492943315 11825.066 483.798 3887.7534999999993 88
100 7 3627.1915428571438 2069.805371679125 11825.066 479.348 3537.6027899159662 119
110 1.9 6736.916789473684 3446.9526212525075 14602.585 479.348 3570.7838095238094 189
120 0 0 0 14602.585 479.348 3859.9978798076922 208
130 0 0 0 14602.585 479.348 3859.9978798076922 208
140 5.5 2887.855545454546 1692.5826251749752 14602.585 336.811 3859.9978798076922 208
150 15.3 3839.6802026143796 2297.9965777337197 14602.585 310.881 3656.698152091255 263
160 3.1 6869.534064516128 2608.7679788465584 14602.585 310.881 3723.996838942308 416
170 0.1 14192.812 0.0 14602.585 310.881 3942.143715883669 447
180 0 0 0 14602.585 310.881 3965.0246718749995 448
190 1.7 1481.6987647058822 751.4936564815067 14602.585 310.881 3965.0246718749995 448
200 23.2 3230.2599224137953 1976.664372287253 14602.585 310.881 3874.2364129032253 465
210 19.7 4590.982289340103 2405.029085693408 14602.585 310.881 3659.8855581061694 697
220 0.8 10227.267000000002 2731.5393837327333 16451.318 310.881 3865.060117449665 894
230 0 0 0 16451.318 310.881 3921.487672949003 902
240 0 0 0 16451.318 310.881 3921.487672949003 902
250 0 0 0 16451.318 310.881 3921.487672949003 902
260 18.3 2411.883038251366 1312.4648650970476 16451.318 288.175 3921.487672949003 902
270 60.7 3859.2925799011537 2342.507287875732 16451.318 205.107 3666.8723290322587 1085
280 16.7 6451.0250898203585 2967.2886594647102 16451.318 205.107 3735.902525413712 1692
290 0.3 7739.617000000001 2614.7429009527236 16451.318 205.107 3979.810792361485 1859
300 0 0 0 16451.318 205.107 3985.8684822771215 1862
310 0 0 0 16451.318 205.107 3985.8684822771215 1862
312 0 0 0 16451.318 205.107 3985.8684822771215 1862
