0 0.1 46.845 0 46.845 46.845 0 0
10 0.2 9.198 0.022999999999999687 46.845 9.175 46.845 1
20 0 0 0 46.845 9.175 21.747 3
30 0 0 0 46.845 9.175 21.747 3
40 0 0 0 46.845 9.175 21.747 3
50 0.2 9.721 0.15300000000000047 46.845 9.175 21.747 3
60 0.3 8.533666666666667 1.1877655024830824 46.845 6.856 16.9366 5
70 0.1 10.077 0.0 46.845 6.856 13.785499999999999 8
80 0 0 0 46.845 6.856 13.373444444444443 9
90 0.1 8.429 0.0 46.845 6.856 13.373444444444443 9
100 0.6 8.1135 0.831988130924955 46.845 6.553 12.879 10
110 0.4 7.76625 0.24096200426623263 46.845 6.553 11.0919375 16
120 0.1 11.743 0.0 46.845 6.553 10.4268 20
130 0 0 0 46.845 6.553 10.489476190476191 21
140 0 0 0 46.845 6.553 10.489476190476191 21
150 1.1 7.533727272727273 0.772170976228015 46.845 5.869 10.489476190476191 21
160 1 9.476400000000002 4.764851124641776 46.845 5.869 9.473437500000001 32
170 0.2 7.615 0.5970000000000002 46.845 5.869 9.474142857142859 42
180 0 0 0 46.845 5.869 9.389636363636365 44
190 0 0 0 46.845 5.869 9.389636363636365 44
200 1.5 9.657266666666665 5.378380220433988 46.845 5.234 9.389636363636365 44
210 3.1 10.234870967741934 5.003927191535604 46.845 5.234 9.457677966101695 59
220 0.6 7.480333333333333 0.551538353657799 46.845 5.234 9.725377777777778 90
230 0 0 0 46.845 5.234 9.5850625 96
240 0 0 0 46.845 5.234 9.5850625 96
250 0 0 0 46.845 5.234 9.5850625 96
260 0.4 8.434249999999999 2.1744511232722616 46.845 5.234 9.5850625 96
270 5.2 13.659653846153851 18.199026270321983 135.807 5.234 9.539029999999999 100
280 4.1 13.992390243902438 4.817896934565947 135.807 5.234 10.948717105263158 152
290 0.4 8.22 1.6094565853107068 135.807 5.234 11.595300518134716 193
300 0 0 0 135.807 5.234 11.52676649746193 197
310 0 0 0 135.807 5.234 11.52676649746193 197
312 0 0 0 135.807 5.234 11.52676649746193 197
