10 0.3 20.047666666666668 7.362636861584005 27.699 10.106 0 0
20 0 0 0 27.699 10.106 20.047666666666668 3
30 0.1 12.143 0.0 27.699 10.106 20.047666666666668 3
40 0 0 0 27.699 10.106 18.0715 4
50 0.4 11.32575 3.0936924843138502 27.699 9.508 18.0715 4
60 0.1 7.827 0.0 27.699 7.827 14.698625 8
70 0 0 0 27.699 7.827 13.93511111111111 9
80 0 0 0 27.699 7.827 13.93511111111111 9
90 0.3 8.500666666666666 0.35781217916045777 27.699 7.827 13.93511111111111 9
100 1.3 8.824846153846154 0.7091899871471833 27.699 7.827 12.576500000000001 12
110 0.7 14.077285714285713 12.484246435457148 44.581 7.6 10.62564 25
120 0 0 0 44.581 7.6 11.3806875 32
130 0 0 0 44.581 7.6 11.3806875 32
140 0.3 7.822 0.5620984492654886 44.581 7.12 11.3806875 32
150 3.2 10.59528125 5.660064466474604 44.581 6.365 11.075657142857144 35
160 1.1 8.017545454545454 0.8662148970861012 44.581 6.365 10.846223880597016 67
170 0.2 7.729 0.4089999999999998 44.581 6.365 10.447307692307694 78
180 0 0 0 44.581 6.365 10.37935 80
190 0.1 8.171 0.0 44.581 6.365 10.37935 80
200 2.2 9.837227272727274 4.466430677151684 44.581 6.253 10.352086419753087 81
210 6.2 10.418403225806452 9.849244741733767 81.616 6.253 10.24211650485437 103
220 1 8.057199999999998 1.2670796186506987 81.616 6.253 10.308357575757576 165
230 0 0 0 81.616 6.253 10.17972 175
240 0 0 0 81.616 6.253 10.17972 175
250 0 0 0 81.616 6.253 10.17972 175
260 0.5 9.9088 4.714454131710267 81.616 6.253 10.17972 175
270 10.8 13.203777777777786 9.347409782169734 81.616 6.253 10.172194444444445 180
280 6.5 17.049661538461542 19.430909102828068 152.932 6.253 11.309038194444447 288
290 1.8 12.245333333333333 8.675130155924016 152.932 6.253 12.366093484419265 353
300 0 0 0 152.932 6.253 12.360234501347712 371
310 0 0 0 152.932 6.253 12.360234501347712 371
312 0 0 0 152.932 6.253 12.360234501347712 371
