10 0.5 701.1062 70.7351843862727 829.201 625.469 0 0
20 0.3 659.4743333333334 19.543953546358598 829.201 625.469 701.1062 5
30 0 0 0 829.201 625.469 685.49425 8
40 0 0 0 829.201 625.469 685.49425 8
50 0.6 670.6920000000001 34.667815646023456 829.201 625.469 685.49425 8
60 0.9 691.7478888888888 43.79615970085974 829.201 621.891 679.1504285714285 14
70 0.2 641.2565 5.6214999999999975 829.201 621.891 684.0798695652173 23
80 0 0 0 829.201 621.891 680.654 25
90 0.2 660.364 20.57099999999994 829.201 621.891 680.654 25
100 2.4 680.6129166666668 38.83906753077011 829.201 621.891 679.151037037037 27
110 1.2 701.8255833333334 38.839729211762744 829.201 621.891 679.8389803921568 51
120 0 0 0 829.201 621.891 684.0269047619048 63
130 0 0 0 829.201 621.891 684.0269047619048 63
140 0.7 697.8782857142858 36.8786727050988 829.201 621.891 684.0269047619048 63
150 2.8 779.7512857142858 70.68563308099618 909.168 621.891 685.4120428571429 70
160 3.3 900.4449999999999 64.30613917249833 1062.525 621.891 712.366112244898 98
170 0.2 772.925 127.059 1062.525 621.891 759.7447633587786 131
180 0 0 0 1062.525 621.891 759.9429624060151 133
190 0 0 0 1062.525 621.891 759.9429624060151 133
200 3.3 880.3896060606063 166.047728657271 1406.936 621.209 759.9429624060151 133
210 6.9 1090.5207536231887 108.81003313186099 1528.777 621.209 783.8871746987952 166
220 0.9 1056.8762222222224 77.55712235762145 1528.777 621.209 873.9200127659576 235
230 0.1 801.951 0.0 1528.777 621.209 880.6683975409837 244
240 0 0 0 1528.777 621.209 880.3471020408165 245
250 0 0 0 1528.777 621.209 880.3471020408165 245
260 1.6 879.7338749999999 141.39126088573997 1528.777 621.209 880.3471020408165 245
270 12.5 1496.567344 296.86004791750895 2407.858 621.209 880.3095095785442 261
280 12.1 2452.62573553719 306.9364910683775 3868.248 621.209 1079.8748704663215 386
290 1.7 1979.8386470588239 224.19705475211424 3868.248 621.209 1407.4939132149902 507
300 0 0 0 3868.248 621.209 1426.0623492366415 524
310 0 0 0 3868.248 621.209 1426.0623492366415 524
312 0 0 0 3868.248 621.209 1426.0623492366415 524
