10 0.9 256.4698888888889 27.69692678677725 297.119 209.774 0 0
20 0.4 270.95450000000005 21.27395119036425 300.576 209.774 256.4698888888889 9
30 0 0 0 300.576 209.774 260.9266923076923 13
40 0 0 0 300.576 209.774 260.9266923076923 13
50 0.6 246.57433333333336 32.348000209526965 310.56 209.774 260.9266923076923 13
60 1.6 226.46037499999997 22.69034027916671 310.56 197.145 256.3943684210526 19
70 0.3 248.37133333333335 22.535230940808123 310.56 197.145 242.7102571428571 35
80 0 0 0 310.56 197.145 243.15718421052625 38
90 0.4 233.4245 27.87586369513955 310.56 197.145 243.15718421052625 38
100 1.6 224.55168749999999 37.650637180396345 344.83 196.133 242.23026190476187 42
110 1.2 215.87816666666666 15.022705580960512 344.83 196.133 237.3534137931034 58
120 0.2 256.4315 5.960499999999982 344.83 196.133 233.67194285714282 70
130 0 0 0 344.83 196.133 234.30415277777774 72
140 0.6 215.68099999999995 17.44056692503619 344.83 189.35 234.30415277777774 72
150 4.1 212.93953658536586 26.945648059043453 344.83 189.35 232.87160256410252 78
160 2.5 220.13907999999995 14.983996377255298 344.83 189.35 226.00425210084032 119
170 0.1 224.243 0.0 344.83 189.35 224.98599305555553 144
180 0.1 229.429 0.0 344.83 189.35 224.9808689655172 145
190 0 0 0 344.83 189.35 225.0113356164383 146
200 3.8 237.2666842105263 44.31138815789035 364.909 188.256 225.0113356164383 146
210 8.2 253.2195121951219 78.94271419389273 648.158 188.256 227.54233152173907 184
220 2.9 242.91213793103447 54.894970224165434 648.158 187.808 235.4578533834586 266
230 0 0 0 648.158 187.808 236.1906474576271 295
240 0 0 0 648.158 187.808 236.1906474576271 295
250 0 0 0 648.158 187.808 236.1906474576271 295
260 1 354.5783 153.54043801686254 665.187 187.808 236.1906474576271 295
270 13 461.16165384615385 266.3536440012012 1643.369 187.808 240.07220983606555 305
280 12.3 685.9954715447155 372.16198768683165 3703.159 187.808 306.1449172413793 435
290 2 331.8773500000001 81.08442532032586 3703.159 187.808 389.8754157706094 558
300 0.1 236.082 0.0 3703.159 187.808 387.8685622837371 578
310 0 0 0 3703.159 187.808 387.6064093264249 579
312 0 0 0 3703.159 187.808 387.6064093264249 579
