0 1.4 137.91064285714288 76.9136000398287 342.708 58.832 0 0
10 0.6 97.94850000000001 20.62417826039784 342.708 58.832 137.91064285714288 14
20 0 0 0 342.708 58.832 125.92200000000003 20
30 0 0 0 342.708 58.832 125.92200000000003 20
40 1.3 71.75792307692306 8.520568665218194 342.708 58.463 125.92200000000003 20
50 2 72.6856 20.267488039715236 342.708 56.37 104.58463636363638 33
60 0.3 101.20800000000001 63.12446787630504 342.708 55.511 92.54726415094342 53
70 0 0 0 342.708 55.511 93.01123214285715 56
80 0 0 0 342.708 55.511 93.01123214285715 56
90 4 69.018375 20.81274587204617 342.708 51.529 93.01123214285715 56
100 2.9 62.204758620689674 7.1604293150773275 342.708 51.232 83.01420833333334 96
110 0 0 0 342.708 51.232 78.18641600000001 125
120 0 0 0 342.708 51.232 78.18641600000001 125
130 0 0 0 342.708 51.232 78.18641600000001 125
140 8.5 80.36192941176473 10.668269350564508 342.708 51.232 78.18641600000001 125
150 6 77.70891666666665 16.781289824575136 342.708 51.232 79.06698095238099 210
160 0 0 0 342.708 51.232 78.76518888888891 270
170 0 0 0 342.708 51.232 78.76518888888891 270
180 0 0 0 342.708 51.232 78.76518888888891 270
190 7.5 135.3377733333333 28.59299103280305 342.708 51.232 78.76518888888891 270
200 19.1 129.53714659685858 37.2918211152753 342.708 51.232 91.0635768115942 345
210 3 157.6905 50.056225848373074 342.708 51.232 104.77337499999997 536
220 0 0 0 342.708 51.232 107.57816961130739 566
230 0 0 0 342.708 51.232 107.57816961130739 566
240 0 0 0 342.708 51.232 107.57816961130739 566
250 0 0 0 342.708 51.232 107.57816961130739 566
260 30.6 222.04979738562082 60.769252582825885 631.98 51.232 107.57816961130739 566
270 27.5 363.9347636363638 199.66727748886862 1349.037 51.232 147.74825917431187 872
280 0 0 0 1349.037 51.232 199.58024585876197 1147
290 0 0 0 1349.037 51.232 199.58024585876197 1147
300 0 0 0 1349.037 51.232 199.58024585876197 1147
310 0 0 0 1349.037 51.232 199.58024585876197 1147
312 0 0 0 1349.037 51.232 199.58024585876197 1147
