10 0.9 37.07755555555556 17.691286964750073 62.526 13.735 0 0
20 0.4 28.84375 18.339294020967657 62.526 11.185 37.07755555555556 9
30 0 0 0 62.526 11.185 34.54407692307693 13
40 0 0 0 62.526 11.185 34.54407692307693 13
50 0.6 19.080166666666667 7.94566517913314 62.526 11.185 34.54407692307693 13
60 1.6 15.794437500000004 8.768165678811833 62.526 9.463 29.66073684210527 19
70 0.2 12.3995 0.40049999999999963 62.526 9.463 23.321857142857144 35
80 0.1 12.348 0.0 62.526 9.463 22.73145945945946 37
90 0.3 10.215666666666667 0.31629135654048807 62.526 9.463 22.458210526315792 38
100 1.3 10.974461538461536 1.9675679097022145 62.526 8.002 21.562414634146347 41
110 1.6 11.684375000000001 3.6444179897996056 62.526 8.002 19.013462962962965 54
120 0.2 12.959 1.3570000000000007 62.526 8.002 17.33824285714286 70
130 0 0 0 62.526 8.002 17.216597222222223 72
140 0.6 12.641833333333333 5.697900093211728 62.526 8.002 17.216597222222223 72
150 3.1 10.858322580645158 3.5497025898780437 62.526 8.002 16.864692307692305 78
160 3.5 11.845628571428572 5.139044075010251 62.526 8.002 15.15645871559633 109
170 0.1 12.74 0.0 62.526 8.002 14.351743055555554 144
180 0.1 14.629 0.0 62.526 8.002 14.340627586206894 145
190 0 0 0 62.526 8.002 14.342602739726024 146
200 2.3 11.950652173913046 4.365481183784157 62.526 8.002 14.342602739726024 146
210 7.8 13.22102564102564 14.013290615381433 130.177 7.987 14.017071005917158 169
220 4.8 10.982312499999999 3.686137811428616 130.177 7.987 13.765688259109313 247
230 0 0 0 130.177 7.987 13.3128 295
240 0 0 0 130.177 7.987 13.3128 295
250 0 0 0 130.177 7.987 13.3128 295
260 0.4 47.34 62.260688331402186 155.168 7.987 13.3128 295
270 9.9 24.598070707070704 29.136155349506147 177.551 7.987 13.76801337792642 299
280 14 20.102807142857134 11.276406208094363 177.551 7.987 16.461922110552763 398
290 4 13.726325 6.743417443653848 177.551 7.978 17.409364312267652 538
300 0.1 10.364 0.0 177.551 7.978 17.15448269896193 578
310 0 0 0 177.551 7.978 17.142754749568212 579
312 0 0 0 177.551 7.978 17.142754749568212 579
