10 0.2 34.0645 5.5575 39.622 28.507 0 0
20 0.1 43.165 0.0 43.165 28.507 34.0645 2
30 0.1 11.034 0.0 43.165 11.034 37.098000000000006 3
40 0 0 0 43.165 11.034 30.582000000000004 4
50 0.2 9.6795 1.5545000000000004 43.165 8.125 30.582000000000004 4
60 0.3 8.539 0.9027856888542263 43.165 7.783 23.614500000000003 6
70 0 0 0 43.165 7.783 18.589333333333332 9
80 0 0 0 43.165 7.783 18.589333333333332 9
90 0.3 8.944333333333333 3.310513790268144 43.165 6.369 18.589333333333332 9
100 0.9 7.792222222222222 0.568469050809624 43.165 6.369 16.178083333333333 12
110 1.1 12.490090909090908 8.971149571158602 43.165 6.369 12.584142857142856 21
120 0 0 0 43.165 6.369 12.5518125 32
130 0 0 0 43.165 6.369 12.5518125 32
140 0.1 6.907 0.0 43.165 6.369 12.5518125 32
150 2.6 10.08438461538461 7.988869738468944 43.165 6.363 12.380757575757576 33
160 1.6 8.683812499999998 1.677285277567221 43.165 6.363 11.36879661016949 59
170 0.5 8.7574 1.2347630703904289 43.165 6.363 10.795999999999998 75
180 0 0 0 43.165 6.363 10.668587499999997 80
190 0 0 0 43.165 6.363 10.668587499999997 80
200 1.9 8.08778947368421 1.158122781371346 43.165 6.171 10.668587499999997 80
210 5.8 8.521172413793101 2.7345699222964943 43.165 5.973 10.173282828282828 99
220 1.5 8.203933333333332 1.2423200589577907 43.165 5.973 9.562949044585986 157
230 0.3 11.582999999999998 4.42310328464831 43.165 5.973 9.444430232558139 172
240 0 0 0 43.165 5.973 9.481091428571428 175
250 0 0 0 43.165 5.973 9.481091428571428 175
260 0.1 13.16 0.0 43.165 5.973 9.481091428571428 175
270 8.2 14.613158536585368 11.555848620007303 78.79 5.973 9.501994318181818 176
280 8.7 17.80011494252874 15.987929135937327 136.328 5.973 11.126472868217055 258
290 2.5 9.834760000000001 3.2024261962455904 136.328 5.973 12.809391304347828 345
300 0.1 8.44 0.0 136.328 5.973 12.608402702702703 370
310 0 0 0 136.328 5.973 12.597167115902964 371
312 0 0 0 136.328 5.973 12.597167115902964 371
