10 0.3 144.92666666666665 29.607964855573734 186.619 120.725 0 0
20 0 0 0 186.619 120.725 144.92666666666665 3
30 0 0 0 186.619 120.725 144.92666666666665 3
40 0 0 0 186.619 120.725 144.92666666666665 3
50 0.1 121.915 0.0 186.619 120.725 144.92666666666665 3
60 0.1 118.278 0.0 186.619 118.278 139.17374999999998 4
70 0.4 118.40575000000001 2.864197651612046 186.619 115.369 134.9946 5
80 0 0 0 186.619 115.369 127.62177777777778 9
90 0.1 124.246 0.0 186.619 115.369 127.62177777777778 9
100 0.1 121.478 0.0 186.619 115.369 127.28420000000001 10
110 0.8 122.665875 3.9452606199559264 186.619 115.369 126.75636363636364 11
120 0.2 116.783 0.17600000000000193 186.619 115.369 125.03405263157894 19
130 0 0 0 186.619 115.369 124.24823809523808 21
140 0 0 0 186.619 115.369 124.24823809523808 21
150 0.6 125.18516666666666 1.982901192417028 186.619 115.369 124.24823809523808 21
160 1.3 126.3176153846154 7.34261981687381 186.619 115.369 124.45644444444443 27
170 0.3 121.13400000000001 3.92689903104218 186.619 115.369 125.06132499999998 40
180 0.1 117.197 0.0 186.619 115.369 124.78732558139534 43
190 0 0 0 186.619 115.369 124.61481818181818 44
200 1 126.7186 3.06502806512437 186.619 115.369 124.61481818181818 44
210 2.4 127.40116666666667 4.642059723034832 186.619 115.369 125.0044074074074 54
220 1.8 125.02205555555558 3.6469887193595514 186.619 115.369 125.7418717948718 78
230 0 0 0 186.619 115.369 125.60690625000001 96
240 0 0 0 186.619 115.369 125.60690625000001 96
250 0 0 0 186.619 115.369 125.60690625000001 96
260 0 0 0 186.619 115.369 125.60690625000001 96
270 3.5 140.37734285714293 26.518313528517126 286.501 115.369 125.60690625000001 96
280 4.5 135.00886666666668 6.350964289337835 286.501 115.369 129.55320610687028 131
290 2.1 127.88490476190475 4.59902595178756 286.501 115.369 130.94811931818185 176
300 0 0 0 286.501 115.369 130.6215837563452 197
310 0 0 0 286.501 115.369 130.6215837563452 197
312 0 0 0 286.501 115.369 130.6215837563452 197
