10 0.4 55.92925 22.883134208134603 94.843 36.337 0 0
20 0.8 57.696124999999995 27.044141488673198 100.382 23.747 55.92925 4
30 0.1 25.249 0.0 100.382 23.747 57.107166666666664 12
40 0 0 0 100.382 23.747 54.65653846153846 13
50 0.3 27.22133333333333 3.3599415008135045 100.382 23.747 54.65653846153846 13
60 1.2 31.225749999999994 11.704241027116339 100.382 20.834 49.5124375 16
70 0.8 27.453 8.376496791618798 100.382 20.834 41.675285714285714 28
80 0.1 49.478 0.0 100.382 20.834 38.51477777777777 36
90 0.2 28.59 6.745999999999999 100.382 20.834 38.81108108108108 37
100 0.9 31.52522222222222 7.4090045481874105 100.382 20.264 38.286923076923074 39
110 1.8 25.795222222222222 4.671236316907447 100.382 19.482 37.019104166666665 48
120 0.4 24.2055 0.9736247993965647 100.382 19.482 33.95804545454545 66
130 0.2 26.112499999999997 2.4365000000000014 100.382 19.482 33.40075714285714 70
140 0.1 22.377 0.0 100.382 19.482 33.19830555555555 72
150 1.8 28.614944444444443 6.685879701714835 100.382 19.482 33.050068493150675 73
160 4.1 28.887341463414643 8.497959731060146 100.382 19.482 32.1727912087912 91
170 1.2 22.688416666666665 1.7666615153226783 100.382 19.482 31.152310606060603 132
180 0.2 27.1325 0.3805000000000014 100.382 19.482 30.446986111111112 144
190 0 0 0 100.382 19.482 30.401582191780825 146
200 1.1 28.277545454545454 4.8340258652716885 100.382 19.482 30.401582191780825 146
210 5.6 30.766910714285718 8.073680520849358 100.382 19.482 30.25276433121019 157
220 6.7 26.871895522388062 5.606274148211567 100.382 19.482 30.38793896713615 213
230 1.4 24.096571428571426 2.1891941672772712 100.382 19.482 29.5466 280
240 0.1 29.191 0.0 100.382 19.482 29.287074829931978 294
250 0 0 0 100.382 19.482 29.28674915254238 295
260 0.1 24.459 0.0 100.382 19.482 29.28674915254238 295
270 4.7 51.385191489361695 33.425226204704614 212.753 19.482 29.270439189189197 296
280 14.4 69.91996527777775 32.99371525053698 328.892 19.482 32.30074052478135 343
290 8.2 35.667865853658554 11.253425389373673 328.892 19.482 43.42428952772073 487
300 1 27.740399999999994 5.732823234672425 328.892 19.482 42.3064920913884 569
310 0 0 0 328.892 19.482 42.05491882556131 579
312 0 0 0 328.892 19.482 42.05491882556131 579
