0 2.6 26
10 7.9 105
20 5.1 156
30 0.8 164
40 2.5 189
50 12 309
60 9.9 408
70 4 448
80 1 458
90 4.1 499
100 27.6 775
110 23.4 1009
120 8.7 1096
130 1.1 1107
140 8.7 1194
150 46.3 1657
160 49 2147
170 16.3 2310
180 2.2 2332
190 14.2 2474
200 100 3474
210 98.1 4455
220 33.2 4787
230 5.4 4841
240 32.6 5167
250 181.2 6979
260 194 8919
270 63.6 9555
280 10.1 9656
290 1.4 9670
300 206.4 11734
310 447.4 16208
320 263.1 18839
330 65.3 19492
340 9.4 19586
350 0.8 19594
360 0 19594
370 126.7 20861
380 750.8 28369
390 785.2 36221
400 278.1 39002
410 40.4 39406
420 5.3 39459
430 0.4 39463
440 0 39463
450 818.4 47647
460 1061.4 58261
470 1022.4 68485
480 899.4 77479
490 154.6 79025
500 15.8 79183
510 1.1 79194
517 0.3 79197
