0 13 13
10 23 10
20 5 -18
30 1 -4
40 15 14
50 46 31
60 27 -19
70 8 -19
80 1 -7
90 30 29
100 103 73
110 52 -51
120 10 -42
130 1 -9
140 60 59
150 180 120
160 104 -76
170 17 -87
180 2 -15
190 100 98
200 378 278
210 204 -174
220 43 -161
230 1 -42
240 224 223
250 721 497
260 383 -338
270 84 -299
280 9 -75
290 0 -9
300 999 999
310 1346 347
320 471 -875
330 73 -398
340 7 -66
350 0 -7
360 0 0
370 884 884
380 2911 2027
390 1660 -1251
400 324 -1336
410 47 -277
420 3 -44
430 0 -3
440 0 0
450 3823 3823
460 6343 2520
470 5438 -905
480 1347 -4091
490 139 -1208
500 11 -128
510 3 -8
517 0 -3
