0 1.3 3.1896923076923085 7.036241953514842 27.562 0.974 0 0
10 1.7 1.155 0.16454786537661314 27.562 0.87 3.1896923076923085 13
20 0 0 0 27.562 0.87 2.0367000000000006 30
30 0 0 0 27.562 0.87 2.0367000000000006 30
40 1.5 1.0501333333333334 0.10734298093287499 27.562 0.825 2.0367000000000006 30
50 3.7 1.0581351351351351 0.13452803629469237 27.562 0.779 1.707844444444445 45
60 0.3 11.712000000000002 15.04798327573056 32.993 0.779 1.4146829268292684 82
70 0 0 0 32.993 0.779 1.7781176470588238 85
80 0 0 0 32.993 0.779 1.7781176470588238 85
90 3 1.3212 0.7565393754899122 32.993 0.779 1.7781176470588238 85
100 9 1.0819777777777781 0.3541619835855959 32.993 0.762 1.658921739130435 115
110 0 0 0 32.993 0.762 1.4056292682926832 205
120 0 0 0 32.993 0.762 1.4056292682926832 205
130 0 0 0 32.993 0.762 1.4056292682926832 205
140 6 1.3644166666666666 1.5894826232841373 32.993 0.688 1.4056292682926832 205
150 14.4 1.151305555555556 0.7582236667751968 32.993 0.651 1.3962981132075474 265
160 2.3 0.8678260869565217 0.13505832948377883 32.993 0.642 1.3100415647921764 409
170 0 0 0 32.993 0.642 1.2864976851851855 432
180 0 0 0 32.993 0.642 1.2864976851851855 432
190 10 1.0467700000000004 0.21285285316387 32.993 0.642 1.2864976851851855 432
200 32.3 1.0660743034055717 1.9041548332932183 32.993 0.565 1.2414360902255643 532
210 4.1 0.7982682926829268 0.10468256881715429 32.993 0.54 1.1751883040935671 855
220 0 0 0 32.993 0.54 1.1579408482142857 896
230 0 0 0 32.993 0.54 1.1579408482142857 896
240 22.4 0.9506830357142856 0.3109146680097959 32.993 0.54 1.1579408482142857 896
250 57.7 0.8727019064124788 0.747325526930938 32.993 0.473 1.1164892857142856 1120
260 9.5 0.8639368421052636 0.5882863930277552 32.993 0.473 1.0335987035945786 1697
270 0 0 0 32.993 0.473 1.0246043526785713 1792
280 0 0 0 32.993 0.473 1.0246043526785713 1792
290 0 0 0 32.993 0.473 1.0246043526785713 1792
300 101.9 0.8950363101079479 1.0390303755669792 32.993 0.473 1.0246043526785713 1792
310 80.9 0.744517923362175 0.4766537485767591 32.993 0.473 0.9776353610814653 2811
320 0 0 0 32.993 0.473 0.9255381215469609 3620
330 0 0 0 32.993 0.473 0.9255381215469609 3620
340 0 0 0 32.993 0.473 0.9255381215469609 3620
350 0 0 0 32.993 0.473 0.9255381215469609 3620
360 0 0 0 32.993 0.473 0.9255381215469609 3620
370 88.4 0.8118110859728512 0.5043931946948499 32.993 0.472 0.9255381215469609 3620
380 249.9 0.7374097639055609 0.624961717723696 32.993 0.379 0.9032169182948488 4504
390 72 0.6849875000000002 0.5269405681324508 32.993 0.379 0.8440491218049401 7003
400 0.7 0.8168571428571427 0.11005379018777085 32.993 0.379 0.8292201217143591 7723
410 0 0 0 32.993 0.379 0.8292089262613189 7730
420 0 0 0 32.993 0.379 0.8292089262613189 7730
430 0 0 0 32.993 0.379 0.8292089262613189 7730
440 0 0 0 32.993 0.379 0.8292089262613189 7730
450 456.2 0.7035418676019299 0.5255233049849101 32.993 0.362 0.8292089262613189 7730
460 798.4 0.6270240480961918 0.6042960121193692 32.993 0.328 0.7825693947282786 12292
470 115.6 0.7069100346020752 0.529597959613368 32.993 0.328 0.7213209212862496 20276
480 6.1 0.9159016393442623 0.8921258219155302 32.993 0.328 0.7205436263531166 21432
490 1 0.8413 0.12795471855308815 32.993 0.328 0.7210980784441444 21493
500 0 0 0 32.993 0.328 0.7211539785146257 21503
510 0 0 0 32.993 0.328 0.7211539785146257 21503
517 0 0 0 32.993 0.328 0.7211539785146257 21503
