0 0.1 0.07483019507200048 0 0.07483019507200048 0.07483019507200048 0 0
10 0.1 0.010410810585712204 0.0 0.07483019507200048 0.010410810585712204 0.07483019507200048 1
20 0.1 0.023940627244433802 0.0 0.07483019507200048 0.010410810585712204 0.04262050282885634 2
30 0.1 0.012492062335391053 0.0 0.07483019507200048 0.010410810585712204 0.036393877634048825 3
40 0.1 0.007286884648616012 0.0 0.07483019507200048 0.007286884648616012 0.03041842380938438 4
50 0.1 0.0041641508255429015 0.0 0.07483019507200048 0.0041641508255429015 0.025792115977230707 5
60 0.1 0.02290330640459732 0.0 0.07483019507200048 0.0041641508255429015 0.02218745511861607 6
70 0.1 0.016656950112434413 0.0 0.07483019507200048 0.0041641508255429015 0.022289719588041962 7
80 0.1 0.0041638907395069955 0.0 0.07483019507200048 0.0041638907395069955 0.02158562340359102 8
90 0.1 0.0010412111367943191 0.0 0.07483019507200048 0.0010412111367943191 0.019649875329803904 9
100 0.1 0.01249284264223622 0.0 0.07483019507200048 0.0010412111367943191 0.017789008910502942 10
110 0.1 0.06976623106159213 0.0 0.07483019507200048 0.0010412111367943191 0.01730753924975142 11
120 0.1 0.04893947124545748 0.0 0.07483019507200048 0.0010412111367943191 0.02167909690073815 12
130 0.1 0.012490632025980514 0.0 0.07483019507200048 0.0010412111367943191 0.02377604877340887 13
140 0.1 0.001041124414367517 0.0 0.07483019507200048 0.001041124414367517 0.022969947577163984 14
150 0.1 0.017698930776358396 0.0 0.07483019507200048 0.001041124414367517 0.021508026032977554 15
160 0.1 0.13017850076024245 0.0 0.13017850076024245 0.001041124414367517 0.021269957579438857 16
170 0.1 0.1312294953913451 0.0 0.1312294953913451 0.001041124414367517 0.027676342472427305 17
180 0.1 0.04476834981780323 0.0 0.1312294953913451 0.001041124414367517 0.03342929541236718 18
190 0.1 0.006246031167695527 0.0 0.1312294953913451 0.001041124414367517 0.03402608774949539 19
200 0.1 0.02602648455067877 0.0 0.1312294953913451 0.001041124414367517 0.0326370849204054 20
210 0.1 0.37176269668537626 0.0 0.37176269668537626 0.001041124414367517 0.032322294426608895 21
220 0.1 0.4112612706411511 0.0 0.4112612706411511 0.001041124414367517 0.04775140362018923 22
230 0.1 0.15825420623021821 0.0 0.4112612706411511 0.001041124414367517 0.06355618044718757 23
240 0.1 0.022906406505419447 0.0 0.4112612706411511 0.001041124414367517 0.06750193152148051 24
250 0.1 0.14681535626151876 0.0 0.4112612706411511 0.001041124414367517 0.06571811052083806 25
260 0.1 0.7163756390632973 0.0 0.7163756390632973 0.001041124414367517 0.06883723535701808 26
270 0.1 0.7601316173101754 0.0 0.7601316173101754 0.001041124414367517 0.09282013919799138 27
280 0.1 0.2124645892351275 0.0 0.7601316173101754 0.001041124414367517 0.11665269198771223 28
290 0.1 0.08536242595850553 0.0 0.7601316173101754 0.001041124414367517 0.11995655051348518 29
300 0.1 0.03019229367731726 0.0 0.7601316173101754 0.001041124414367517 0.11880341302831919 30
310 0.1 0.8258524088229781 0.0 0.8258524088229781 0.001041124414367517 0.11594498982344817 31
320 0.1 2.0863017545319344 0.0 2.0863017545319344 0.001041124414367517 0.13812959666718347 32
330 0.1 1.282104649710694 0.0 2.0863017545319344 0.001041124414367517 0.19716511660247896 33
340 0.1 0.2561112730604256 0.0 2.0863017545319344 0.001041124414367517 0.22907510287036761 34
350 0.1 0.05100447590298741 0.0 2.0863017545319344 0.001041124414367517 0.22984756487579788 35
360 0.1 0.0072862020151553 0.0 2.0863017545319344 0.001041124414367517 0.2248797012932198 36
370 0.1 0.0031231131191571757 0.0 2.0863017545319344 0.001041124414367517 0.21899879590732615 37
380 0.1 0.5122172134134281 0.0 2.0863017545319344 0.001041124414367517 0.21331785688658486 38
390 0.1 2.7922084682414914 0.0 2.7922084682414914 0.001041124414367517 0.22098194295137574 39
400 0.1 3.663217015965469 0.0 3.663217015965469 0.001041124414367517 0.28526260608362863 40
410 0.1 1.1875026018900128 0.0 3.663217015965469 0.001041124414367517 0.36765173803196616 41
420 0.1 0.14575590051118678 0.0 3.663217015965469 0.001041124414367517 0.38717199669525304 42
430 0.1 0.022900683897696398 0.0 3.663217015965469 0.001041124414367517 0.3815576688770189 43
440 0.1 0.0052055136800899515 0.0 3.663217015965469 0.001041124414367517 0.3734063737638525 44
450 0.1 0.008328908600639243 0.0 3.663217015965469 0.001041124414367517 0.36522413242865776 45
460 0.1 2.3975847170891678 0.0 3.663217015965469 0.001041124414367517 0.3574655406063095 46
470 0.1 4.773185379132639 0.0 4.773185379132639 0.001041124414367517 0.40087233159530644 47
480 0.1 5.317466921860698 0.0 5.317466921860698 0.001041124414367517 0.4919621867523342 48
490 0.1 4.473325494521503 0.0 5.317466921860698 0.001041124414367517 0.5904418752239335 49
500 0.1 0.6238023827376489 0.0 5.317466921860698 0.001041124414367517 0.6680995476098849 50
510 0.1 0.06975170475248554 0.0 5.317466921860698 0.001041124414367517 0.667230975749645 51
517 0.1 0.01353461738677772 0.0 5.317466921860698 0.001041124414367517 0.6557409897689304 52
