0 0.1 375576.0390625 0 375576.0390625 375576.0390625 0 0
10 0.1 375570.87890625 0.0 375576.0390625 375570.87890625 375576.0390625 1
20 0.1 375559.6875 0.0 375576.0390625 375559.6875 375573.458984375 2
30 0.1 375559.36328125 0.0 375576.0390625 375559.36328125 375568.8684895833 3
40 0.1 375560.7109375 0.0 375576.0390625 375559.36328125 375566.4921875 4
50 0.1 375564.96484375 0.0 375576.0390625 375559.36328125 375565.3359375 5
60 0.1 375552.31640625 0.0 375576.0390625 375552.31640625 375565.2740885417 6
70 0.1 375548.68359375 0.0 375576.0390625 375548.68359375 375563.4229910714 7
80 0.1 375556.33203125 0.0 375576.0390625 375548.68359375 375561.58056640625 8
90 0.1 375556.4609375 0.0 375576.0390625 375548.68359375 375560.9973958333 9
100 0.1 375554.640625 0.0 375576.0390625 375548.68359375 375560.54375 10
110 0.1 375522.52734375 0.0 375576.0390625 375522.52734375 375560.0071022727 11
120 0.1 375516.234375 0.0 375576.0390625 375516.234375 375556.8837890625 12
130 0.1 375535.4609375 0.0 375576.0390625 375516.234375 375553.7569110577 13
140 0.1 375539.76953125 0.0 375576.0390625 375516.234375 375552.4500558036 14
150 0.1 375540.66015625 0.0 375576.0390625 375516.234375 375551.6046875 15
160 0.1 375481.05859375 0.0 375576.0390625 375481.05859375 375550.9206542969 16
170 0.1 375465.55078125 0.0 375576.0390625 375465.55078125 375546.81112132355 17
180 0.1 375494.23828125 0.0 375576.0390625 375465.55078125 375542.2966579861 18
190 0.1 375526.98046875 0.0 375576.0390625 375465.55078125 375539.76726973685 19
200 0.1 375528.40625 0.0 375576.0390625 375465.55078125 375539.1279296875 20
210 0.1 375380.8203125 0.0 375576.0390625 375380.8203125 375538.6173735119 21
220 0.1 375347.4375 0.0 375576.0390625 375347.4375 375531.44477982953 22
230 0.1 375435.32421875 0.0 375576.0390625 375347.4375 375523.44446331525 23
240 0.1 375485.71484375 0.0 375576.0390625 375347.4375 375519.7727864583 24
250 0.1 375458.77734375 0.0 375576.0390625 375347.4375 375518.41046875 25
260 0.1 375205.875 0.0 375576.0390625 375205.875 375516.11688701925 26
270 0.1 375190.6484375 0.0 375576.0390625 375190.6484375 375504.62644675927 27
280 0.1 375334.734375 0.0 375576.0390625 375190.6484375 375493.4129464286 28
290 0.1 375421.453125 0.0 375576.0390625 375190.6484375 375487.9412715517 29
300 0.1 375434.90234375 0.0 375576.0390625 375190.6484375 375485.725 30
310 0.1 375100.75390625 0.0 375576.0390625 375100.75390625 375484.0855594758 31
320 0.1 374724.69140625 0.0 375576.0390625 374724.69140625 375472.1064453125 32
330 0.1 374820.07421875 0.0 375576.0390625 374724.69140625 375449.45750473486 33
340 0.1 375148.3984375 0.0 375576.0390625 374724.69140625 375430.94623161765 34
350 0.1 375283.8359375 0.0 375576.0390625 374724.69140625 375422.8734375 35
360 0.1 375315.109375 0.0 375576.0390625 374724.69140625 375419.01128472225 36
370 0.1 375316.3046875 0.0 375576.0390625 374724.69140625 375416.203125 37
380 0.1 375138.7421875 0.0 375576.0390625 374724.69140625 375413.57421875 38
390 0.1 374109.54296875 0.0 375576.0390625 374109.54296875 375406.52724358975 39
400 0.1 373942.2890625 0.0 375576.0390625 373942.2890625 375374.1026367188 40
410 0.1 374677.7109375 0.0 375576.0390625 373942.2890625 375339.18035442074 41
420 0.1 375070.26171875 0.0 375576.0390625 373942.2890625 375323.43108258926 42
430 0.1 375134.5859375 0.0 375576.0390625 373942.2890625 375317.5434229651 43
440 0.1 375149.25390625 0.0 375576.0390625 373942.2890625 375313.38529829547 44
450 0.1 375152.63671875 0.0 375576.0390625 373942.2890625 375309.7379340278 45
460 0.1 373987.98046875 0.0 375576.0390625 373942.2890625 375306.3226902174 46
470 0.1 372707.4453125 0.0 375576.0390625 372707.4453125 375278.2728557181 47
480 0.1 371538.484375 0.0 375576.0390625 371538.484375 375224.7139485677 48
490 0.1 372975.0 0.0 375576.0390625 371538.484375 375149.4847735969 49
500 0.1 374352.265625 0.0 375576.0390625 371538.484375 375105.995078125 50
510 0.1 374618.1640625 0.0 375576.0390625 371538.484375 375091.2160692402 51
517 0.1 374685.8046875 0.0 375576.0390625 371538.484375 375082.11891526444 52
