0 14.13984375 14.13984375
10 56.5265625 70.66640625
20 38.15234375 108.81875
30 5.596875 114.415625
40 8.97109375 123.38671875
50 75.6109375 198.99765625
60 81.13984375 280.1375
70 28.225 308.3625
80 5.20390625 313.56640625
90 13 326.56640625
100 190.91796875 517.484375
110 185.3328125 702.8171875
120 53.17421875 755.99140625
130 5.5546875 761.54609375
140 33.1921875 794.73828125
150 310.44140625 1105.1796875
160 380.83125 1486.0109375
170 110.7296875 1596.740625
180 13.8984375 1610.6390625
190 47.2828125 1657.921875
200 658.296875 2316.21875
210 762.58828125 3078.80703125
220 227.775 3306.58203125
230 31.75078125 3338.3328125
240 112.20234375 3450.53515625
250 1244.82734375 4695.3625
260 1492.73046875 6188.09296875
270 427.3875 6615.48046875
280 58.25 6673.73046875
290 8.01796875 6681.7484375
300 1115.7328125 7797.48125
310 3341.7671875 11139.2484375
320 1909.95625 13049.2046875
330 412.69453125 13461.89921875
340 59.68125 13521.58046875
350 5.159375 13526.73984375
360 0 13526.73984375
370 437.91875 13964.65859375
380 5070.865625 19035.52421875
390 6038.9375 25074.46171875
400 1868.78671875 26943.2484375
410 250.14453125 27193.39296875
420 33.39140625 27226.784375
430 2.98125 27229.765625
440 0 27229.765625
450 4572.59140625 31802.35703125
460 9257.171875 41059.52890625
470 7932.3890625 48991.91796875
480 5125.6171875 54117.53515625
490 953.03046875 55070.565625
500 90.48359375 55161.04921875
510 6.56953125 55167.61875
517 1.33515625 55168.95390625
