20 0.2 47.509 2.528999999999998 50.038 44.98 0 0
30 0 0 0 50.038 44.98 47.509 2
40 0 0 0 50.038 44.98 47.509 2
50 0.1 10.585 0.0 50.038 10.585 47.509 2
60 0.6 11.236166666666668 3.8488271554101017 50.038 8.386 35.201 3
70 0.1 12.238 0.0 50.038 8.386 19.224444444444444 9
80 0 0 0 50.038 8.386 18.525799999999997 10
90 0 0 0 50.038 8.386 18.525799999999997 10
100 0.4 8.27675 0.5765107869762717 50.038 7.58 18.525799999999997 10
110 0.3 7.691333333333333 0.9503632054231805 50.038 6.476 15.597499999999998 14
120 0.1 7.352 0.0 50.038 6.476 14.202294117647057 17
130 0 0 0 50.038 6.476 13.82172222222222 18
140 0 0 0 50.038 6.476 13.82172222222222 18
150 0.5 8.055200000000001 0.9422571623500674 50.038 6.476 13.82172222222222 18
160 1.2 8.261833333333334 0.8767016627995841 50.038 6.476 12.568130434782606 23
170 0.4 7.328749999999999 1.2253359488319926 50.038 5.471 11.091685714285713 35
180 0 0 0 50.038 5.471 10.705743589743589 39
190 0 0 0 50.038 5.471 10.705743589743589 39
200 1.1 8.137 1.1717857390247666 50.038 5.471 10.705743589743589 39
210 3.4 7.42879411764706 0.9902309231395819 50.038 5.471 10.14062 50
220 0.2 8.4725 0.0015000000000000568 50.038 5.471 9.04297619047619 84
230 0.1 9.414 0.0 50.038 5.471 9.029709302325582 86
240 0 0 0 50.038 5.471 9.03412643678161 87
250 2.7 7.742333333333335 2.5577714113252172 50.038 5.471 9.03412643678161 87
260 4.6 6.516717391304348 1.0159335108131806 50.038 5.383 8.728175438596493 114
270 0.9 6.434777777777779 0.39787736183619243 50.038 5.383 8.09238125 160
280 0.1 7.173 0.0 50.038 5.383 8.00410650887574 169
290 0 0 0 50.038 5.383 7.999217647058823 170
300 0.5 8.681600000000001 4.950965950195982 50.038 5.197 7.999217647058823 170
310 9 8.813622222222222 12.822204234649428 127.711 4.827 8.018714285714285 175
320 5.6 7.734571428571425 3.384081426626849 127.711 4.827 8.288683018867923 265
330 1.2 6.2485833333333325 0.5099067657152851 127.711 4.827 8.192015576323987 321
340 0.2 7.247999999999999 0.8580000000000003 127.711 4.827 8.121981981981982 333
350 0 0 0 127.711 4.827 8.116764179104477 335
360 0 0 0 127.711 4.827 8.116764179104477 335
370 0 0 0 127.711 4.827 8.116764179104477 335
380 9 9.229366666666667 5.8843032221325915 127.711 4.827 8.116764179104477 335
390 18.2 12.618065934065935 23.252269536306756 240.23 4.827 8.35237411764706 425
400 4.6 8.383478260869564 6.027831298449791 240.23 4.827 9.631378912685339 607
410 0.4 6.9384999999999994 1.2599139851593042 240.23 4.827 9.54347166921899 653
420 0 0 0 240.23 4.827 9.52761187214612 657
430 0 0 0 240.23 4.827 9.52761187214612 657
440 0 0 0 240.23 4.827 9.52761187214612 657
450 4.7 20.394446808510637 42.117322266830094 240.23 4.827 9.52761187214612 657
460 19.8 275.4052626262624 309.4663760748994 1658.515 0.441 10.253096590909092 704
470 34.2 340.6389093567245 436.0010646099259 3333.341 0.441 68.45723059866957 902
480 11.6 217.7732068965516 349.9477500095554 3333.341 0.441 143.28531270096443 1244
490 0.8 6.7620000000000005 0.7846926149773555 3333.341 0.441 149.6386919117645 1360
500 0 0 0 3333.341 0.441 148.80315570175418 1368
510 0 0 0 3333.341 0.441 148.80315570175418 1368
517 0 0 0 3333.341 0.441 148.80315570175418 1368
