10 0.5 47.28359999999999 21.882739157610047 69.127 11.004 0 0
20 0.3 22.724666666666668 9.85567333513489 69.127 11.004 47.28359999999999 5
30 0 0 0 69.127 11.004 38.074 8
40 0 0 0 69.127 11.004 38.074 8
50 0.3 12.369333333333332 0.8539407994052568 69.127 11.004 38.074 8
60 0.5 12.541799999999999 2.1119758900138987 69.127 10.546 31.063636363636363 11
70 0.6 14.607666666666667 1.1502991881342102 69.127 10.546 25.2755625 16
80 0.1 14.3 0.0 69.127 10.546 22.366136363636365 22
90 0 0 0 69.127 10.546 22.015434782608697 23
100 0.6 15.78416666666667 9.325029819731885 69.127 10.546 22.015434782608697 23
110 2.1 12.06904761904762 3.5400207757823283 69.127 8.945 20.726206896551727 29
120 1.1 13.716636363636361 4.923802231327243 69.127 8.945 17.090200000000003 50
130 0 0 0 69.127 8.945 16.481852459016395 61
140 0 0 0 69.127 8.945 16.481852459016395 61
150 1.1 13.886181818181818 8.345791806415557 69.127 8.945 16.481852459016395 61
160 4 12.075249999999999 3.184201012420542 69.127 8.945 16.085291666666667 72
170 1.4 12.580071428571427 3.3303473963855854 69.127 8.945 14.65313392857143 112
180 0.2 13.0735 0.8585000000000007 69.127 8.945 14.42279365079365 126
190 0 0 0 69.127 8.945 14.401710937499999 128
200 3.2 12.35884375 3.4033047643923897 69.127 8.945 14.401710937499999 128
210 8.9 12.274011235955058 3.12783516870221 69.127 8.857 13.9931375 160
220 2.5 13.15924 2.040063965271677 69.127 8.857 13.378670682730924 249
230 0.3 13.244333333333335 0.9576322653062381 69.127 8.857 13.358649635036498 274
240 0 0 0 69.127 8.857 13.357411552346573 277
250 4.7 16.32140425531914 8.035553673305758 69.127 8.857 13.357411552346573 277
260 13.2 16.285318181818166 5.247816848127192 69.127 8.857 13.787373456790124 324
270 7.6 18.12043421052632 6.116264598626238 69.127 8.857 14.510462719298243 456
280 0.3 19.188 4.295444796525733 69.127 8.857 15.026172932330825 532
290 0.1 19.094 0.0 69.127 8.857 15.04951028037383 535
300 1.7 20.17170588235294 6.046822478787135 69.127 8.857 15.057055970149253 536
310 23.8 25.389735294117653 15.348881733049504 139.329 8.857 15.214287522603978 553
320 24.4 26.32560655737705 11.119667709799172 139.329 8.857 18.27592667509482 791
330 5.4 24.17301851851852 5.08160867825498 139.329 8.857 20.17362898550725 1035
340 0.4 28.394750000000002 7.650574729227862 139.329 8.857 20.371945821854915 1089
350 0 0 0 139.329 8.857 20.401306495882896 1093
360 0 0 0 139.329 8.857 20.401306495882896 1093
370 0 0 0 139.329 8.857 20.401306495882896 1093
380 20.3 49.77820689655174 49.1720729655624 445.752 8.857 20.401306495882896 1093
390 63.2 54.422056962025266 39.63028603143643 445.752 8.857 25.002780864197536 1296
400 25.6 48.990304687500014 24.82827295316477 445.752 8.857 34.64644398340248 1928
410 2 44.434300000000015 12.943830407186274 445.752 8.857 36.32777564102564 2184
420 0 0 0 445.752 8.857 36.401337568058075 2204
430 0 0 0 445.752 8.857 36.401337568058075 2204
440 0 0 0 445.752 8.857 36.401337568058075 2204
450 4.4 129.4390909090909 130.88736825881637 816.198 8.857 36.401337568058075 2204
460 26.2 837.6068702290079 630.7589519240081 3656.197 0.413 38.222361209964404 2248
470 94.4 844.4960625000004 586.268136717241 3656.197 0.413 121.66409083665339 2510
480 87.7 568.8963808437849 573.2682304585361 3772.283 0.413 319.21863086276795 3454
490 5.7 76.12705263157892 28.797787400034405 3772.283 0.413 369.7767898868621 4331
500 0.3 88.85200000000002 38.24448885787338 3772.283 0.413 365.96228783044666 4388
510 0 0 0 3772.283 0.413 365.77296173992255 4391
517 0 0 0 3772.283 0.413 365.77296173992255 4391
