10 0.2 16.299 7.399 23.698 8.9 0 0
20 0 0 0 23.698 8.9 16.299 2
30 0 0 0 23.698 8.9 16.299 2
40 0 0 0 23.698 8.9 16.299 2
50 0.2 9.291 0.4049999999999998 23.698 8.886 16.299 2
60 0.5 8.8838 0.5132303186679449 23.698 8.228 12.795 4
70 0.1 10.21 0.0 23.698 8.228 10.622111111111112 9
80 0 0 0 23.698 8.228 10.5809 10
90 0 0 0 23.698 8.228 10.5809 10
100 0.4 7.6225000000000005 0.21710884367063443 23.698 7.371 10.5809 10
110 0.4 8.994250000000001 0.2752066269187567 23.698 7.371 9.735642857142858 14
120 0 0 0 23.698 7.371 9.57088888888889 18
130 0 0 0 23.698 7.371 9.57088888888889 18
140 0 0 0 23.698 7.371 9.57088888888889 18
150 0.7 8.388714285714284 1.2190265102339088 23.698 7.151 9.57088888888889 18
160 1.2 8.297250000000002 0.9552472738336744 23.698 6.391 9.239880000000001 25
170 0.2 9.553 0.09400000000000075 23.698 6.391 8.934162162162163 37
180 0 0 0 23.698 6.391 8.965897435897435 39
190 0 0 0 23.698 6.391 8.965897435897435 39
200 1.8 7.670777777777778 0.9676820274102647 23.698 5.997 8.965897435897435 39
210 2.8 8.23210714285714 2.8276905561566577 23.698 5.939 8.556912280701754 57
220 0.2 7.194 0.4169999999999998 23.698 5.939 8.449917647058824 85
230 0 0 0 23.698 5.939 8.421045977011495 87
240 0 0 0 23.698 5.939 8.421045977011495 87
250 3.5 9.197457142857141 6.667023419542989 37.635 5.831 8.421045977011495 87
260 4.4 7.949431818181819 4.1846404667856865 37.635 5.117 8.6437868852459 122
270 0.3 7.312 1.2331434087999125 37.635 5.117 8.459740963855422 166
280 0.1 9.418 0.0 37.635 5.117 8.439366863905326 169
290 0 0 0 37.635 5.117 8.445123529411763 170
300 1.9 7.071684210526316 1.14706986216972 37.635 5.117 8.445123529411763 170
310 9.4 10.743755319148931 18.346749554242265 135.739 5.117 8.30705291005291 189
320 4.4 8.602090909090911 6.375214156182526 135.739 5.088 9.11641696113074 283
330 0.6 10.335500000000001 8.668581790004637 135.739 5.088 9.04721100917431 327
340 0.2 8.46 0.9189999999999992 135.739 5.088 9.07042342342342 333
350 0 0 0 135.739 5.088 9.06677910447761 335
360 0 0 0 135.739 5.088 9.06677910447761 335
370 0.2 6.782500000000001 1.2835000000000003 135.739 5.088 9.06677910447761 335
380 12.8 23.338726562500018 58.37884440120878 583.927 5.088 9.053222551928782 337
390 16.5 19.300569696969706 36.05681634464986 583.927 5.088 12.985576344086025 465
400 2.6 10.524653846153845 8.85279939620278 583.927 5.088 14.639503174603178 630
410 0.1 6.923 0.0 583.927 5.088 14.476414634146344 656
420 0 0 0 583.927 5.088 14.464917808219182 657
430 0 0 0 583.927 5.088 14.464917808219182 657
440 0 0 0 583.927 5.088 14.464917808219182 657
450 9.1 53.42315384615386 102.92001866347779 583.927 5.072 14.464917808219182 657
460 21.9 800.0322785388121 637.0956500920629 2868.674 0.383 19.20448930481284 748
470 33.6 792.1584464285706 662.9343652503047 3815.078 0.383 196.04139296794193 967
480 6.6 656.4024242424241 722.6534992149683 3848.071 0.383 349.759988488104 1303
490 0 0 0 3848.071 0.383 364.5433345507666 1369
500 0 0 0 3848.071 0.383 364.5433345507666 1369
510 0 0 0 3848.071 0.383 364.5433345507666 1369
517 0 0 0 3848.071 0.383 364.5433345507666 1369
