10 0.4 117.65275 20.86866485157831 148.474 96.838 0 0
20 0.6 118.80416666666667 15.540694840929381 148.474 96.838 117.65275 4
30 0.1 118.513 0.0 148.474 96.838 118.34360000000001 10
40 0 0 0 148.474 96.838 118.35900000000001 11
50 0.5 94.6284 15.975262559344678 148.474 65.438 118.35900000000001 11
60 0.6 71.49066666666668 7.658658469703135 148.474 63.065 110.94318750000001 16
70 0 0 0 148.474 63.065 100.18340909090911 22
80 0 0 0 148.474 63.065 100.18340909090911 22
90 0 0 0 148.474 63.065 100.18340909090911 22
100 1.7 74.27905882352943 11.59380424025029 148.474 63.025 100.18340909090911 22
110 1.8 74.70749999999998 10.150713172810404 148.474 63.025 88.89176923076924 39
120 0.1 84.995 0.0 148.474 63.025 84.41252631578948 57
130 0 0 0 148.474 63.025 84.42256896551724 58
140 0.1 74.402 0.0 148.474 63.025 84.42256896551724 58
150 2.8 70.49924999999998 8.17865534977218 148.474 61.889 84.25272881355933 59
160 3.7 66.48862162162158 6.942421111100716 148.474 58.97 79.82632183908045 87
170 0.7 69.08842857142858 7.278306177698657 148.474 58.97 75.84652419354836 124
180 0 0 0 148.474 58.97 75.48540458015266 131
190 0 0 0 148.474 58.97 75.48540458015266 131
200 5.6 68.095 6.641552249716502 148.474 58.97 75.48540458015266 131
210 6.5 71.98418461538463 22.77513892747786 200.507 58.97 73.27223529411764 187
220 1.9 65.07663157894737 5.249003707075993 200.507 58.97 72.93999999999998 252
230 0 0 0 200.507 58.97 72.38869372693725 271
240 0.1 64.765 0.0 200.507 58.97 72.38869372693725 271
250 11.9 75.03909243697474 26.813451125514653 211.039 58.97 72.36066544117645 272
260 14.4 73.54763888888883 23.638805232078766 211.039 58.97 73.17583887468028 391
270 1.8 71.42572222222223 15.392318169952885 211.039 58.97 73.27591214953267 535
280 0 0 0 211.039 58.97 73.21568896925857 553
290 0 0 0 211.039 58.97 73.21568896925857 553
300 5.8 88.96263793103448 45.30965276455745 253.895 58.97 73.21568896925857 553
310 30.3 93.18994719471951 51.65224333784732 504.843 58.97 74.7104893617021 611
320 18.8 76.89773936170215 23.82556692659288 504.843 58.97 80.83661159737419 914
330 1 66.35119999999999 6.174684199212134 504.843 58.97 80.1646442831216 1102
340 0 0 0 504.843 58.97 80.04042266187051 1112
350 0 0 0 504.843 58.97 80.04042266187051 1112
360 0 0 0 504.843 58.97 80.04042266187051 1112
370 0.5 71.8896 6.192119527270122 504.843 58.97 80.04042266187051 1112
380 39.8 139.50963316582906 90.5058023427761 741.333 58.97 80.00393733213967 1117
390 60.3 148.8023565505804 111.65671306402753 930.008 58.97 95.63645676567656 1515
400 10.2 84.88773529411766 41.428500601124604 930.008 58.808 110.77292398489139 2118
410 0 0 0 930.008 58.808 109.58360450450448 2220
420 0 0 0 930.008 58.808 109.58360450450448 2220
430 0 0 0 930.008 58.808 109.58360450450448 2220
440 0 0 0 930.008 58.808 109.58360450450448 2220
450 20.1 299.077263681592 241.43556164785267 1234.779 58.808 109.58360450450448 2220
460 44.6 3509.001986547087 2114.5608939440594 8475.359 0.313 125.3160396530359 2421
470 108.2 4964.292490757853 1712.974023804041 10633.976 0.313 651.6934140216257 2867
480 52.3 4502.665221797323 1930.795127686672 10727.381 0.313 1833.3171671309187 3949
490 0.1 65.712 0.0 10727.381 0.313 2145.497183363148 4472
500 0.1 62.246 0.0 10727.381 0.313 2145.032219092331 4473
510 0 0 0 10727.381 0.313 2144.5666879749656 4474
517 0 0 0 10727.381 0.313 2144.5666879749656 4474
