10 0.3 24.063 8.277737895504222 35.247 15.476 0 0
20 0.4 16.474 4.832698883646693 35.247 10.146 24.063 3
30 0.3 20.064666666666664 5.332651268886383 35.247 10.146 19.726428571428567 7
40 0.1 40.9 0.0 40.9 10.146 19.827899999999996 10
50 0.3 21.257666666666665 3.3950561441929388 40.9 10.146 21.74354545454545 11
60 0.6 19.0215 4.480876839414358 40.9 10.146 21.63942857142857 14
70 0.2 20.756999999999998 5.233 40.9 10.146 20.85405 20
80 0 0 0 40.9 10.146 20.845227272727275 22
90 0 0 0 40.9 10.146 20.845227272727275 22
100 1.2 14.167583333333333 3.102601769975573 40.9 10.146 20.845227272727275 22
110 2 13.549300000000002 3.1609214969688813 40.9 10.114 18.488411764705884 34
120 0.4 12.57825 0.8460142950919917 40.9 10.114 16.659111111111113 54
130 0 0 0 40.9 10.114 16.377672413793103 58
140 0 0 0 40.9 10.114 16.377672413793103 58
150 1.8 10.979166666666664 1.0576812820715156 40.9 8.851 16.377672413793103 58
160 3.5 12.27717142857143 5.008657992406545 40.9 8.851 15.09907894736842 76
170 2 12.44335 1.2814842283461785 40.9 8.851 14.209288288288288 111
180 0 0 0 40.9 8.851 13.939679389312976 131
190 0 0 0 40.9 8.851 13.939679389312976 131
200 2.5 10.704039999999997 1.108451622038599 40.9 8.851 13.939679389312976 131
210 7 12.003528571428573 5.803600160298108 45.734 8.063 13.421147435897437 156
220 4.3 11.86725581395349 2.5367689767765538 45.734 8.063 12.982061946902654 226
230 0.2 13.134 1.2590000000000003 45.734 8.063 12.803858736059478 269
240 0 0 0 45.734 8.063 12.806295202952029 271
250 4.8 11.774729166666667 5.912625734179582 45.734 8.063 12.806295202952029 271
260 17.5 14.263582857142852 19.527228222085707 176.585 7.958 12.651075235109717 319
270 5.3 11.091188679245287 1.9101863196350501 176.585 7.958 13.22230769230769 494
280 0.6 13.541333333333334 4.350810103366448 176.585 7.958 13.015819012797074 547
290 0 0 0 176.585 7.958 13.021520795660035 553
300 1.5 11.052600000000004 2.641501209539758 176.585 7.958 13.021520795660035 553
310 20.2 18.247930693069314 30.696403925469706 270.621 7.943 12.969524647887322 568
320 28.8 12.623840277777788 8.434590108646518 270.621 7.685 14.354249350649352 770
330 5 12.455860000000005 4.441368766540333 270.621 7.685 13.883211720226846 1058
340 0.4 12.5915 0.8662001789424892 270.621 7.685 13.818800541516248 1108
350 0 0 0 270.621 7.685 13.81438579136691 1112
360 0 0 0 270.621 7.685 13.81438579136691 1112
370 0 0 0 270.621 7.685 13.81438579136691 1112
380 20.7 29.632710144927543 61.90924307429324 659.131 7.685 13.81438579136691 1112
390 59.3 26.795241146711643 43.72239401873337 659.131 7.685 16.296867323730105 1319
400 29.1 13.994350515463918 11.854289304796486 659.131 7.685 19.552900627615067 1912
410 1.6 10.844375000000001 1.1963755615921778 659.131 7.685 18.81865728551975 2203
420 0.1 13.088 0.0 659.131 7.685 18.76115908066697 2219
430 0 0 0 659.131 7.685 18.75860360360361 2220
440 0 0 0 659.131 7.685 18.75860360360361 2220
450 5 94.88755999999998 155.56356329155744 954.858 7.685 18.75860360360361 2220
460 14.6 1146.8721095890407 1048.6584784321174 4769.159 0.435 20.43545286343613 2270
470 39.8 1229.9476407035188 789.8686144599196 4769.159 0.435 88.50654221854303 2416
480 147.2 479.75310054347756 637.8404818188316 4769.159 0.406 249.9470387348971 2814
490 18.2 11.393313186813192 6.4214926627146935 4769.159 0.406 328.8724990667288 4286
500 0.4 12.300250000000002 1.2018426217687568 4769.159 0.406 315.94026723366153 4468
510 0.1 13.514 0.0 4769.159 0.406 315.6686750894454 4472
517 0 0 0 4769.159 0.406 315.6011243013637 4473
