20 0.2 131.9615 10.6375 142.599 121.324 0 0
30 0 0 0 142.599 121.324 131.9615 2
40 0 0 0 142.599 121.324 131.9615 2
50 0.1 117.345 0.0 142.599 117.345 131.9615 2
60 0.6 121.10700000000001 4.709824731346167 142.599 116.83 127.08933333333334 3
70 0.1 120.955 0.0 142.599 116.83 123.10111111111112 9
80 0 0 0 142.599 116.83 122.8865 10
90 0 0 0 142.599 116.83 122.8865 10
100 0.2 121.84700000000001 3.3579999999999934 142.599 116.83 122.8865 10
110 0.5 120.77359999999999 1.5090318220634045 142.599 116.83 122.71325 12
120 0.1 116.165 0.0 142.599 116.165 122.14276470588233 17
130 0 0 0 142.599 116.165 121.81066666666665 18
140 0 0 0 142.599 116.165 121.81066666666665 18
150 0.1 119.896 0.0 142.599 116.165 121.81066666666665 18
160 1.3 122.26484615384615 2.328174221809996 142.599 116.165 121.7098947368421 19
170 0.7 119.24 1.6233005179043611 142.599 116.165 121.93534374999999 32
180 0 0 0 142.599 116.165 121.4515641025641 39
190 0 0 0 142.599 116.165 121.4515641025641 39
200 0.7 125.12514285714285 2.3220881876062336 142.599 116.165 121.4515641025641 39
210 3.2 124.30603124999999 4.0469273026301575 144.789 116.165 122.01058695652173 46
220 0.8 121.12525 2.2469919753973313 144.789 116.165 122.95230769230768 78
230 0.1 118.661 0.0 144.789 116.165 122.7823488372093 86
240 0 0 0 144.789 116.165 122.73497701149425 87
250 1.2 126.88283333333334 1.812730115660412 144.789 116.165 122.73497701149425 87
260 5.1 125.48623529411762 2.3537650822211913 144.789 116.165 123.23774747474748 99
270 1.9 120.8408947368421 2.2594438974583517 144.789 116.165 124.00223333333332 150
280 0.1 115.8 0.0 144.789 115.8 123.64681656804733 169
290 0 0 0 144.789 115.8 123.6006588235294 170
300 0.5 126.797 2.103813584897674 144.789 115.8 123.6006588235294 170
310 5.8 142.0488275862069 41.24076395038836 307.884 115.8 123.69198285714285 175
320 8.2 128.79031707317066 14.37278647804131 307.884 115.8 128.26149785407725 233
330 1.6 123.70575000000001 7.2615846195923375 307.884 115.8 128.39915873015872 315
340 0.4 119.083 2.3453640442370527 307.884 115.8 128.17228700906344 331
350 0 0 0 307.884 115.8 128.06375820895525 335
360 0 0 0 307.884 115.8 128.06375820895525 335
370 0 0 0 307.884 115.8 128.06375820895525 335
380 5.5 143.3947636363636 35.91032313870137 307.884 115.8 128.06375820895525 335
390 19.3 139.1503419689119 41.53888195173475 591.503 115.8 130.2258230769231 390
400 6.3 128.3318412698413 9.008426242781265 591.503 115.8 133.18025214408235 583
410 1.1 121.53154545454544 1.6617068641849275 591.503 115.8 132.70741950464398 646
420 0 0 0 591.503 115.8 132.52030441400305 657
430 0 0 0 591.503 115.8 132.52030441400305 657
440 0 0 0 591.503 115.8 132.52030441400305 657
450 2.4 169.378375 126.75904877983152 774.317 115.8 132.52030441400305 657
460 15.5 852.9360516129034 552.7059345949127 2576.705 0.476 133.8192672540382 681
470 31.9 829.9887680250785 570.1554886808832 3299.592 0.476 267.14833612440196 836
480 19.3 565.8453316062178 526.3888359603118 3908.748 0.476 422.59950303030314 1155
490 1.6 124.30225 2.733794901323066 3908.748 0.476 443.10873516320487 1348
500 0 0 0 3908.748 0.476 439.369069648094 1364
510 0 0 0 3908.748 0.476 439.369069648094 1364
517 0 0 0 3908.748 0.476 439.369069648094 1364
