10 0.5 33.11659999999999 15.728977762079769 59.885 15.267 0 0
20 0.3 33.53733333333333 10.338284362289302 59.885 15.267 33.11659999999999 5
30 0 0 0 59.885 15.267 33.27437499999999 8
40 0 0 0 59.885 15.267 33.27437499999999 8
50 0.3 15.431333333333333 2.74048685861148 59.885 11.606 33.27437499999999 8
60 0.5 13.017 2.8892080575825623 59.885 9.711 28.4080909090909 11
70 0.6 12.757833333333332 1.3716445623978373 59.885 9.711 23.598374999999994 16
80 0.1 13.183 0.0 59.885 9.711 20.64186363636363 22
90 0 0 0 59.885 9.711 20.317565217391298 23
100 0.6 11.128166666666667 1.489179798487148 59.885 8.868 20.317565217391298 23
110 2.1 11.745476190476193 2.0374124256738617 59.885 8.868 18.416310344827583 29
120 1.1 11.895090909090907 1.6012403972912241 59.885 8.868 15.614559999999999 50
130 0 0 0 59.885 8.868 14.94383606557377 61
140 0 0 0 59.885 8.868 14.94383606557377 61
150 1.1 11.43890909090909 1.9484584794860242 59.885 8.868 14.94383606557377 61
160 4 11.772000000000002 4.007968269584978 59.885 8.822 14.408361111111113 72
170 1.4 10.755928571428573 1.3606360626184946 59.885 7.736 13.466803571428573 112
180 0.2 11.2615 1.8285 59.885 7.736 13.16559523809524 126
190 0 0 0 59.885 7.736 13.135843750000001 128
200 3.2 10.5915 2.5690115073701016 59.885 7.736 13.135843750000001 128
210 8.9 11.29484269662921 6.11019639600296 59.885 7.516 12.626975000000002 160
220 2.5 10.594 1.2821954921149887 59.885 7.516 12.150831325301205 249
230 0.3 10.355666666666666 1.4412587862312893 59.885 7.516 12.008784671532846 274
240 0 0 0 59.885 7.516 11.990880866425991 277
250 4.7 14.235978723404259 18.376395589774614 129.848 7.516 11.990880866425991 277
260 13.2 10.747446969696973 4.0039467580285315 129.848 7.516 12.316558641975307 324
270 7.6 10.915710526315785 5.908478368136021 129.848 7.516 11.862342105263158 456
280 0.3 10.540666666666667 0.8720559360244939 129.848 7.516 11.727109022556391 532
290 0.1 10.549 0.0 129.848 7.516 11.720456074766355 535
300 1.7 19.69964705882353 29.910940622692827 134.071 7.516 11.71827052238806 536
310 23.8 16.432512605042003 18.604730753254703 138.28 7.516 11.963629294755878 553
320 24.3 13.814345679012352 17.820182100486452 182.379 7.197 13.30824905183312 791
330 5.5 10.181272727272733 2.328216324333408 182.379 7.197 13.42718665377176 1034
340 0.4 15.377750000000002 7.241309597545184 182.379 7.197 13.26325160697888 1089
350 0 0 0 182.379 7.197 13.270989935956084 1093
360 0 0 0 182.379 7.197 13.270989935956084 1093
370 0 0 0 182.379 7.197 13.270989935956084 1093
380 19.9 28.71490954773869 54.023690501379136 518.605 7.197 13.270989935956084 1093
390 63.6 30.06027358490568 42.88558704006585 518.605 7.197 15.649736068111455 1292
400 25.5 15.426552941176478 21.16635871201348 518.605 7.197 20.403419605809134 1928
410 2.1 10.199857142857145 1.0330000362197145 518.605 7.197 19.82206321575814 2183
420 0 0 0 518.605 7.197 19.730381578947373 2204
430 0 0 0 518.605 7.197 19.730381578947373 2204
440 0 0 0 518.605 7.197 19.730381578947373 2204
450 4.2 86.67088095238094 103.70373942199421 544.625 7.197 19.730381578947373 2204
460 21.6 1028.339449074074 840.3454813897902 3783.198 0.419 20.982162956366878 2246
470 84.8 1117.6288408018856 801.423732050764 5170.688 0.419 109.36119374492283 2462
480 102.1 644.9104201762979 664.5314107682025 5170.688 0.419 367.6726634441085 3310
490 5.7 12.097333333333335 8.961915076380567 5170.688 0.419 433.02933618102037 4331
500 0.3 11.590333333333334 0.6058461484201713 5170.688 0.419 427.56144097538726 4388
510 0 0 0 5170.688 0.419 427.2772429970392 4391
517 0 0 0 5170.688 0.419 427.2772429970392 4391
