20 0.4 39.70075 12.171674378962821 52.679 27.271 0 0
30 0 0 0 52.679 27.271 39.70075 4
40 0 0 0 52.679 27.271 39.70075 4
50 0.1 48.906 0.0 52.679 27.271 39.70075 4
60 0.4 27.228499999999997 1.8630515961722593 52.679 25.768 41.5418 5
70 1 25.761000000000003 3.11866827347828 52.679 22.389 35.18033333333333 9
80 0 0 0 52.679 22.389 30.22278947368421 19
90 0 0 0 52.679 22.389 30.22278947368421 19
100 0.2 22.0745 0.2594999999999992 52.679 21.815 30.22278947368421 19
110 1.5 19.332933333333333 1.6049909020164437 52.679 16.782 29.446761904761903 21
120 1 22.3624 2.0225619496074776 52.679 16.782 25.232666666666667 36
130 0.2 25.1095 0.5745000000000005 52.679 16.782 24.608695652173914 46
140 0 0 0 52.679 16.782 24.629562500000002 48
150 0.6 17.891333333333336 1.7201837757118352 52.679 15.557 24.629562500000002 48
160 1.6 18.266250000000003 1.4733017554119725 52.679 15.557 23.88087037037037 54
170 1.8 19.800222222222217 2.323483270043674 52.679 15.502 22.597528571428573 70
180 0.2 27.128 4.872 52.679 15.502 22.02535227272727 88
190 0.1 22.624 0.0 52.679 15.502 22.138744444444445 90
200 0.8 17.510374999999996 1.0954464771840757 52.679 15.059 22.144076923076923 91
210 3.2 18.246593750000006 2.7959686253087566 52.679 14.953 21.769636363636362 99
220 3.3 19.7500303030303 4.12209073521978 52.679 14.953 20.90904580152672 131
230 1 23.6815 7.11881927358744 52.679 14.953 20.67582926829268 164
240 0.1 24.351 0.0 52.679 14.953 20.84856896551724 174
250 1.3 27.07723076923077 35.333926867386566 149.39 14.953 20.868582857142858 175
260 8.9 19.80330337078653 15.436127465549292 149.39 14.607 21.29790425531915 188
270 6.3 18.92798412698412 5.7517663939473165 149.39 14.607 20.81768953068593 277
280 1.8 20.082499999999996 2.693218835231265 149.39 14.072 20.46753823529412 340
290 0.3 22.353333333333335 0.8610266481874348 149.39 14.072 20.448178770949724 358
300 0.6 17.861 1.5260650925391968 149.39 14.072 20.464011080332416 361
310 8.3 27.348831325301187 29.582954722544663 161.399 14.072 20.42145504087194 367
320 17 23.34019411764706 22.37714353433959 163.794 14.072 21.699171111111113 450
330 8.1 21.378345679012348 14.842727399165495 163.794 14.072 22.149129032258067 620
340 1 23.205799999999996 5.721752787389542 163.794 14.072 22.060065620542083 701
350 0.1 23.079 0.0 163.794 14.072 22.076180028129393 711
360 0 0 0 163.794 14.072 22.077588483146066 712
370 0 0 0 163.794 14.072 22.077588483146066 712
380 5.4 59.187481481481484 67.9110212417801 289.356 14.072 22.077588483146066 712
390 32.8 46.886969512195066 60.66378478020327 373.839 14.072 24.693690600522192 766
400 28.7 22.659010452961677 19.066424406661653 373.839 13.425 31.34761700182813 1094
410 5.7 20.344649122807017 7.1826460952435065 373.839 13.425 29.541947139753784 1381
420 1.2 22.060333333333336 1.7417392329380281 373.839 13.425 29.177381084840036 1438
430 0 0 0 373.839 13.425 29.118481379310328 1450
440 0 0 0 373.839 13.425 29.118481379310328 1450
450 1.3 137.7768461538462 116.09391868181298 373.839 13.425 29.118481379310328 1450
460 8.7 2616.58906896552 1642.8363212599675 6435.615 0.434 30.084003417634978 1463
470 49.1 2747.509625254583 1313.9523940625504 7483.713 0.434 175.26202967741946 1550
480 76.6 1357.397661879897 1266.3896958255807 7483.713 0.434 794.0633865752085 2041
490 16.5 20.368927272727273 7.828920025806135 7483.713 0.434 947.7912294264345 2807
500 2.2 20.80872727272727 2.3243833235313716 7483.713 0.434 896.3024407806197 2972
510 0.3 27.06866666666667 3.5111121061883255 7483.713 0.434 889.8692872411494 2994
517 0.2 24.1305 0.5365000000000002 7483.713 0.434 889.00562295629 2997
