10 0.4 44.7405 5.656143231036498 53.126 37.225 0 0
20 0.3 63.89333333333334 14.53517724541244 84.431 37.225 44.7405 4
30 0.1 11.443 0.0 84.431 11.443 52.94885714285714 7
40 0 0 0 84.431 11.443 47.760625 8
50 0 0 0 84.431 11.443 47.760625 8
60 0.6 23.371499999999997 12.039992507611178 84.431 10.823 47.760625 8
70 0.3 20.463333333333335 12.59846578842925 84.431 9.918 37.308142857142855 14
80 0.6 17.158166666666663 4.827742551015837 84.431 9.918 34.3355294117647 17
90 0 0 0 84.431 9.918 29.854478260869563 23
100 0.2 17.8855 5.5235 84.431 9.918 29.854478260869563 23
110 1.4 12.287785714285716 2.659882306165643 84.431 9.1 28.896959999999993 25
120 1.8 12.756388888888889 2.7260908548259053 84.431 9.1 22.934692307692305 39
130 0.4 14.30125 0.7467952781720039 84.431 9.1 19.72049122807017 57
140 0 0 0 84.431 9.1 19.36513114754098 61
150 0.4 11.309000000000001 0.6509212702009359 84.431 9.1 19.36513114754098 61
160 2.8 11.533750000000001 3.375405072252176 84.431 8.461 18.869369230769227 65
170 3 11.010433333333333 1.250412830050762 84.431 8.461 16.66079569892473 93
180 0.5 13.259199999999998 1.185622941748345 84.431 8.461 15.282658536585364 123
190 0 0 0 84.431 8.461 15.203617187499999 128
200 1.4 10.380357142857141 0.977397536255106 84.431 8.461 15.203617187499999 128
210 7.3 10.586109589041095 1.7821242562466209 84.431 8.461 14.728084507042253 142
220 4.7 11.23325531914894 1.149659236619289 84.431 8.461 13.32173953488372 215
230 1.5 14.120533333333332 4.3169768568087346 84.431 8.461 12.947087786259543 262
240 0 0 0 84.431 8.461 13.010631768953068 277
250 2.3 12.526565217391301 7.262829157854499 84.431 8.461 13.010631768953068 277
260 10.8 12.824120370370373 12.627905598696291 130.084 8.404 12.97352 300
270 9.5 11.133557894736848 2.3122039871575226 130.084 7.71 12.933973039215688 408
280 3.1 12.062903225806453 1.6766736531066058 130.084 7.71 12.593934393638174 503
290 0.2 14.0415 0.11649999999999983 130.084 7.71 12.563106741573037 534
300 0.2 10.868500000000001 0.5895000000000006 130.084 7.71 12.56862313432836 536
310 14.3 14.104027972027968 12.940998803306858 135.351 7.71 12.562302973977697 538
320 27.4 13.787229927007292 15.325056753983885 157.223 7.71 12.886042584434655 681
330 11.7 11.694076923076917 4.135123942486352 157.223 7.71 13.144603141361253 955
340 1.9 12.07136842105263 1.8307320425541123 157.223 7.71 12.986290111940296 1072
350 0.2 12.702 0.5050000000000008 157.223 7.71 12.970356553620528 1091
360 0 0 0 157.223 7.71 12.969865507776758 1093
370 0 0 0 157.223 7.71 12.969865507776758 1093
380 8.9 28.183573033707873 40.511589045712725 294.095 7.71 12.969865507776758 1093
390 50.8 25.341734251968465 40.48984690662458 449.904 7.71 14.115398477157358 1182
400 41.1 13.691564476885638 18.52792416913273 449.904 7.71 17.489942011834305 1690
410 9.3 11.371602150537639 3.03012385615692 449.904 7.71 16.746899095668716 2101
420 1 13.1292 2.822401381802383 449.904 7.71 16.519049225159513 2194
430 0 0 0 449.904 7.71 16.503668784029028 2204
440 0 0 0 449.904 7.71 16.503668784029028 2204
450 1.3 138.44200000000004 171.44177662357023 547.779 7.71 16.503668784029028 2204
460 11.4 1299.734842105263 835.3642487972576 3416.003 0.41 17.21868831754622 2217
470 46.5 1326.7315075268843 1023.0211646468167 8199.745 0.41 79.94148605748603 2331
480 121.2 644.5541823432358 828.1862076354932 8199.745 0.41 287.2939037911306 2796
490 33.4 13.632077844311375 14.212263331781617 8199.745 0.41 395.3277005988031 4008
500 4.7 15.146425531914884 14.703102763796231 8199.745 0.41 365.9664988484576 4342
510 0.1 14.873 0.0 8199.745 0.41 362.20971064023763 4389
517 0.1 14.986 0.0 8199.745 0.41 362.13059066059293 4390
