10 0.4 108.46199999999999 16.39867150106983 135.539 94.619 0 0
20 1 100.7287 31.81116326716142 176.546 63.75 108.46199999999999 4
30 0.6 75.23816666666666 9.461400872609836 176.546 63.75 102.93821428571428 14
40 0.2 79.696 10.787999999999997 176.546 63.75 94.62819999999999 20
50 0.8 76.44987499999999 7.692560764100271 176.546 63.75 93.27072727272726 22
60 0.8 72.01950000000001 12.19881170442433 176.546 57.763 88.78516666666664 30
70 0.5 74.4056 11.13568150765816 176.546 57.763 85.25555263157894 38
80 0.1 83.176 0.0 176.546 57.763 83.99393023255813 43
90 0 0 0 176.546 57.763 83.9753409090909 44
100 2.4 68.71562499999996 9.007175277764667 176.546 56.093 83.9753409090909 44
110 3.5 66.29217142857146 7.1767031089121565 176.546 55.153 78.5895588235294 68
120 1.2 66.97124999999998 8.8817914683638 176.546 55.153 74.41083495145632 103
130 0.1 68.021 0.0 176.546 55.153 73.63453043478262 115
140 0 0 0 176.546 55.153 73.5861379310345 116
150 3.4 66.09158823529408 9.79563412089537 176.546 55.153 73.5861379310345 116
160 7 64.80305714285718 7.186156755249669 176.546 55.153 71.88737333333333 150
170 4 63.638350000000024 7.784276583440492 176.546 54.224 69.63327272727274 220
180 0.2 71.3725 13.3865 176.546 54.224 68.71097692307694 260
190 0 0 0 176.546 54.224 68.73129389312979 262
200 5.1 68.57419607843137 7.557800367363893 176.546 53.838 68.73129389312979 262
210 13.7 65.29500000000002 8.046713060641096 176.546 53.838 68.70569648562302 313
220 8.3 62.92278313253015 6.2710161261292665 176.546 53.838 67.66732888888892 450
230 0.9 60.13388888888889 3.4243911849632944 176.546 53.838 66.92849718574112 533
240 0 0 0 176.546 53.838 66.81567158671591 542
250 10.7 68.34611214953274 9.101654570057915 176.546 53.838 66.81567158671591 542
260 32 70.92197812500002 20.251602230197648 197.805 53.625 67.06799383667185 649
270 12.2 64.66412295081963 11.682891297750189 197.805 53.345 68.34072342621263 969
280 1.5 61.7812 5.40524539313434 197.805 53.168 67.92959120073331 1091
290 0 0 0 197.805 53.168 67.84620433996386 1106
300 4 85.320675 33.59893187393574 197.805 53.168 67.84620433996386 1106
310 40.8 94.53145098039215 55.71896374292899 364.968 53.168 68.45613350785344 1146
320 52.2 77.39678352490422 33.34171058728223 364.968 52.699 75.30216280566283 1554
330 14.2 66.62589436619713 19.72721586108101 364.968 52.476 75.828844894027 2076
340 0.6 64.1795 6.944643277375738 364.968 52.476 75.23965689810643 2218
350 0 0 0 364.968 52.476 75.20981834532377 2224
360 0 0 0 364.968 52.476 75.20981834532377 2224
370 0.1 76.03 0.0 364.968 52.476 75.20981834532377 2224
380 39.6 151.3343156565659 117.01771555049007 866.527 52.476 75.21018696629216 2225
390 117.2 136.51062372013652 111.9604203400516 1125.588 52.476 86.71158145745905 2621
400 59.4 80.07049326599325 39.54579660071737 1125.588 52.476 102.09899973635649 3793
410 5.1 74.27243137254904 41.63662733335003 1125.588 52.476 99.11633895600643 4387
420 0.2 65.8905 1.3674999999999962 1125.588 52.476 98.8308411446598 4438
430 0 0 0 1125.588 52.476 98.8160031531532 4440
440 0 0 0 1125.588 52.476 98.8160031531532 4440
450 11.5 325.083156521739 238.23191892876116 1525.795 52.476 98.8160031531532 4440
460 23.9 3697.6058870292886 2108.459044257843 9017.527 0.518 104.52856575192101 4555
470 73.7 4768.2902021709615 1715.6302199615834 11704.474 0.489 283.65778556528994 4794
480 291 2200.821161168378 2036.2503300554183 11704.474 0.489 881.2303928765139 5531
490 48.6 69.33324074074065 28.484719342161593 11704.474 0.489 1336.1538777396015 8441
500 1.7 64.69052941176471 12.714233950774124 11704.474 0.489 1267.1861585078948 8927
510 0.2 69.9855 1.7895000000000039 11704.474 0.489 1264.9005563506234 8944
517 0 0 0 11704.474 0.489 1264.6334168343367 8946
