0 1.4 14
10 1.6 30
20 0 30
30 0 30
40 1.7 47
50 3.5 82
60 0.3 85
70 0 85
80 0 85
90 3.4 119
100 8.6 205
110 0 205
120 0 205
130 0 205
140 6.2 267
150 14.6 413
160 1.9 432
170 0 432
180 0 432
190 10.2 534
200 32.2 856
210 4 896
220 0 896
230 0 896
240 25.3 1149
250 56.7 1716
260 7.6 1792
270 0 1792
280 0 1792
290 0 1792
300 105 2842
310 77.8 3620
320 0 3620
330 0 3620
340 0 3620
350 0 3620
360 0 3620
370 94 4560
380 243 6990
390 29.5 7285
400 0 7285
410 0 7285
420 0 7285
430 0 7285
440 0 7285
450 436.8 11653
460 318.9 14842
470 0 14842
480 0 14842
490 0 14842
500 0 14842
510 0 14842
517 0 14842
