0 0.1 0.017354519592382094 0 0.017354519592382094 0.017354519592382094 0 0
10 0.1 0.011451414770242977 0.0 0.017354519592382094 0.011451414770242977 0.017354519592382094 1
20 0.1 0.015616703626198582 0.0 0.017354519592382094 0.011451414770242977 0.014402967181312535 2
30 0.1 0.0031231131191571757 0.0 0.017354519592382094 0.0031231131191571757 0.014807545996274549 3
40 0.1 0.0020820103892318425 0.0 0.017354519592382094 0.0020820103892318425 0.011886437776995206 4
50 0.1 0.006244925997626928 0.0 0.017354519592382094 0.0020820103892318425 0.009925552299442534 5
60 0.1 0.0 0.0 0.017354519592382094 0.0 0.009312114582473266 6
70 0.1 0.002081663665601549 0.0 0.017354519592382094 0.0 0.007981812499262799 7
80 0.1 0.0020820970881872225 0.0 0.017354519592382094 0.0 0.007244293895055143 8
82 0.1 0.0010409293417162843 0.0 0.017354519592382094 0.0 0.006670716472069817 9
