0 3.9 87.18102564102563 200.28775476727802 1230.68 5.146 0 0
10 8 199.54827499999996 405.03261684498864 1643.349 4.962 87.18102564102563 39
20 3.4 384.91911764705884 696.5211947520403 2140.0 4.962 162.72203361344538 119
30 1.7 680.6568823529411 923.975177593748 2221.051 4.962 212.0991633986928 153
40 0.4 39.7865 16.52866392815826 2221.051 4.962 258.95493529411766 170
50 0 0 0 2221.051 4.962 253.91658045977013 174
60 0.1 60023.218 0.0 60023.218 4.962 253.91658045977013 174
70 0.7 17169.220571428574 27099.000151106844 60031.232 4.962 595.4554457142858 175
80 1.6 11278.320687499998 23407.360354261185 60031.232 4.962 1232.9079505494508 182
82 0 0 0 60031.232 4.962 2044.6584747474749 198
