0 0.6 3319.994166666667 1296.0371918032056 5513.43 1659.992 0 0
10 1.2 3143.484916666667 1219.3912786941044 5601.042 1659.992 3319.994166666667 6
20 0.5 6287.0996 3540.0528409688804 10363.472 529.449 3202.3213333333333 18
30 0 0 0 10363.472 529.449 3872.9253043478266 23
40 0 0 0 10363.472 529.449 3872.9253043478266 23
50 0 0 0 10363.472 529.449 3872.9253043478266 23
60 0 0 0 10363.472 529.449 3872.9253043478266 23
70 0 0 0 10363.472 529.449 3872.9253043478266 23
80 0 0 0 10363.472 529.449 3872.9253043478266 23
82 0 0 0 10363.472 529.449 3872.9253043478266 23
