0 0.1 1243.25 0 1243.25 1243.25 0 0
10 0.2 1415.623 101.15200000000004 1516.775 1243.25 1243.25 1
20 0.3 2039.1336666666666 76.74947001481881 2144.945 1243.25 1358.1653333333334 3
30 0 0 0 2144.945 1243.25 1698.6495000000002 6
40 0 0 0 2144.945 1243.25 1698.6495000000002 6
50 0 0 0 2144.945 1243.25 1698.6495000000002 6
60 0 0 0 2144.945 1243.25 1698.6495000000002 6
70 0 0 0 2144.945 1243.25 1698.6495000000002 6
80 0 0 0 2144.945 1243.25 1698.6495000000002 6
82 0 0 0 2144.945 1243.25 1698.6495000000002 6
