0 0.4 62.85924999999999 8.102288793143577 75.948 54.664 0 0
10 1.1 143.4543636363636 60.41454442625058 242.949 54.664 62.85924999999999 4
20 0.8 182.693625 40.92217540935935 265.947 54.664 121.9623333333333 15
30 0 0 0 265.947 54.664 143.0862608695652 23
40 0 0 0 265.947 54.664 143.0862608695652 23
50 0 0 0 265.947 54.664 143.0862608695652 23
60 0 0 0 265.947 54.664 143.0862608695652 23
70 0 0 0 265.947 54.664 143.0862608695652 23
80 0 0 0 265.947 54.664 143.0862608695652 23
82 0 0 0 265.947 54.664 143.0862608695652 23
