0 1.3 13
10 4 53
20 1.8 71
30 0.4 75
40 4 115
50 5.5 170
60 1.5 185
70 0.2 187
80 5.8 245
90 17.1 416
100 6.1 477
110 1.1 488
120 1.7 505
130 23.4 739
140 23.5 974
150 7.4 1048
160 0.7 1055
170 0.1 1056
180 3.4 1090
190 46.8 1558
200 49.3 2051
210 14.7 2198
220 7 2268
230 92.5 3193
240 95.3 4146
250 22.3 4369
260 3.2 4401
270 0.5 4406
280 70.1 5107
290 227.6 7383
300 127.9 8662
310 21.9 8881
320 2 8901
330 0.1 8902
340 0 8902
350 19.4 9096
360 353.6 12632
370 435.6 16988
380 105.7 18045
390 12.4 18169
400 0.8 18177
410 0.1 18178
420 0 18178
430 276 20938
440 532 26258
450 656.7 32825
460 335.9 36184
470 20.3 36387
480 1.5 36402
490 0 36402
497 0 36402
