0 18 18
10 19 1
20 6 -13
30 12 6
40 38 26
50 16 -22
60 5 -11
70 0 -5
80 77 77
90 77 0
100 15 -62
110 3 -12
120 58 55
130 165 107
140 89 -76
150 21 -68
160 2 -19
170 1 -1
180 107 106
190 367 260
200 181 -186
210 22 -159
220 203 181
230 667 464
240 337 -330
250 63 -274
260 5 -58
270 0 -5
280 874 874
290 1246 372
300 345 -901
310 44 -301
320 4 -40
330 0 -4
340 0 0
350 773 773
360 2827 2054
370 1494 -1333
380 220 -1274
390 25 -195
400 2 -23
410 1 -1
420 0 -1
430 3615 3615
440 6316 2701
450 4513 -1803
460 520 -3993
470 45 -475
480 2 -43
490 0 -2
497 0 0
