0 0.1 0.006788547212719302 0 0.006788547212719302 0.006788547212719302 0 0
10 0.1 0.036438975127796695 0.0 0.036438975127796695 0.006788547212719302 0.006788547212719302 1
20 0.1 0.08851031926192807 0.0 0.08851031926192807 0.006788547212719302 0.021613761170257997 2
30 0.1 0.0385224054639347 0.0 0.08851031926192807 0.006788547212719302 0.043912613867481354 3
40 0.1 0.06142761952357155 0.0 0.08851031926192807 0.006788547212719302 0.04256506176659469 4
50 0.1 0.017698009494461566 0.0 0.08851031926192807 0.006788547212719302 0.046337573317990065 5
60 0.1 0.022903067970059445 0.0 0.08851031926192807 0.006788547212719302 0.041564312680735314 6
70 0.1 0.008326827998959146 0.0 0.08851031926192807 0.006788547212719302 0.03889842057921018 7
80 0.1 0.004163847394992973 0.0 0.08851031926192807 0.004163847394992973 0.03507697150667881 8
90 0.1 0.09682053844712349 0.0 0.09682053844712349 0.004163847394992973 0.03164217993871372 9
100 0.1 0.12598917117867556 0.0 0.12598917117867556 0.004163847394992973 0.03816001578955469 10
110 0.1 0.0364291141480271 0.0 0.12598917117867556 0.004163847394992973 0.046144484461292955 11
120 0.1 0.010411569335845992 0.0 0.12598917117867556 0.004163847394992973 0.045334870268520795 12
130 0.1 0.057252901681153386 0.0 0.12598917117867556 0.004163847394992973 0.04264846250446889 13
140 0.1 0.2238673872072804 0.0 0.2238673872072804 0.004163847394992973 0.043691636731374925 14
150 0.1 0.15097875885047896 0.0 0.2238673872072804 0.004163847394992973 0.05570335342976862 15
160 0.1 0.048927753487403705 0.0 0.2238673872072804 0.004163847394992973 0.06165806626856302 16
170 0.1 0.008327088017320343 0.0 0.2238673872072804 0.004163847394992973 0.06090922434025953 17
180 0.1 0.026023504429200452 0.0 0.2238673872072804 0.004163847394992973 0.057987994544540684 18
190 0.1 0.07080383173677635 0.0 0.2238673872072804 0.004163847394992973 0.05630565295952278 19
200 0.1 0.3832016077806587 0.0 0.3832016077806587 0.004163847394992973 0.05703056189838546 20
210 0.1 0.3363287066443142 0.0 0.3832016077806587 0.004163847394992973 0.07256251646420799 21
220 0.1 0.11972806113418914 0.0 0.3832016077806587 0.004163847394992973 0.0845518887451219 22
230 0.1 0.14473286893866033 0.0 0.3832016077806587 0.004163847394992973 0.08608128754464657 23
240 0.1 0.7945350980412574 0.0 0.7945350980412574 0.004163847394992973 0.0885251034360638 24
250 0.1 0.6549763625382677 0.0 0.7945350980412574 0.004163847394992973 0.11676550322027156 25
260 0.1 0.17176049300466356 0.0 0.7945350980412574 0.004163847394992973 0.13746592088634835 26
270 0.1 0.022904737116085372 0.0 0.7945350980412574 0.004163847394992973 0.13873609022406372 27
280 0.1 0.006246746486205101 0.0 0.7945350980412574 0.004163847394992973 0.13459925618449306 28
290 0.1 0.9148911810318806 0.0 0.9148911810318806 0.004163847394992973 0.13017330757420728 29
300 0.1 1.663612892479387 0.0 1.663612892479387 0.004163847394992973 0.1563305700227964 30
310 0.1 0.9201432259138979 0.0 1.663612892479387 0.004163847394992973 0.2049525804246219 31
320 0.1 0.1894353369763206 0.0 1.663612892479387 0.004163847394992973 0.22730228809616176 32
330 0.1 0.013533349295745322 0.0 1.663612892479387 0.004163847394992973 0.22615480472889385 33
340 0.1 0.006245901127385153 0.0 1.663612892479387 0.004163847394992973 0.21990123251027183 34
350 0.1 0.014577259475218658 0.0 1.663612892479387 0.004163847394992973 0.21379679447076075 35
360 0.1 0.46431248438410927 0.0 1.663612892479387 0.004163847394992973 0.20826291849866232 36
370 0.1 3.327398985955378 0.0 3.327398985955378 0.004163847394992973 0.21518317703610684 37
380 0.1 3.7359939241981293 0.0 3.7359939241981293 0.004163847394992973 0.2970835930602982 38
390 0.1 1.0729412744169589 0.0 3.7359939241981293 0.004163847394992973 0.3852607810381913 39
400 0.1 0.1499016270572437 0.0 3.7359939241981293 0.004163847394992973 0.40245279337266043 40
410 0.1 0.04267543768345234 0.0 3.7359939241981293 0.004163847394992973 0.396293008828382 41
420 0.1 0.004164454300319621 0.0 3.7359939241981293 0.004163847394992973 0.3878735428487408 42
430 0.1 0.005205405292856102 0.0 3.7359939241981293 0.004163847394992973 0.3789500756731961 43
440 0.1 2.445349357939574 0.0 3.7359939241981293 0.004163847394992973 0.37045587861909746 44
450 0.1 4.175993503316016 0.0 4.175993503316016 0.004163847394992973 0.41656462260399696 45
460 0.1 5.368561371352398 0.0 5.368561371352398 0.004163847394992973 0.49829133740208426 46
470 0.1 2.805907392566843 0.0 5.368561371352398 0.004163847394992973 0.6019141040818782 47
480 0.1 0.2883734488215208 0.0 5.368561371352398 0.004163847394992973 0.6478306309253149 48
490 0.1 0.05205676269404158 0.0 5.368561371352398 0.004163847394992973 0.6404947700660537 49
497 0.1 0.0364442870976811 0.0 5.368561371352398 0.004163847394992973 0.6287260099186135 50
