0 0 0
10 1.3 13
20 1.3 26
30 0.4 30
40 0.6 36
50 2.5 61
60 1.1 72
70 0.4 76
80 0.3 79
90 4.1 120
100 6.2 182
110 1.1 193
120 0.3 196
130 3.8 234
140 10.3 337
150 6.8 405
160 1.8 423
170 0.1 424
180 0.1 425
190 5.7 482
200 23.1 713
210 15.7 870
220 2.2 892
230 12.3 1015
240 42.5 1440
250 28.6 1726
260 4.7 1773
270 0.4 1777
280 3.3 1810
290 54.6 2356
300 88 3236
310 29.2 3528
320 3.4 3562
330 0.4 3566
340 0 3566
350 0.1 3567
360 41.1 3978
370 185 5828
380 123.7 7065
390 19.2 7257
400 2 7277
410 0.1 7278
420 0.1 7279
430 9 7369
440 54.6 7915
450 236 10275
460 399.2 14267
470 47.4 14741
480 4.3 14784
490 0.2 14786
497 0 14786
