0 5.3 47.40643396226415 44.458714454253894 150.404 6.906 0 0
10 12.1 53.824107438016526 44.139709381811436 195.461 6.906 47.40643396226415 53
20 5.5 49.252636363636356 34.762684380270656 195.461 6.906 51.86929885057471 174
30 2.6 50.95711538461539 50.14922008084928 196.968 6.906 51.24084279475982 229
40 14.5 45.48438620689655 47.7517980864106 306.733 5.509 51.21191372549019 255
50 15 49.633946666666674 48.885125322370016 333.299 5.509 49.135684999999995 400
60 4.2 56.10192857142857 46.293608317632 333.299 5.509 49.27157454545454 550
70 0.7 58.120999999999995 51.32859710309088 333.299 5.509 49.756160472972965 592
80 24.2 41.71337190082642 42.86768150287506 333.299 5.509 49.853913188647745 599
90 50.1 45.95405588822351 42.0739112178857 333.299 5.509 47.51145065398334 841
100 17.5 46.12243999999999 39.996665556098556 333.299 5.509 46.93003874813708 1342
110 2.6 58.34919230769231 49.0647242833533 333.299 5.509 46.836874752801556 1517
120 11.2 31.640767857142865 38.01144339349434 333.299 5.509 47.03086066104988 1543
130 77.2 44.906321243523294 44.04004756619313 333.299 5.509 45.989355891238645 1655
140 69 44.04593188405805 40.29213495884445 333.299 5.509 45.64485537700863 2427
150 20.9 42.4225167464115 33.173438814161194 333.299 5.509 45.290906961822266 3117
160 2.9 52.59158620689655 51.86292403057496 333.299 5.509 45.11066235718582 3326
170 0.1 92.194 0.0 333.299 5.509 45.17532608047691 3355
180 18.9 34.542867724867726 42.95205766822917 333.299 5.128 45.18933641239571 3356
190 162.1 43.84757680444167 46.25139740335332 333.299 5.128 44.62172496473907 3545
200 145.9 42.756838245373544 40.63898065725497 333.299 5.128 44.37881087882307 5166
210 39.3 42.81677608142494 37.541385828908204 333.299 5.128 44.02160966037736 6625
220 39.2 35.66433928571435 42.85025315804872 333.299 5.128 43.954140353377035 7018
230 306.1 46.1034050963737 48.397332461452955 333.299 5.021 43.515597570850204 7410
240 278.5 45.28624416517054 42.918939343987915 333.299 5.021 44.27209445134179 10471
250 67.5 41.49936888888889 36.033252749568575 333.299 5.021 44.48516075739287 13256
260 9.9 46.13967676767676 35.364770192727256 333.299 5.021 44.34048991457899 13931
270 0.8 63.440875000000005 27.062767298622198 333.299 5.021 44.35318553100498 14030
280 274.8 44.60830931586616 49.524717377581915 339.561 4.684 44.36406325687419 14038
290 710.9 55.60311956674657 58.02240086792858 532.703 4.684 44.4040482544978 16786
300 364.3 48.33609223167725 46.53554899614972 532.703 4.684 47.735883281021195 23895
310 59.6 44.962780201342284 37.43763173586545 532.703 4.684 47.81528487907625 27538
320 5.5 57.78596363636364 37.43504050289278 532.703 4.684 47.7548564725955 28134
330 0.4 50.8035 23.040250872115084 532.703 4.684 47.77442832310482 28189
340 0 0 0 532.703 4.684 47.77485808534039 28193
350 131 33.06375725190837 43.57726931147581 532.703 4.684 47.77485808534039 28193
360 1198.8 68.78074399399404 77.77863152720808 1187.4 4.52 47.12165189980685 29503
370 1251.4 91.92379790634503 105.71248223814412 1472.218 4.52 53.37961618182261 41491
380 312.9 48.61517801214444 44.034776039665346 1472.218 4.52 62.311046421627694 54005
390 32.6 50.346742331288326 39.63113515456159 1472.218 4.52 61.5609786466903 57134
400 2.8 55.06507142857142 37.05996327375461 1472.218 4.52 61.49735454229035 57460
410 0.2 63.9485 29.058500000000002 1472.218 4.52 61.494221646256676 57488
420 0.1 39.336 0.0 1472.218 4.52 61.49430702730916 57490
430 1113.8 81.76335230741581 105.67511188731368 1472.218 4.52 61.49392160512087 57491
440 1901 1062.5243782745931 1135.6459335351005 8769.327 0.402 64.78350646228273 68629
450 1890.2 1590.2691899269942 1411.7146452060563 9877.759 0.402 281.20603493878315 87639
460 936 489.4973222222236 794.7652036591918 9877.759 0.402 513.4538245745775 106541
470 66.9 50.9175082212257 38.63543071953145 9877.759 0.402 511.51913150016026 115901
480 5.2 51.71201923076923 33.38064839468566 9877.759 0.402 508.8757199365195 116570
490 0.2 19.8995 0.2624999999999993 9877.759 0.402 508.6718775016727 116622
497 0 0 0 9877.759 0.402 508.6634954812052 116624
