0 5.3 47.40643396226415 44.458714454253894 150.404 6.906 0 0
10 12.3 52.94476422764229 41.94013675400227 150.404 6.906 47.40643396226415 53
20 5.7 47.517087719298246 30.706642822251954 150.404 6.906 51.2769715909091 176
30 2.9 45.66903448275863 35.2949081386544 150.404 6.906 50.35717167381975 233
40 14.5 45.48438620689655 47.7517980864106 306.733 5.509 49.83825572519085 262
50 15.5 48.0288774193548 45.91129417366824 333.299 5.509 48.28712285012285 407
60 4.8 49.07443750000001 36.053031139273536 333.299 5.509 48.215898576512444 562
70 0.8 50.835249999999995 43.24771022768142 333.299 5.509 48.283455737704905 610
80 24.2 41.71337190082642 42.86768150287506 333.299 5.509 48.31648867313915 618
90 50.8 45.31865354330706 41.06663041463533 333.299 5.509 46.45840232558138 860
100 18.7 43.154508021390356 35.100115762468725 333.299 5.509 46.03516228070173 1368
110 3.2 47.37387499999999 35.63459323795313 333.299 5.509 45.68874276527329 1555
120 11.3 31.358734513274328 37.43478567710225 333.299 5.509 45.72272148708252 1587
130 77.6 44.67420876288652 43.492861273286536 333.299 5.509 44.767938823529384 1700
140 70.8 42.922532485875706 38.48443650133407 333.299 5.509 44.73856300484648 2476
150 22.3 40.0397533632287 28.530833677589484 333.299 5.509 44.33474717336681 3184
160 3.2 45.61968749999998 36.718939826264645 333.299 5.509 44.053624889932465 3407
170 0.2 45.992000000000004 9.778999999999998 333.299 5.509 44.06819715033436 3439
180 18.9 34.542867724867726 42.95205766822917 333.299 5.128 44.06931531531528 3441
190 162.6 43.71234686346864 46.105912088933884 333.299 5.128 43.57331019283743 3630
200 149.6 41.695717245989336 39.16676894093158 333.299 5.128 43.61632267884321 5256
210 43.6 38.578917431192615 30.882743428004773 333.299 5.128 43.19078569312795 6752
220 39.9 35.035250626566445 41.81975214190503 333.299 5.128 42.91104521424596 7188
230 307.9 45.833439103605144 47.874147375070834 333.299 5.021 42.49685751944114 7587
240 285.4 44.188564120532604 41.53031971498061 333.299 5.021 43.46004284642792 10666
250 73.6 38.04885054347831 30.664681417767998 333.299 5.021 43.61382980769232 13520
260 11.4 40.04577192982457 26.462757777555957 333.299 5.021 43.32652448092033 14256
270 1.2 42.23475000000001 9.191557667455864 333.299 5.021 43.30049763395965 14370
280 275 44.575822909090945 49.43134542707151 333.299 4.684 43.29960839938814 14382
290 717.9 55.060116868644776 57.33025884052091 532.703 4.684 43.50446421900539 17132
300 382.9 45.98329825019595 43.55032691876269 532.703 4.684 46.916830241454534 24311
310 69.4 38.593638328530254 29.28283222486904 532.703 4.684 46.78980486851463 28140
320 7 45.371185714285716 25.850342013373194 532.703 4.684 46.59253291253387 28834
330 0.5 40.5988 8.341730069955513 532.703 4.684 46.5895750415168 28904
340 0 0 0 532.703 4.684 46.58853889792112 28909
350 131 33.06375725190837 43.57726931147581 532.703 4.684 46.58853889792112 28909
360 1203.5 68.51186979642779 77.17392875751999 1187.4 4.52 46.00223677156761 30219
370 1283.6 89.6530418354622 103.10687813043472 1472.218 4.52 52.413545368486055 42254
380 341.6 44.38299180327861 38.47934979304154 1472.218 4.52 61.09036832455986 55090
390 40.5 40.49459012345673 28.677143491799953 1472.218 4.52 60.114871825112 58506
400 3.5 44.02008571428572 24.165518919522423 1472.218 4.52 59.97998675968838 58911
410 0.3 42.56333333333333 9.122731949488717 1472.218 4.52 59.97051034845456 58946
420 0.1 39.336 0.0 1472.218 4.52 59.969624472001264 58949
430 1114.8 81.68995254754168 105.51880048349244 1472.218 4.52 59.96927445292625 58950
440 1911 1058.1947202511792 1128.8518326226667 8769.327 0.402 63.42361151530711 70098
450 1934.4 1556.6374675868508 1393.5869285452538 9877.759 0.402 276.52194224733245 89208
460 1018.5 442.40373922435055 746.0543328569389 9877.759 0.402 504.63892509580734 108552
470 80.3 42.21921793275215 30.127081320925125 9877.759 0.402 499.30052705559416 118737
480 6.7 40.08997014925375 17.845481381303564 9877.759 0.402 496.23012140706106 119540
490 0.2 19.8995 0.2624999999999993 9877.759 0.402 495.97460634411095 119607
497 0 0 0 9877.759 0.402 495.9666458209673 119609
