0 149.18828125 149.18828125
10 783.91640625 933.1046875
20 485.225 1418.3296875
30 55.38203125 1473.71171875
40 429.49921875 1903.2109375
50 999.134375 2902.3453125
60 319.78125 3222.1265625
70 51.61015625 3273.73671875
80 1094.65859375 4368.3953125
90 3418.89140625 7787.28671875
100 1519.81484375 9307.1015625
110 110.709375 9417.8109375
120 267.3046875 9685.115625
130 4632.6484375 14317.7640625
140 5093.29296875 19411.05703125
150 1834.16484375 21245.221875
160 209.890625 21455.1125
170 1.90703125 21457.01953125
180 425.34609375 21882.365625
190 8537.7828125 30420.1484375
200 11198.54609375 41618.69453125
210 3159.434375 44778.12890625
220 1041.0375 45819.16640625
230 17079.7890625 62898.95546875
240 23223.23671875 86122.1921875
250 6214.4640625 92336.65625
260 753.440625 93090.096875
270 14.6875 93104.784375
280 11981.0984375 105085.8828125
290 50830.76796875 155916.65078125
300 39199.5203125 195116.17109375
310 5425.384375 200541.55546875
320 467.85390625 201009.409375
330 11.640625 201021.05
340 0 201021.05
350 2875.6953125 203896.7453125
360 70696.66484375 274593.41015625
370 134948.2296875 409541.63984375
380 40602.46640625 450144.10625
390 2753.67578125 452897.78203125
400 140.353125 453038.13515625
410 3.56953125 453041.7046875
420 3.61484375 453045.31953125
430 42887.3078125 495932.62734375
440 107469.98203125 603402.609375
450 287361.365625 890763.975
460 169910.59765625 1060674.57265625
470 7410.24765625 1068084.8203125
480 202.51171875 1068287.33203125
490 5.05546875 1068292.3875
497 0 1068292.3875
