0 15.3671875 15.3671875
10 47.2609375 62.628125
20 23.8609375 86.4890625
30 7.59140625 94.08046875
40 48.19765625 142.278125
50 64.11796875 206.39609375
60 20.25390625 226.65
70 3.02109375 229.67109375
80 71.60234375 301.2734375
90 198.5 499.7734375
100 79.57734375 579.35078125
110 13.6703125 593.02109375
120 26.5703125 619.59140625
130 270.88203125 890.4734375
140 287.6890625 1178.1625
150 96.8 1274.9625
160 13.42265625 1288.38515625
170 0.865625 1289.25078125
180 42.60078125 1331.8515625
190 557.31953125 1889.17109375
200 610.1609375 2499.33203125
210 188.640625 2687.97265625
220 97.35078125 2785.3234375
230 1066.83203125 3852.15546875
240 1164.13671875 5016.2921875
250 317.9328125 5334.225
260 49.51640625 5383.74140625
270 4.69765625 5388.4390625
280 821.85625 6210.2953125
290 2665.85 8876.1453125
300 1634.81875 10510.9640625
310 298.0328125 10808.996875
320 30.590625 10839.5875
330 2.19765625 10841.78515625
340 0 10841.78515625
350 286.1109375 11127.89609375
360 4103.94921875 15231.8453125
370 5225.36953125 20457.21484375
380 1463.02265625 21920.2375
390 174.215625 22094.453125
400 14.5609375 22109.0140625
410 1.228125 22110.2421875
420 0.43984375 22110.68203125
430 3378.9296875 25489.61171875
440 7485.28046875 32974.8921875
450 7456.1296875 40431.021875
460 3844.7 44275.721875
470 342.1734375 44617.8953125
480 28.1 44645.9953125
490 0.890625 44646.8859375
497 0 44646.8859375
