0 1.4 13.072928571428573 8.474937272960329 41.202 7.037 0 0
10 1.5 10.092199999999998 2.1064938389022965 41.202 7.037 13.072928571428573 14
20 0 0 0 41.202 7.037 11.531172413793103 29
30 0.6 12.228 4.1895934170274804 41.202 7.037 11.531172413793103 29
40 2.7 9.405296296296292 2.691312426842185 41.202 6.164 11.650628571428571 35
50 1.1 9.265181818181818 2.203899511740777 41.202 6.08 10.67282258064516 62
60 0.3 7.886666666666667 0.6987084911145386 41.202 6.08 10.460712328767123 73
70 0 0 0 41.202 6.08 10.359105263157893 76
80 5.5 8.381472727272724 1.707800029325825 41.202 6.08 10.359105263157893 76
90 5.4 7.631074074074077 1.1334218732057273 41.202 6.08 9.528801526717555 131
100 0.9 7.315666666666666 1.1481300739318117 41.202 5.904 8.97487027027027 185
110 0.2 7.207 0.2519999999999998 41.202 5.904 8.897896907216493 194
120 4.2 8.368928571428567 1.5923006475037351 41.202 5.904 8.880642857142856 196
130 13 7.5916615384615405 2.011806174919391 41.202 5.622 8.790340336134452 238
140 5.2 7.360134615384616 2.1222768980221915 41.202 5.622 8.36689402173913 368
150 0.4 7.659750000000001 0.6176298952447172 41.202 5.622 8.242247619047617 420
160 0.1 7.611 0.0 41.202 5.622 8.236752358490564 424
170 0 0 0 41.202 5.622 8.235279999999998 425
180 6.4 8.049968750000001 2.5372313279485246 41.202 5.344 8.235279999999998 425
190 29.3 7.792327645051195 7.202035531980631 123.059 5.31 8.211026584867074 489
200 9.2 7.232804347826084 2.063935040892657 123.059 5.31 8.054148337595906 782
210 1.7 7.018117647058824 0.4879452575796423 123.059 5.31 7.967691075514873 874
220 11.6 7.595068965517242 1.7678618525570697 123.059 5.31 7.949573512906845 891
230 55 7.42100181818182 2.5129365187504087 123.059 5.106 7.908736842105262 1007
240 20 7.581980000000003 3.412846183114615 123.059 5.106 7.736447655748234 1557
250 1.8 7.0023333333333335 0.5116222564874727 123.059 5.106 7.718864541832669 1757
260 0.2 8.45 0.709000000000001 123.059 5.106 7.711598309859155 1775
270 0 0 0 123.059 5.106 7.712429375351716 1777
280 66.6 7.945854354354357 6.957179588535549 126.705 4.816 7.712429375351716 1777
290 96.8 8.931699380165309 9.115685333687729 151.667 4.816 7.776064674580434 2443
300 13.4 7.470119402985078 2.7564391778101704 151.667 4.816 8.10401964233363 3411
310 2.1 7.539952380952381 2.459819514791985 151.667 4.816 8.080058392101556 3545
320 0 0 0 151.667 4.816 8.076877734155921 3566
330 0 0 0 151.667 4.816 8.076877734155921 3566
340 0 0 0 151.667 4.816 8.076877734155921 3566
350 44.5 8.111755056179774 6.086948868400275 151.667 4.816 8.076877734155921 3566
360 224.9 11.443574922187642 17.43646291165596 188.513 4.591 8.080747195213167 4011
370 90.9 16.38288448844882 27.245824098941128 334.295 4.591 9.288894089456873 6260
380 9.7 7.007536082474226 0.6790054895828325 334.295 4.591 10.188383177570094 7169
390 1.2 6.805749999999999 0.4215056593135292 334.295 4.591 10.145919350399119 7266
400 0.1 7.45 0.0 334.295 4.591 10.140412063753777 7278
410 0 0 0 334.295 4.591 10.14004245088611 7279
420 0 0 0 334.295 4.591 10.14004245088611 7279
430 296.8 16.621826819407016 32.68839893486466 545.36 4.591 10.14004245088611 7279
440 362.7 249.29430383236826 305.8459410533653 2927.536 0.798 12.017463745486486 10247
450 63.1 264.27077496038015 324.1186323406558 3997.737 0.798 74.04738294651865 13874
460 25.6 47.280097656250035 105.80204343981852 3997.737 0.798 82.32252671492587 14505
470 1.7 7.204764705882352 0.6248098561973747 3997.737 0.798 81.71478592236298 14761
480 0 0 0 3997.737 0.798 81.62907267559885 14778
490 0 0 0 3997.737 0.798 81.62907267559885 14778
497 0 0 0 3997.737 0.798 81.62907267559885 14778
