10 0.7 112.06257142857142 16.186891105875436 126.059 80.722 0 0
20 0 0 0 126.059 80.722 112.06257142857142 7
30 0 0 0 126.059 80.722 112.06257142857142 7
40 0.3 105.80933333333333 19.89174321728044 126.059 77.843 112.06257142857142 7
50 0.4 98.79525 13.28125326117607 126.059 77.843 110.1866 10
60 0.2 91.6985 2.4415000000000013 126.059 77.843 106.93192857142857 14
70 0 0 0 126.059 77.843 105.02775 16
80 1 98.2252 13.437543940765368 126.059 76.246 105.02775 16
90 2.4 91.61574999999999 8.850990515426316 126.059 76.246 102.4113846153846 26
100 0.2 104.63 6.646000000000001 126.059 76.246 97.22948000000001 50
110 0 0 0 126.059 76.246 97.5141153846154 52
120 0.1 82.366 0.0 126.059 76.246 97.5141153846154 52
130 3.7 92.24040540540541 24.954140639418195 204.571 76.246 97.22830188679247 53
140 2.7 86.2522962962963 6.07146172414552 204.571 76.246 95.17772222222223 90
150 0.4 79.572 1.360048344728969 204.571 76.246 93.11800854700856 117
160 0 0 0 204.571 76.246 92.67020661157025 121
170 0 0 0 204.571 76.246 92.67020661157025 121
180 0.3 89.20766666666667 6.190287571851748 204.571 76.246 92.67020661157025 121
190 6.6 88.13410606060604 19.476853858260164 219.448 75.816 92.58643548387097 124
200 4.9 87.84906122448979 19.722072874463255 219.448 74.845 91.03983684210526 190
210 0.7 84.97414285714285 4.91720996467862 219.448 74.845 90.3856610878661 239
220 0.1 81.683 0.0 219.448 74.845 90.23167479674797 246
230 13.8 90.94810869565217 24.79872558018313 223.432 74.845 90.19706477732794 247
240 11.6 89.95631034482757 18.180681018130112 223.432 74.845 90.46627012987013 385
250 0.6 85.76433333333334 12.288203254431556 223.432 74.845 90.34819560878243 501
260 0.1 82.962 0.0 223.432 74.845 90.29394871794872 507
270 0 0 0 223.432 74.845 90.2795157480315 508
280 9.9 95.17187878787877 33.67019898369281 256.687 74.845 90.2795157480315 508
290 32 115.01754062500008 52.88793307768415 354.205 74.845 91.0774464579901 607
300 12.2 105.87682786885249 46.86564822782924 354.205 74.845 99.34155663430423 927
310 0.5 84.52899999999998 3.6136319126330436 354.205 74.845 100.10161677788372 1049
320 0 0 0 354.205 74.845 100.0277428842505 1054
330 0 0 0 354.205 74.845 100.0277428842505 1054
340 0 0 0 354.205 74.845 100.0277428842505 1054
350 1.3 88.84053846153849 7.2510500737201955 354.205 74.845 100.0277428842505 1054
360 49.1 170.42686761710786 104.6070666179888 813.496 74.845 99.89144142455484 1067
370 56.2 211.55970640569396 152.5142470313108 1220.374 74.845 122.12051347881899 1558
380 4.3 108.06804651162791 50.453018760009165 1220.374 74.845 145.83033726415096 2120
390 0.2 80.8775 3.7704999999999984 1220.374 74.845 145.07963060564032 2163
400 0 0 0 1220.374 74.845 145.02032147806003 2165
410 0 0 0 1220.374 74.845 145.02032147806003 2165
420 0 0 0 1220.374 74.845 145.02032147806003 2165
430 29 281.182779310345 197.4426999057061 1220.374 74.845 145.02032147806003 2165
440 53.2 3425.1233684210524 2058.5900611113425 8775.699 0.898 161.1046851323829 2455
450 125.5 4215.583054980088 1478.790065451088 9655.696 0.898 742.4431315701373 2987
460 12.5 2248.2985839999983 1460.5556345592818 9655.696 0.898 1769.9750985384276 4242
470 0 0 0 9655.696 0.898 1783.6665195786604 4367
480 0 0 0 9655.696 0.898 1783.6665195786604 4367
490 0 0 0 9655.696 0.898 1783.6665195786604 4367
497 0 0 0 9655.696 0.898 1783.6665195786604 4367
