10 0.1 13.281 0 13.281 13.281 0 0
20 0.1 13.728 0.0 13.728 13.281 13.281 1
30 0 0 0 13.728 13.281 13.5045 2
40 0 0 0 13.728 13.281 13.5045 2
50 0.7 13.92057142857143 0.38141498103129345 14.418 13.257 13.5045 2
60 0.1 15.857 0.0 15.857 13.257 13.828111111111111 9
70 0 0 0 15.857 13.257 14.031 10
80 0 0 0 15.857 13.257 14.031 10
90 0.6 12.154666666666666 0.5844885703663408 15.857 11.673 14.031 10
100 0.7 13.735285714285714 0.5459680038468281 15.857 11.673 13.327375 16
110 0 0 0 15.857 11.673 13.451521739130435 23
120 0 0 0 15.857 11.673 13.451521739130435 23
130 0.6 16.67866666666667 9.270081978541986 37.298 11.609 13.451521739130435 23
140 0.7 12.113285714285713 0.5149684357277817 37.298 11.459 14.119206896551724 29
150 0.2 11.896999999999998 0.39600000000000035 37.298 11.459 13.729166666666666 36
160 0.1 12.345 0.0 37.298 11.459 13.632736842105263 38
170 0 0 0 37.298 11.459 13.599717948717949 39
180 0 0 0 37.298 11.459 13.599717948717949 39
190 1 12.337899999999998 4.068379024869732 37.298 9.707 13.599717948717949 39
200 2 16.09825 15.03930950168591 76.718 9.707 13.342204081632653 49
210 1.2 13.605666666666666 2.8000593842909045 76.718 9.707 14.141057971014494 69
220 0 0 0 76.718 9.707 14.06174074074074 81
230 2.7 15.554037037037041 22.543844051719702 130.428 9.637 14.06174074074074 81
240 4.9 14.04240816326531 17.79492425099666 136.729 9.071 14.434814814814816 108
250 0.7 11.749714285714287 1.1137288352051171 136.729 9.071 14.312343949044589 157
260 0.2 12.1065 0.7584999999999997 136.729 9.071 14.20296341463415 164
270 0 0 0 136.729 9.071 14.177704819277112 166
280 0.6 10.306666666666667 0.5972748297243254 136.729 9.071 14.177704819277112 166
290 7.3 20.37247945205479 28.791043927606356 145.233 9.071 14.042668604651167 172
300 7.8 12.562076923076914 6.010489070439918 145.233 9.071 15.928693877551023 245
310 1.2 11.33925 0.9590004453422669 145.233 9.071 15.11570278637771 323
320 0 0 0 145.233 9.071 14.980426865671642 335
330 0 0 0 145.233 9.071 14.980426865671642 335
340 0 0 0 145.233 9.071 14.980426865671642 335
350 0 0 0 145.233 9.071 14.980426865671642 335
360 9.1 22.29834065934064 30.18143413826111 200.028 9.071 14.980426865671642 335
370 21.7 30.356198156682055 39.975986931700625 337.538 9.071 16.54364319248826 426
380 6.8 11.604573529411757 3.0530574661562224 337.538 9.071 21.20511197511665 643
390 0.4 14.07525 3.8113219081442065 337.538 9.071 20.286917018284115 711
400 0 0 0 337.538 9.071 20.25216643356644 715
410 0 0 0 337.538 9.071 20.25216643356644 715
420 0 0 0 337.538 9.071 20.25216643356644 715
430 3.2 49.03625 80.30383257198875 337.538 9.071 20.25216643356644 715
440 16.5 714.415224242424 588.1981481657284 2924.415 0.832 21.485219544846057 747
450 39.7 573.1761889168771 404.4621631740138 3112.142 0.805 146.8508453947368 912
460 17 111.58392352941166 169.44721359106646 3112.142 0.805 276.14890603514147 1309
470 0.4 10.68775 0.7613538517010343 3112.142 0.805 257.23339080459783 1479
480 0 0 0 3112.142 0.805 256.5683991908295 1483
490 0 0 0 3112.142 0.805 256.5683991908295 1483
497 0 0 0 3112.142 0.805 256.5683991908295 1483
