0 1.1 25.658545454545457 7.595213329503074 47.017 19.897 0 0
10 0.7 22.012142857142862 1.3387232113975955 47.017 19.897 25.658545454545457 11
20 0 0 0 47.017 19.897 24.240500000000004 18
30 1.2 34.64716666666667 21.098526926594243 90.743 19.897 24.240500000000004 18
40 2 25.113799999999998 11.588452789738584 90.743 18.76 28.40316666666667 30
50 0.1 20.798 0.0 90.743 18.76 27.08742 50
60 0 0 0 90.743 18.76 26.96409803921569 51
70 0 0 0 90.743 18.76 26.96409803921569 51
80 5.1 20.717549019607848 2.7013659893434276 90.743 16.832 26.96409803921569 51
90 2 19.55575 1.0259696815695871 90.743 16.832 23.840823529411765 102
100 0 0 0 90.743 16.832 23.138352459016392 122
110 0 0 0 90.743 16.832 23.138352459016392 122
120 3.2 21.387718750000005 3.25652924171555 90.743 16.832 23.138352459016392 122
130 8.5 19.833411764705893 3.9591147652685525 90.743 16.619 22.774584415584417 154
140 1.9 20.677157894736844 6.6148532009263885 90.743 16.619 21.728560669456073 239
150 0 0 0 90.743 16.619 21.65113178294574 258
160 0 0 0 90.743 16.619 21.65113178294574 258
170 0 0 0 90.743 16.619 21.65113178294574 258
180 6.6 20.667484848484847 3.3626914826290837 90.743 16.619 21.65113178294574 258
190 19.5 20.543574358974347 10.350218681616889 136.893 16.377 21.450759259259264 324
200 3.1 19.557322580645156 4.777756751171106 136.893 15.877 21.10990944123314 519
210 0 0 0 136.893 15.877 21.0224 550
220 12.4 20.2350564516129 5.083461375211268 136.893 15.877 21.0224 550
230 35.3 21.68006232294618 16.932764533579775 204.198 15.348 20.877547477744805 674
240 6.4 24.487921874999998 22.568057385041396 204.198 15.348 21.15338753651412 1027
250 0 0 0 204.198 15.348 21.34899725022915 1091
260 0 0 0 204.198 15.348 21.34899725022915 1091
270 0 0 0 204.198 15.348 21.34899725022915 1091
280 51.8 23.231621621621613 22.76360101303763 258.395 15.348 21.34899725022915 1091
290 52.2 27.658739463601517 30.79669100838952 326.389 15.348 21.955087632069606 1609
300 0 0 0 326.389 15.348 23.352228061942746 2131
310 0 0 0 326.389 15.348 23.352228061942746 2131
320 0 0 0 326.389 15.348 23.352228061942746 2131
330 0 0 0 326.389 15.348 23.352228061942746 2131
340 0 0 0 326.389 15.348 23.352228061942746 2131
350 45.9 20.51961220043574 13.757716928110288 326.389 15.348 23.352228061942746 2131
360 150.2 37.4597543275633 45.075718812027866 469.702 14.783 22.85023166023166 2590
370 27.7 75.77410469314079 77.60812908019616 469.702 14.783 28.212769061583597 4092
380 0 0 0 469.702 14.783 31.22821652552073 4369
390 0 0 0 469.702 14.783 31.22821652552073 4369
400 0 0 0 469.702 14.783 31.22821652552073 4369
410 0 0 0 469.702 14.783 31.22821652552073 4369
420 0 0 0 469.702 14.783 31.22821652552073 4369
430 232.4 49.51136660929425 67.68233641739354 728.934 14.783 31.22821652552073 4369
440 221.5 1094.7637440180622 844.3498703685623 4796.431 1.809 37.576646346929614 6693
450 0.2 3636.6530000000002 41.63199999999995 4796.431 1.809 300.44928008531747 8908
460 0 0 0 4796.431 1.809 301.1981473625149 8910
470 0 0 0 4796.431 1.809 301.1981473625149 8910
480 0 0 0 4796.431 1.809 301.1981473625149 8910
490 0 0 0 4796.431 1.809 301.1981473625149 8910
497 0 0 0 4796.431 1.809 301.1981473625149 8910
