10 0.3 28.105 1.4114285907075375 29.435 26.151 0 0
20 0.5 25.2134 4.49943679142179 29.435 19.708 28.105 3
30 0 0 0 29.435 19.708 26.29775 8
40 0.4 22.51875 2.5642902892418395 29.435 18.952 26.29775 8
50 0.7 30.328285714285716 27.04463430127677 96.566 18.664 25.038083333333333 12
60 0.3 22.325333333333333 3.922808631013697 96.566 18.664 26.987105263157893 19
70 0.1 34.872 0.0 96.566 18.664 26.35140909090909 22
80 0.2 17.427500000000002 1.172500000000002 96.566 16.255 26.72186956521739 23
90 2.2 18.312090909090912 2.4881268951323596 96.566 15.892 25.97832 25
100 0.8 18.801375 3.341172658569892 96.566 15.892 22.389872340425534 47
110 0 0 0 96.566 15.892 21.867909090909095 55
120 0 0 0 96.566 15.892 21.867909090909095 55
130 1.4 19.250785714285715 9.081127527370562 96.566 13.5 21.867909090909095 55
140 4.3 17.42211627906977 2.3723889952153114 96.566 13.5 21.33689855072464 69
150 1.6 17.8184375 1.1862056086925874 96.566 13.5 19.833901785714286 112
160 0.2 16.798000000000002 0.139000000000002 96.566 13.5 19.58196875 128
170 0 0 0 96.566 13.5 19.539138461538464 130
180 0 0 0 96.566 13.5 19.539138461538464 130
190 3.7 20.993567567567563 20.260445398829418 132.325 13.5 19.539138461538464 130
200 9.6 17.797010416666662 4.951580335893599 132.325 13.5 19.861377245508983 167
210 2.2 18.11309090909091 2.348948679904789 132.325 13.5 19.107844106463876 263
220 0.1 19.912 0.0 132.325 13.5 19.031056140350877 285
230 7.8 20.06691025641025 14.43882192277428 133.498 13.5 19.034136363636364 286
240 16.1 18.068291925465857 10.100089538155329 135.705 13.5 19.255445054945053 364
250 4 16.786850000000005 2.1956475986596766 135.705 13.5 18.891384761904767 525
260 0.4 17.0085 0.7660931731845669 135.705 13.5 18.742391150442483 565
270 0 0 0 135.705 13.5 18.7302021089631 569
280 2.3 21.958391304347828 24.485541719179167 136.104 13.5 18.7302021089631 569
290 22.9 24.818947598253274 26.422781613895125 175.373 13.5 18.855621621621626 592
300 22.6 19.823106194690244 13.408386223608947 175.373 13.5 20.518961023142513 821
310 3.1 16.563032258064514 1.3430290627814223 175.373 13.5 20.36875740210124 1047
320 0.2 17.325 1.7850000000000001 175.373 13.5 20.259316326530612 1078
330 0 0 0 175.373 13.5 20.25388240740741 1080
340 0 0 0 175.373 13.5 20.25388240740741 1080
350 0 0 0 175.373 13.5 20.25388240740741 1080
360 24.9 45.16340963855422 53.13734800326553 277.314 13.5 20.25388240740741 1080
370 63.3 48.576603475513494 66.78837753051597 462.78 13.5 24.920904439428146 1329
380 20.8 20.87069711538463 18.040896102263986 462.78 13.5 32.552941896024485 1962
390 1 17.437000000000005 1.219553442863409 462.78 13.5 31.433169124423983 2170
400 0 0 0 462.78 13.5 31.368966513761485 2180
410 0 0 0 462.78 13.5 31.368966513761485 2180
420 0 0 0 462.78 13.5 31.368966513761485 2180
430 7.9 74.70713924050635 87.18728711616627 462.78 13.5 31.368966513761485 2180
440 36.5 1024.4331863013695 827.0836045676538 3961.02 0.82 32.88455555555557 2259
450 124.5 830.8509951807237 537.479387510714 4668.907 0.82 170.8095746951219 2624
460 55.1 242.061823956443 337.0471937734414 4668.907 0.82 383.20336340139596 3869
470 1.4 16.905428571428576 2.1367733590053715 4668.907 0.82 365.60856968325817 4420
480 0 0 0 4668.907 0.82 364.5075674334689 4434
490 0 0 0 4668.907 0.82 364.5075674334689 4434
497 0 0 0 4668.907 0.82 364.5075674334689 4434
