10 0.2 131.96300000000002 1.9969999999999928 133.96 129.966 0 0
20 0 0 0 133.96 129.966 131.96300000000002 2
30 0 0 0 133.96 129.966 131.96300000000002 2
40 0.4 132.24975 0.9812403821184714 133.96 129.966 131.96300000000002 2
50 0.4 131.09425000000002 1.6591572220558284 133.96 128.619 132.15416666666667 6
60 0 0 0 133.96 128.619 131.73020000000002 10
70 0 0 0 133.96 128.619 131.73020000000002 10
80 0.2 138.25 8.933999999999997 147.184 128.619 131.73020000000002 10
90 1 131.9329 2.7764341321198267 147.184 127.241 132.81683333333334 12
100 0.1 129.724 0.0 147.184 127.241 132.41504545454546 22
110 0 0 0 147.184 127.241 132.2980434782609 23
120 0.1 131.895 0.0 147.184 127.241 132.2980434782609 23
130 0.9 132.51611111111112 2.2075149650653834 147.184 127.241 132.28125000000003 24
140 0.5 133.1154 2.231838130331138 147.184 127.241 132.34530303030306 33
150 0.1 128.363 0.0 147.184 127.241 132.44663157894738 38
160 0 0 0 147.184 127.241 132.3419230769231 39
170 0 0 0 147.184 127.241 132.3419230769231 39
180 0.2 131.5115 0.32050000000000267 147.184 127.241 132.3419230769231 39
190 1.9 135.22926315789474 2.159561379493665 147.184 127.241 132.30141463414637 41
200 2 137.5662 10.822298889792325 183.572 127.241 133.2285666666667 60
210 0.1 132.841 0.0 183.572 127.241 134.31297500000002 80
220 0.3 134.028 1.2759069976556519 183.572 127.241 134.29480246913585 81
230 5.4 138.75725925925923 16.954458936270232 256.097 127.241 134.28527380952386 84
240 2.7 136.42148148148146 4.577129339487556 256.097 127.241 136.03518115942032 138
250 0.1 136.843 0.0 256.097 127.241 136.09839393939396 165
260 0 0 0 256.097 127.241 136.1028795180723 166
270 0 0 0 256.097 127.241 136.1028795180723 166
280 4.1 140.07099999999997 19.004798843270375 257.951 127.241 136.1028795180723 166
290 11.3 144.11485840707957 23.456116148595694 260.588 127.241 136.8888357487923 207
300 1.5 145.65506666666667 30.109841559345508 260.588 127.241 139.44052499999998 320
310 0 0 0 260.588 127.241 139.71878805970147 335
320 0 0 0 260.588 127.241 139.71878805970147 335
330 0 0 0 260.588 127.241 139.71878805970147 335
340 0 0 0 260.588 127.241 139.71878805970147 335
350 1.3 136.16515384615383 3.058686214855451 260.588 127.241 139.71878805970147 335
360 20.9 160.14993301435393 52.85160554744654 450.706 127.241 139.5860373563218 348
370 15.1 171.5846423841062 61.00769569579337 537.306 127.241 147.30211310592455 557
380 0.7 153.0917142857143 21.064858513744667 537.306 127.241 152.48101412429378 708
390 0 0 0 537.306 127.241 152.486993006993 715
400 0 0 0 537.306 127.241 152.486993006993 715
410 0 0 0 537.306 127.241 152.486993006993 715
420 0 0 0 537.306 127.241 152.486993006993 715
430 19 199.49752105263167 102.67889165798742 654.352 127.241 152.486993006993 715
440 37.4 1177.378799465241 756.8893756713778 3756.941 0.856 162.3566066298343 905
450 20.4 1348.1302941176466 673.9384915788968 3756.941 0.856 459.1652853792026 1279
460 0.2 1286.1295 130.60550000000006 3756.941 0.856 581.450424814565 1483
470 0 0 0 3756.941 0.856 582.3994875420875 1485
480 0 0 0 3756.941 0.856 582.3994875420875 1485
490 0 0 0 3756.941 0.856 582.3994875420875 1485
497 0 0 0 3756.941 0.856 582.3994875420875 1485
