0 1.2 124.40624999999999 9.876407175056116 150.578 116.708 0 0
10 1.6 121.23631250000001 3.2489694273482685 150.578 116.708 124.40624999999999 12
20 0.1 123.929 0.0 150.578 116.708 122.59485714285714 28
30 0.2 122.5415 0.9775000000000063 150.578 116.708 122.64086206896552 29
40 2.5 129.01003999999998 36.48219948246542 306.903 115.955 122.63445161290323 31
50 1.6 121.4044375 2.3892419291678593 306.903 115.955 125.48069642857142 56
60 0.3 119.519 2.949826209570093 306.903 115.955 124.5748611111111 72
70 0.1 117.349 0.0 306.903 115.955 124.37262666666666 75
80 3.9 122.64997435897436 3.5198526228411926 306.903 115.955 124.2802105263158 76
90 6.6 122.62378787878787 2.2468625162937323 306.903 115.955 123.72734782608696 115
100 1.1 121.16518181818182 2.3057713683940535 306.903 115.955 123.32494475138121 181
110 0.4 118.84100000000001 1.908063809205551 306.903 115.955 123.20120833333333 192
120 1.4 121.56971428571431 2.890820185853625 306.903 115.955 123.11222448979592 196
130 12.4 124.84589516129031 6.669875772430397 306.903 115.955 123.00939047619046 210
140 8.2 124.48699999999997 5.0164769388534785 306.903 115.955 123.69120658682634 334
150 0.7 119.68671428571429 2.421869744892258 306.903 115.955 123.84806971153844 416
160 0.2 118.5625 0.1424999999999983 306.903 115.955 123.77920567375885 423
170 0 0 0 306.903 115.955 123.75465647058822 425
180 2.9 126.61513793103451 20.098140634060957 306.903 115.955 123.75465647058822 425
190 26.1 128.16733716475105 14.718051331525878 306.903 115.955 123.93737444933919 454
200 15.2 127.57105921052622 11.343939780917077 306.903 115.955 125.48145874125876 715
210 2.4 122.88574999999999 4.488616743589652 306.903 115.955 125.84780161476354 867
220 5.8 127.12336206896553 17.524026736414246 306.903 115.955 125.76801571268237 891
230 49.3 129.27061663286005 12.319225916988474 306.903 115.955 125.85085036880926 949
240 29.8 128.84135234899338 10.712201004575466 306.903 115.955 127.02002149791954 1442
250 3.1 124.75174193548389 3.45617600514847 306.903 115.955 127.33195057471265 1740
260 0.6 119.46266666666666 1.3943111401532802 306.903 115.955 127.2867859966121 1771
270 0 0 0 306.903 115.955 127.26036803601578 1777
280 47.2 128.8768961864409 7.20101017100147 306.903 115.955 127.26036803601578 1777
290 104 135.2390384615386 27.821817562434074 532.776 115.955 127.59963050244559 2249
300 24.1 130.47209543568454 12.126633932908138 532.776 115.955 130.01525357251452 3289
310 3.2 128.6619375 22.889246821566545 532.776 115.955 130.04644305949014 3530
320 0.4 118.9835 2.291866106473064 532.776 115.955 130.03400505334088 3562
330 0 0 0 532.776 115.955 130.021609646663 3566
340 0 0 0 532.776 115.955 130.021609646663 3566
350 17.3 131.75821387283256 18.526170923668676 532.776 115.955 130.021609646663 3566
360 201.5 141.74554838709642 37.18749078702077 991.295 115.955 130.1019606846751 3739
370 133.6 149.66563847305423 42.31665473057995 991.295 115.955 134.1794423010079 5754
380 16.2 128.6457037037037 3.5672653683886235 991.295 115.955 137.09757461212973 7090
390 2.4 122.55312500000002 2.5144643782275016 991.295 115.955 136.9087710976282 7252
400 0.2 119.5265 1.3494999999999955 991.295 115.955 136.86141877405163 7276
410 0 0 0 991.295 115.955 136.85665512503428 7278
420 0 0 0 991.295 115.955 136.85665512503428 7278
430 203.5 158.22888157248175 63.84111953483164 991.295 115.955 136.85665512503428 7278
440 374 742.0235077540121 528.6998377459059 4298.54 0.514 141.52673789326744 9313
450 133.5 734.0577610486896 450.8347707671585 4298.54 0.514 313.58357687887883 13053
460 34.3 200.06193002915447 144.6607906592667 4298.54 0.514 352.59754934667825 14388
470 3.6 124.4278611111111 2.2722481666204217 4298.54 0.514 349.0458748218048 14731
480 0.1 121.697 0.0 4298.54 0.514 348.49828570461204 14767
490 0 0 0 4298.54 0.514 348.4829280877577 14768
497 0 0 0 4298.54 0.514 348.4829280877577 14768
