10 0.7 46.476000000000006 12.106285486709552 65.515 29.22 0 0
20 0 0 0 65.515 29.22 46.476000000000006 7
30 0 0 0 65.515 29.22 46.476000000000006 7
40 0.3 33.179 7.0093600754039365 65.515 23.408 46.476000000000006 7
50 0.4 27.582 7.455390231235385 65.515 20.712 42.486900000000006 10
60 0.2 21.058500000000002 1.2634999999999978 65.515 19.795 38.22835714285714 14
70 0 0 0 65.515 19.795 36.082125 16
80 1 26.0448 8.510393372811858 65.515 19.199 36.082125 16
90 2.4 24.23720833333334 12.04772153762959 68.805 17.341 32.22161538461538 26
100 0.2 19.420499999999997 1.1395000000000008 68.805 17.341 28.3891 50
110 0 0 0 68.805 17.341 28.044153846153844 52
120 0.1 20.0 0.0 68.805 17.341 28.044153846153844 52
130 3.7 18.761756756756757 1.0434780823765735 68.805 16.084 27.892377358490563 53
140 2.7 19.21229629629629 1.4708965473306563 68.805 16.084 24.138677777777776 90
150 0.4 20.85875 2.0717649933088462 68.805 16.084 23.00182051282051 117
160 0 0 0 68.805 16.084 22.930975206611567 121
170 0 0 0 68.805 16.084 22.930975206611567 121
180 0.3 17.762999999999998 0.5015495987437345 68.805 16.084 22.930975206611567 121
190 6.6 19.40942424242424 5.965167350291865 68.805 16.084 22.805943548387095 124
200 4.9 19.770653061224486 6.812527744338999 68.805 15.248 21.626099999999997 190
210 0.7 18.928285714285714 1.7377767170633138 68.805 15.248 21.245694560669452 239
220 0.1 19.456 0.0 68.805 15.248 21.179752032520323 246
230 13.8 23.743746376811597 23.683186038990076 166.602 15.248 21.172773279352224 247
240 11.6 19.94922413793102 7.165759225465811 166.602 15.248 22.094316883116882 385
250 0.6 19.083833333333335 1.1150843640231396 166.602 15.248 21.597648702594807 501
260 0.1 19.824 0.0 166.602 15.248 21.56789940828402 507
270 0 0 0 166.602 15.248 21.56446653543307 508
280 9.9 21.251595959595967 17.619018618216923 166.602 15.076 21.56446653543307 508
290 32 30.061568750000003 33.624852380646566 207.991 15.076 21.513438220757827 607
300 12.2 23.5392786885246 18.854993883111412 207.991 15.076 24.464249190938517 927
310 0.5 19.7478 3.212563176032497 207.991 15.076 24.356673975214495 1049
320 0 0 0 207.991 15.076 24.33481024667932 1054
330 0 0 0 207.991 15.076 24.33481024667932 1054
340 0 0 0 207.991 15.076 24.33481024667932 1054
350 0.8 34.23512500000001 42.618799767348854 207.991 15.076 24.33481024667932 1054
360 49.4 49.25870850202429 57.25390022992762 367.52 15.076 24.40938888888889 1062
370 56.3 57.189802841918365 70.81638765118498 484.675 14.764 32.29856876606684 1556
380 4.4 22.23747727272728 13.847467294662811 484.675 14.764 38.911954695611165 2119
390 0.2 17.0445 0.14550000000000107 484.675 14.764 38.572760517799374 2163
400 0 0 0 484.675 14.764 38.55287297921481 2165
410 0 0 0 484.675 14.764 38.55287297921481 2165
420 0 0 0 484.675 14.764 38.55287297921481 2165
430 27.9 78.49044086021503 94.17191429585651 485.36 14.764 38.55287297921481 2165
440 43 1169.547258139533 881.1227776845046 4224.633 0.804 43.112030687397734 2444
450 132.8 1028.8225820783127 630.4032365084437 4468.028 0.804 211.646180932498 2874
460 16.5 397.4924606060607 380.8938398683796 4468.028 0.804 469.906595192765 4202
470 0 0 0 4468.028 0.804 467.17054476757465 4367
480 0 0 0 4468.028 0.804 467.17054476757465 4367
490 0 0 0 4468.028 0.804 467.17054476757465 4367
497 0 0 0 4468.028 0.804 467.17054476757465 4367
