10 1 103.56499999999998 11.981967484516057 123.837 83.886 0 0
20 0.4 102.38125000000001 4.093556117546212 123.837 83.886 103.56499999999998 10
30 0 0 0 123.837 83.886 103.22678571428571 14
40 0.2 80.47200000000001 0.5310000000000024 123.837 79.941 103.22678571428571 14
50 1.2 96.18458333333335 16.156384849641405 123.837 76.162 100.3824375 16
60 0.3 98.83133333333335 15.378644334126315 123.837 76.162 98.58335714285714 28
70 0.1 131.646 0.0 131.646 76.162 98.60735483870968 31
80 0.8 97.778625 30.03901920809624 170.159 71.662 99.6398125 32
90 3.6 90.666 10.695285544990785 170.159 71.662 99.26757500000001 40
100 2.7 81.89148148148149 7.1225215955647805 170.159 71.487 95.1931447368421 76
110 0 0 0 170.159 71.487 91.70630097087378 103
120 0.1 84.608 0.0 170.159 71.487 91.70630097087378 103
130 4.5 85.10979999999998 8.555711396098708 170.159 71.487 91.63804807692307 104
140 6.2 80.92795161290323 6.778780239092925 170.159 71.487 89.66642953020134 149
150 2.7 82.07218518518522 6.719794292690581 170.159 68.585 87.09872511848342 211
160 0.4 91.65225000000001 14.673376441279627 170.159 68.585 86.52848739495799 238
170 0 0 0 170.159 68.585 86.61317768595042 242
180 0 0 0 170.159 68.585 86.61317768595042 242
190 7.5 91.04565333333335 35.302247752229924 317.756 68.585 86.61317768595042 242
200 12.2 83.0734262295082 16.145985499583315 317.756 68.585 87.66187066246057 317
210 4.9 83.11857142857141 13.033410844629195 317.756 68.585 86.38672209567198 439
220 0.5 77.1722 3.568016165882659 317.756 68.585 86.05856762295082 488
230 15 96.88550666666667 37.097625230868296 317.756 68.585 85.96844219066936 493
240 27.3 89.41053113553116 24.363760403290716 317.756 68.585 88.51519129082426 643
250 9.1 84.04737362637366 15.360246814815559 317.756 68.585 88.78203384279477 916
260 0.9 77.34744444444443 3.2256254901133747 317.756 68.585 88.35417477656407 1007
270 0 0 0 317.756 68.585 88.25667421259843 1016
280 8.5 96.75537647058829 37.52644287212339 317.756 68.585 88.25667421259843 1016
290 49 117.19381836734689 61.77066076539525 442.477 68.585 88.91279564032699 1101
300 44.4 97.91238738738735 40.564284950589666 442.477 68.585 97.62285292269011 1591
310 6.5 80.64875384615385 12.907360899330357 442.477 68.585 97.68602407862406 2035
320 0.8 79.601375 6.923114272809236 442.477 68.585 97.15867999999998 2100
330 0 0 0 442.477 68.585 97.09204886148004 2108
340 0 0 0 442.477 68.585 97.09204886148004 2108
350 0.3 88.86966666666666 5.8028118088465375 442.477 68.585 97.09204886148004 2108
360 50.1 181.08065668662692 118.51162158817579 1192.958 68.585 97.08036380862147 2111
370 127.9 194.05927286942955 151.9615269454312 1472.282 68.585 113.19221171516081 2612
380 41.2 92.84891504854377 32.469108889941246 1472.282 68.585 139.77380287843752 3891
390 2.5 80.03252000000003 6.051863687295018 1472.282 68.585 135.28087845689066 4303
400 0.2 74.977 1.4590000000000032 1472.282 68.585 134.9617451478744 4328
410 0 0 0 1472.282 68.585 134.93403856812944 4330
420 0 0 0 1472.282 68.585 134.93403856812944 4330
430 15.1 284.1156887417216 197.87399699909997 1472.282 68.585 134.93403856812944 4330
440 34.7 3230.011763688757 2021.5985457707623 8652.199 0.89 139.96113724615049 4481
450 145.5 3656.204734707898 1437.810595440484 9877.859 0.89 362.05052568351266 4828
460 233 897.8015278969953 1077.553490673249 9877.859 0.89 1124.9017709692807 6283
470 11.7 76.70432478632479 13.545654030916456 9877.859 0.89 1063.4663168466261 8613
480 0.3 73.42399999999999 8.928727830249207 9877.859 0.89 1050.2416715922097 8730
490 0 0 0 9877.859 0.89 1049.906110729416 8733
497 0 0 0 9877.859 0.89 1049.906110729416 8733
