0 4.3 43
10 8.2 125
20 3.1 156
30 0.6 162
40 9 252
50 13.1 383
60 7.4 457
70 1.6 473
80 4.7 520
90 25.9 779
100 26.6 1045
110 8.8 1133
120 0.7 1140
130 24.4 1384
140 56.7 1951
150 30.2 2253
160 6.4 2317
170 1.7 2334
180 65.1 2985
190 115.3 4138
200 67.2 4810
210 11.2 4922
220 1.6 4938
230 118.3 6121
240 229.5 8416
250 131.1 9727
260 30.4 10031
270 3.8 10069
280 201.4 12083
290 448.4 16567
300 271.7 19284
310 62.6 19910
320 7.6 19986
330 0.7 19993
340 0 19993
350 122.7 21220
360 740.6 28626
370 787.2 36498
380 278.9 39287
390 49.8 39785
400 4.3 39828
410 0.6 39834
420 0.2 39836
430 817.4 48010
440 1079.7 58807
450 1024.6 69053
460 897.7 78030
470 159.6 79626
480 13.5 79761
490 0.9 79770
497 0.2 79772
