0 2.4 24
10 5.9 83
20 1.6 99
30 0.4 103
40 4.8 151
50 9.6 247
60 4.8 295
70 0.5 300
80 1.3 313
90 17.6 489
100 17.7 666
110 4.1 707
120 0.4 711
130 14 851
140 38.8 1239
150 17.6 1415
160 2.6 1441
170 1 1451
180 35.8 1809
190 83.3 2642
200 38.2 3024
210 4.6 3070
220 0.4 3074
230 67 3744
240 162.1 5365
250 77.7 6142
260 13.9 6281
270 0.9 6290
280 111 7400
290 319.7 10597
300 160.9 12206
310 29.4 12500
320 2.4 12524
330 0.3 12527
340 0 12527
350 31.1 12838
360 500.6 17844
370 546.8 23312
380 141 24722
390 20.2 24924
400 1.7 24941
410 0.2 24943
420 0.1 24944
430 436.3 29307
440 795 37257
450 711.5 44372
460 482.5 49197
470 64.3 49840
480 5.3 49893
490 0.4 49897
497 0.1 49898
