0 2.3 1.5611304347826092 1.7310713773329944 9.626 0.847 0 0
10 0.7 1.0132857142857141 0.15459321209060178 9.626 0.847 1.5611304347826092 23
20 0 0 0 9.626 0.847 1.4333000000000002 30
30 0 0 0 9.626 0.847 1.4333000000000002 30
40 3.9 1.2382051282051278 0.7766908496120818 9.626 0.693 1.4333000000000002 30
50 1.9 1.077736842105263 0.10520348308485612 9.626 0.693 1.3230289855072461 69
60 0 0 0 9.626 0.693 1.2700681818181818 88
70 0 0 0 9.626 0.693 1.2700681818181818 88
80 3.3 1.62 2.1242161049681503 12.44 0.693 1.2700681818181818 88
90 8.2 1.1260487804878048 0.5144129237850167 12.44 0.667 1.365504132231405 121
100 0.5 1.0734 0.1234675665913927 12.44 0.667 1.2687783251231528 203
110 0 0 0 12.44 0.667 1.264081730769231 208
120 0 0 0 12.44 0.667 1.264081730769231 208
130 12.7 1.1117795275590543 0.659585254002403 12.44 0.667 1.264081730769231 208
140 9.1 1.065318681318682 1.1276339020814936 12.44 0.608 1.2063432835820893 335
150 0 0 0 12.44 0.608 1.176218309859155 426
160 0 0 0 12.44 0.608 1.176218309859155 426
170 0 0 0 12.44 0.608 1.176218309859155 426
180 29.6 1.0081756756756761 0.8757671750035695 14.269 0.554 1.176218309859155 426
190 18.4 0.8561250000000002 0.3824475534163219 14.269 0.528 1.107325484764543 722
200 0 0 0 14.269 0.528 1.0563090507726272 906
210 0 0 0 14.269 0.528 1.0563090507726272 906
220 0 0 0 14.269 0.528 1.0563090507726272 906
230 58.5 0.9151880341880347 0.8500835085335743 14.363 0.501 1.0563090507726272 906
240 36.1 0.7843351800554015 0.3777962283393065 14.363 0.48 1.0009396378269622 1491
250 0 0 0 14.363 0.48 0.9587181425485963 1852
260 0 0 0 14.363 0.48 0.9587181425485963 1852
270 0 0 0 14.363 0.48 0.9587181425485963 1852
280 99.6 0.8321114457831315 0.46736994263928494 14.363 0.48 0.9587181425485963 1852
290 83.5 0.795647904191617 1.0896305183169674 21.725 0.459 0.9144413623595503 2848
300 0 0 0 21.725 0.459 0.8875088243279934 3683
310 0 0 0 21.725 0.459 0.8875088243279934 3683
320 0 0 0 21.725 0.459 0.8875088243279934 3683
330 0 0 0 21.725 0.459 0.8875088243279934 3683
340 0 0 0 21.725 0.459 0.8875088243279934 3683
350 86.4 0.8088622685185195 0.4963969982510287 21.725 0.448 0.8875088243279934 3683
360 244.9 0.7557166190281739 0.9409354500523468 27.105 0.396 0.8725647679788873 4547
370 66.2 0.6984274924471306 0.4733740720764668 27.105 0.389 0.8316612349914235 6996
380 0.5 0.8352 0.08186183481940776 27.105 0.389 0.8201437712196394 7658
390 0 0 0 27.105 0.389 0.8201535951977031 7663
400 0 0 0 27.105 0.389 0.8201535951977031 7663
410 0 0 0 27.105 0.389 0.8201535951977031 7663
420 0 0 0 27.105 0.389 0.8201535951977031 7663
430 453.2 0.6833614298323054 0.5418878123214512 27.105 0.369 0.8201535951977031 7663
440 775.7 0.6402074255511098 0.8391419673469662 28.069 0.338 0.7693178351783524 12195
450 101.8 0.7181326129666004 0.5650917576770587 28.069 0.338 0.7191218925420994 19952
460 4.4 0.8720454545454548 0.31870247984783084 28.069 0.338 0.7190738674296597 20970
470 0.9 0.8214444444444444 0.0956511150090219 28.069 0.338 0.7193941657942308 21014
480 0 0 0 28.069 0.338 0.7194378537791926 21023
490 0 0 0 28.069 0.338 0.7194378537791926 21023
497 0 0 0 28.069 0.338 0.7194378537791926 21023
