0 0.1 0.10897168014414532 0 0.10897168014414532 0.10897168014414532 0 0
10 0.1 0.012491412154144028 0.0 0.10897168014414532 0.012491412154144028 0.10897168014414532 1
20 0.1 0.015616215878568306 0.0 0.10897168014414532 0.012491412154144028 0.06073154614914467 2
30 0.1 0.00624538102028708 0.0 0.10897168014414532 0.00624538102028708 0.04569310272561922 3
40 0.1 0.002081988715621161 0.0 0.10897168014414532 0.002081988715621161 0.03583117229928618 4
50 0.1 0.019781157926518203 0.0 0.10897168014414532 0.002081988715621161 0.029081335582553176 5
60 0.1 0.026025671722587164 0.0 0.10897168014414532 0.002081988715621161 0.027531305973214015 6
70 0.1 0.017694325325783754 0.0 0.10897168014414532 0.002081988715621161 0.027316215365981607 7
80 0.1 0.0020819453697534978 0.0 0.10897168014414532 0.0020819453697534978 0.026113479110956874 8
90 0.1 0.01145117634811576 0.0 0.10897168014414532 0.0020819453697534978 0.02344330869526761 9
100 0.1 0.0603984213102292 0.0 0.10897168014414532 0.0020819453697534978 0.022244095460552428 10
110 0.1 0.05101722091497824 0.0 0.10897168014414532 0.0020819453697534978 0.02571267053779577 11
120 0.1 0.020820103892318424 0.0 0.10897168014414532 0.0020819453697534978 0.027821383069227643 12
130 0.1 0.0010410918971817643 0.0 0.10897168014414532 0.0010410918971817643 0.02728282313254232 13
140 0.1 0.04477674108630456 0.0 0.10897168014414532 0.0010410918971817643 0.025408413758587992 14
150 0.1 0.14685358385235486 0.0 0.14685358385235486 0.0010410918971817643 0.026699635580435765 15
160 0.1 0.09370900231148872 0.0 0.14685358385235486 0.0010410918971817643 0.03420925734743071 16
170 0.1 0.02082400591401768 0.0 0.14685358385235486 0.0010410918971817643 0.037709242345316474 17
180 0.1 0.00936807153043062 0.0 0.14685358385235486 0.0010410918971817643 0.036771173654688766 18
190 0.1 0.23021552756856983 0.0 0.23021552756856983 0.0010410918971817643 0.03532890512183307 19
200 0.1 0.3762297815574454 0.0 0.3762297815574454 0.0010410918971817643 0.04507323624416991 20
210 0.1 0.18952805431749073 0.0 0.3762297815574454 0.0010410918971817643 0.06084259554480208 21
220 0.1 0.026033260093094937 0.0 0.3762297815574454 0.0010410918971817643 0.06669193457992428 22
230 0.1 0.0031229505636925763 0.0 0.3762297815574454 0.0010410918971817643 0.06492416612397518 23
240 0.1 0.30335567671250013 0.0 0.3762297815574454 0.0010410918971817643 0.062349115475630074 24
250 0.1 0.6768877763871506 0.0 0.6768877763871506 0.0010410918971817643 0.07198937792510487 25
260 0.1 0.3595023237396578 0.0 0.6768877763871506 0.0010410918971817643 0.09525470094287586 26
270 0.1 0.08223769817723786 0.0 0.6768877763871506 0.0010410918971817643 0.10504164993534927 27
280 0.1 0.012492062335391053 0.0 0.6768877763871506 0.0010410918971817643 0.10422722308684529 28
290 0.1 0.6362517470847153 0.0 0.6768877763871506 0.0010410918971817643 0.10106394168162272 29
300 0.1 1.4339725111751682 0.0 1.4339725111751682 0.0010410918971817643 0.11890353519505915 30
310 0.1 0.8594255199315797 0.0 1.4339725111751682 0.0010410918971817643 0.16132511506538524 31
320 0.1 0.2051762745404364 0.0 1.4339725111751682 0.0010410918971817643 0.1831407527174538 32
330 0.1 0.02394685879682652 0.0 1.4339725111751682 0.0010410918971817643 0.18380849580299874 33
340 0.1 0.011451533985029723 0.0 1.4339725111751682 0.0010410918971817643 0.179106682949876 34
350 0.1 0.0010409726848767489 0.0 1.4339725111751682 0.0010409726848767489 0.17431653583659468 35
360 0.1 0.28039818627195495 0.0 1.4339725111751682 0.0010409726848767489 0.16950332574904695 36
370 0.1 2.7013459668057602 0.0 2.7013459668057602 0.0010409726848767489 0.172500484141558 37
380 0.1 3.602925022753664 0.0 3.602925022753664 0.0010409726848767489 0.23904904947482647 38
390 0.1 1.180790253264906 0.0 3.602925022753664 0.0010409726848767489 0.32530227955889923 39
400 0.1 0.18850043219712356 0.0 3.602925022753664 0.0010409726848767489 0.34668947890154944 40
410 0.1 0.02810918858142295 0.0 3.602925022753664 0.0010409726848767489 0.3428312094697342 41
420 0.1 0.007286884648616012 0.0 3.602925022753664 0.0010409726848767489 0.3353378280200125 42
430 0.1 0.0031233732431025507 0.0 3.602925022753664 0.0010409726848767489 0.32770873631370095 43
440 0.1 2.256181749717585 0.0 3.602925022753664 0.0010409726848767489 0.32033179624391467 44
450 0.1 4.215839241023279 0.0 4.215839241023279 0.0010409726848767489 0.36335068409888516 45
460 0.1 4.9477453774757 0.0 4.9477453774757 0.0010409726848767489 0.44710043533637195 46
470 0.1 4.435698552056039 0.0 4.9477453774757 0.0010409726848767489 0.542858838360613 47
480 0.1 0.5817226496528429 0.0 4.9477453774757 0.0010409726848767489 0.6239596657292678 48
490 0.1 0.0853517637629719 0.0 4.9477453774757 0.0010409726848767489 0.6230976858093407 49
497 0.1 0.01145224932587896 0.0 4.9477453774757 0.0010409726848767489 0.6123427673684133 50
