0 0.1 1
10 0.9 10
20 1.6 26
30 0.4 30
40 0.2 32
50 2.2 54
60 2.4 78
70 0.9 87
80 0.1 88
90 1 98
100 6.3 161
110 4 201
120 0.6 207
130 0.4 211
140 6 271
150 10.9 380
160 3.8 418
170 0.8 426
180 0.5 431
190 14.9 580
200 23.8 818
210 7.6 894
220 1.2 906
230 1.7 923
240 28.1 1204
250 43.7 1641
260 18.4 1825
270 2.5 1850
280 2.9 1879
290 47.2 2351
300 90.6 3257
310 37.1 3628
320 4.9 3677
330 0.6 3683
340 0 3683
350 0 3683
360 34 4023
370 166.1 5684
380 129.2 6976
390 33.2 7308
400 3 7338
410 0.4 7342
420 0.1 7343
430 4.9 7392
440 51.7 7909
450 156.7 9476
460 400.9 13485
470 125.3 14738
480 10.5 14843
490 0.9 14852
497 0.1 14853
