0 0.1 0.0 0 0.0 0.0 0 0
10 0.1 0.0 0.0 0.0 0.0 0.0 1
20 0.1 0.0 0.0 0.0 0.0 0.0 2
30 0.1 0.0 0.0 0.0 0.0 0.0 3
40 0.1 0.0 0.0 0.0 0.0 0.0 4
50 0.1 0.0 0.0 0.0 0.0 0.0 5
60 0.1 0.0 0.0 0.0 0.0 0.0 6
70 0.1 0.0 0.0 0.0 0.0 0.0 7
80 0.1 0.0 0.0 0.0 0.0 0.0 8
90 0.1 0.0 0.0 0.0 0.0 0.0 9
100 0.1 0.0 0.0 0.0 0.0 0.0 10
110 0.1 0.0 0.0 0.0 0.0 0.0 11
120 0.1 0.0 0.0 0.0 0.0 0.0 12
130 0.1 0.0 0.0 0.0 0.0 0.0 13
140 0.1 0.0 0.0 0.0 0.0 0.0 14
150 0.1 0.0 0.0 0.0 0.0 0.0 15
160 0.1 0.0 0.0 0.0 0.0 0.0 16
170 0.1 0.0 0.0 0.0 0.0 0.0 17
180 0.1 0.0 0.0 0.0 0.0 0.0 18
190 0.1 0.0 0.0 0.0 0.0 0.0 19
200 0.1 0.0 0.0 0.0 0.0 0.0 20
210 0.1 0.0 0.0 0.0 0.0 0.0 21
220 0.1 0.0 0.0 0.0 0.0 0.0 22
230 0.1 0.0703125 0.0 0.0703125 0.0 0.0 23
240 0.1 0.140625 0.0 0.140625 0.0 0.0029296875 24
250 0.1 0.12109375 0.0 0.140625 0.0 0.0084375 25
260 0.1 0.1015625 0.0 0.140625 0.0 0.012770432692307692 26
270 0.1 0.078125 0.0 0.140625 0.0 0.016059027777777776 27
280 0.1 0.0703125 0.0 0.140625 0.0 0.018275669642857144 28
290 0.1 0.21875 0.0 0.21875 0.0 0.020070043103448277 29
300 0.1 0.19140625 0.0 0.21875 0.0 0.026692708333333332 30
310 0.1 0.30078125 0.0 0.30078125 0.0 0.032006048387096774 31
320 0.1 0.26171875 0.0 0.30078125 0.0 0.0404052734375 32
330 0.1 0.21875 0.0 0.30078125 0.0 0.047111742424242424 33
340 0.1 0.1796875 0.0 0.30078125 0.0 0.05215992647058824 34
350 0.1 0.16015625 0.0 0.30078125 0.0 0.05580357142857143 35
360 0.1 0.2109375 0.0 0.30078125 0.0 0.05870225694444445 36
370 0.1 0.328125 0.0 0.328125 0.0 0.06281672297297297 37
380 0.1 0.73046875 0.0 0.73046875 0.0 0.0697985197368421 38
390 0.1 0.91015625 0.0 0.91015625 0.0 0.08673878205128205 39
400 0.1 0.76953125 0.0 0.91015625 0.0 0.10732421875 40
410 0.1 0.6484375 0.0 0.91015625 0.0 0.12347560975609756 41
420 0.1 0.55078125 0.0 0.91015625 0.0 0.13597470238095238 42
430 0.1 0.46875 0.0 0.91015625 0.0 0.14562136627906977 43
440 0.1 0.69921875 0.0 0.91015625 0.0 0.15296519886363635 44
450 0.1 1.21875 0.0 1.21875 0.0 0.16510416666666666 45
460 0.1 1.890625 0.0 1.890625 0.0 0.18800951086956522 46
470 0.1 2.4609375 0.0 2.4609375 0.0 0.22423537234042554 47
480 0.1 2.46875 0.0 2.46875 0.0 0.2708333333333333 48
490 0.1 2.08984375 0.0 2.46875 0.0 0.3156887755102041 49
497 0.1 1.76953125 0.0 2.46875 0.0 0.351171875 50
