0 6.7 71.65701492537312 53.17566729794622 169.206 6.906 0 0
10 14.1 59.63120567375885 46.63293701987408 202.711 6.32 71.65701492537312 67
20 4.4 76.70024999999998 56.67186964131363 253.048 6.32 63.50490384615383 208
30 0.9 61.30633333333333 71.78872069250619 253.048 6.32 65.80885317460316 252
40 13.8 48.03187681159421 50.15800655081392 253.048 5.731 65.65359386973178 261
50 22.6 50.583548672566394 51.619893286345025 253.048 5.465 59.55886466165413 399
60 11.7 55.13363247863248 56.57037388794767 268.575 5.465 56.31339040000001 625
70 2 56.13475 57.14244094092848 268.575 5.465 56.12736388140163 742
80 6 34.95656666666669 40.891884457826364 268.575 5.465 56.127557742782166 762
90 43.5 42.58229885057467 47.78902758793426 268.575 4.95 54.58222992700731 822
100 43.8 38.58139041095889 43.28214848275966 268.575 4.95 50.4295091487669 1257
110 11.9 42.11409243697479 43.92711894268619 268.575 4.95 47.36787138643067 1695
120 0.9 63.892444444444436 56.120045994895044 268.575 4.95 47.02321885336273 1814
130 38.4 36.096609375 46.39278275495504 268.575 4.424 47.10650082281953 1823
140 95.3 33.19595592864645 41.281053257040945 268.575 4.21 45.1908695061169 2207
150 46.5 31.694008602150532 31.49133279354663 268.575 4.21 41.57341613924052 3160
160 8.6 30.909360465116272 24.95273982762111 268.575 4.21 40.306126620689675 3625
170 2.2 44.46845454545455 23.2556180167039 268.575 4.21 40.08836270547024 3711
180 100.9 34.83584737363735 46.410079541742405 268.575 4.207 40.11417626573803 3733
190 197.6 34.64533350202429 43.56383184638715 268.575 3.883 38.991056516237904 4742
200 103.1 27.612185257032024 28.12232829039862 268.575 3.883 37.712826585293264 6718
210 14.8 27.62262162162163 22.82568386276249 268.575 3.883 36.36894205703964 7749
220 1.6 35.5069375 22.2886862372728 268.575 3.883 36.20502469292138 7897
230 185.3 36.39183971937407 49.97765230124557 268.575 3.883 36.203613168204235 7913
240 390.5 36.39911856594095 45.90204396374082 312.935 3.845 36.239327257833324 9766
250 203.9 31.261822461991155 33.37254337366185 312.935 3.663 36.28497022895177 13671
260 40.7 30.64835135135136 24.287755387560765 312.935 3.663 35.6330161680458 15710
270 4.1 31.21721951219511 24.441607856488307 312.935 3.663 35.507139231866944 16117
280 312.2 37.220392696989194 51.04183300805415 312.935 3.663 35.4962538061641 16158
290 765.4 45.0666140580089 57.45594507361554 595.183 3.578 35.77544268672197 19280
300 425.2 37.28410018814679 42.42473262299892 595.183 3.578 38.41577184970668 26934
310 85.2 31.49228990610327 30.406069885191318 595.183 3.578 38.26147607900981 31186
320 8.2 36.04701219512197 24.86499505843404 595.183 3.578 38.081460265934204 32038
330 0.8 34.918625 20.500173004986447 595.183 3.578 38.07626646948941 32120
340 0 0 0 595.183 3.578 38.075480204183265 32128
350 153.8 29.555138491547464 44.754425696936515 595.183 3.578 38.075480204183265 32128
360 1240.6 55.204596324359244 73.25277419961353 712.858 3.578 37.68623629180776 33666
370 1323 71.57712585034027 100.3206085184563 1247.528 3.578 42.40347831654803 46072
380 402.8 39.643708291956294 50.220546644596425 1247.528 3.578 48.91198320461372 59302
390 61.9 36.271998384491084 40.175627837580535 1247.528 3.578 48.322489894205 63330
400 5 33.24834000000001 22.99036637429686 1247.528 3.578 48.20584609610788 63949
410 0.6 35.904500000000006 19.85425350523157 1247.528 3.578 48.19416036188069 63999
420 0.2 56.395 29.335 1247.528 3.578 48.1930082962269 64005
430 1253.6 77.76104323548205 119.88649205388666 1610.712 3.578 48.193264580436555 64007
440 1936.6 1080.9987905091361 1104.3666565682868 8606.75 0.026 53.03579326653 76543
450 1747.8 1743.2924789449544 1590.3557981129818 10965.656 0.026 260.6026681646137 95909
460 1342.3 1385.037042762421 1610.729745052411 10965.656 0.026 489.151377565328 113387
470 201.4 46.311914597815296 59.92210870030372 10965.656 0.026 583.9820161895735 126810
480 14.6 37.9230342465753 32.88624746841179 10965.656 0.026 575.5762254626453 128824
490 0.9 38.91544444444445 22.921835311001853 10965.656 0.026 574.9675772039996 128970
497 0.2 44.7925 18.5165 10965.656 0.026 574.9301721287947 128979
