0 6.7 71.65701492537312 53.17566729794622 169.206 6.906 0 0
10 14.1 59.63120567375885 46.63293701987408 202.711 6.32 71.65701492537312 67
20 4.7 71.79482978723406 43.14431285384671 202.711 6.32 63.50490384615383 208
30 1 55.1552 44.75961722311754 202.711 6.32 65.03285098039214 255
40 13.8 48.03187681159421 50.15800655081392 202.711 5.731 64.66010943396225 265
50 22.7 50.359819383259925 50.364520842977434 202.711 5.465 58.96607444168734 403
60 12.2 52.86671311475409 47.865604760001176 202.711 5.465 55.865090476190474 630
70 2.1 53.45204761904762 54.204014699735666 234.077 5.465 55.37865159574468 752
80 6 34.95656666666669 40.891884457826364 234.077 5.465 55.326311772315655 773
90 43.5 42.58229885057467 47.78902758793426 234.077 4.95 53.85910324129652 833
100 44.3 38.14362076749435 41.66944262337106 238.941 4.95 49.99048343848579 1268
110 12.9 38.83439534883721 34.395923332765264 238.941 4.95 46.92317767387491 1711
120 1.1 52.23872727272727 36.62080118554309 238.941 4.95 46.35608369565216 1840
130 38.4 36.096609375 46.39278275495504 238.941 4.424 46.39104267963262 1851
140 95.5 33.12611727748693 41.20321603732782 244.512 4.21 44.6223346756152 2235
150 47.8 30.82753765690372 30.290249043388652 244.512 4.21 41.18067711598746 3190
160 9 29.527466666666655 23.39897797255256 244.512 4.21 39.831494820065416 3668
170 2.7 36.205629629629634 17.609204828090352 244.512 4.21 39.58472458754656 3758
180 100.9 34.83584737363735 46.410079541742405 244.512 4.207 39.560620079260225 3785
190 198.6 34.47021852970804 43.4308283152836 255.91 3.883 38.56619044639133 4794
200 105.4 27.00665654648957 27.44530157637702 255.91 3.883 37.3663969026549 6780
210 15.8 25.86362025316456 20.756544380394487 255.91 3.883 35.97257939749811 7834
220 2 28.37624999999999 13.248831027207641 255.91 3.883 35.77272760260263 7992
230 185.3 36.39183971937407 49.97765230124557 264.302 3.883 35.754264103844264 8012
240 391.6 36.296524004085754 45.815939853427565 312.935 3.845 35.87402361885457 9865
250 208.8 30.52505172413797 32.81452470940899 312.935 3.663 35.99408105362457 13781
260 44.3 28.144975169300213 22.14250185928745 312.935 3.663 35.27448100069319 15869
270 4.7 27.206297872340425 19.380411927109897 312.935 3.663 35.080858447768534 16312
280 312.3 37.208393531860395 51.03183997590834 312.935 3.663 35.05823454978913 16359
290 768 44.913760156249964 57.296443154001864 595.183 3.578 35.40290894158712 19482
300 432.8 36.62754690388174 41.92077974274192 595.183 3.578 38.09208268905088 27162
310 92 29.15355760869564 28.670611075495664 595.183 3.578 37.89079622102256 31490
320 10 29.52703000000002 19.85250276033478 595.183 3.578 37.64277834001853 32410
330 1 27.8916 9.267360554116799 595.183 3.578 37.617814487849905 32510
340 0 0 0 595.183 3.578 37.61482364698648 32520
350 153.8 29.555138491547464 44.754425696936515 595.183 3.578 37.61482364698648 32520
360 1241.1 55.19058351462409 73.20314188348355 712.858 3.578 37.25086229373423 34058
370 1334 70.98077788605741 99.74609040040929 1247.528 3.578 42.04222600012912 46469
380 420 38.008701666666674 48.947486711482455 1247.528 3.578 48.49677769232065 59809
390 70 32.05533285714284 37.27405568016147 1247.528 3.578 47.80859447890149 64009
400 6 27.673499999999994 17.24347138629574 1247.528 3.578 47.638181041277186 64709
410 0.8 26.875625000000003 7.665046753567455 1247.528 3.578 47.619686377742525 64769
420 0.3 37.52633333333333 16.32001859339899 1247.528 3.578 47.61712447319273 64777
430 1253.6 77.76104323548205 119.88649205388666 1610.712 3.578 47.61665716270463 64780
440 1937 1081.1466740320066 1104.1483046308445 8606.75 0.026 52.504261588804496 77316
450 1753.7 1741.262808861262 1581.1087400666581 10965.656 0.026 258.5817032972713 96686
460 1384.8 1337.1505943096447 1571.9161762707413 10965.656 0.026 486.22218330808965 114223
470 224.7 41.49729728526929 57.162141616204764 10965.656 0.026 578.2309646524184 128071
480 18.8 29.413164893616997 26.626980984728785 10965.656 0.026 568.9763678156501 130318
490 1.3 26.893230769230765 8.806586539926075 10965.656 0.026 568.1991017730976 130506
497 0.3 29.791666666666668 4.076905716621641 10965.656 0.026 568.1451864326258 130519
