10 0.2 27.5135 15.791500000000001 43.305 11.722 0 0
20 0 0 0 43.305 11.722 27.5135 2
30 0.1 20.748 0.0 43.305 11.722 27.5135 2
40 0.1 11.426 0.0 43.305 11.426 25.258333333333336 3
50 0.2 20.4955 2.1875 43.305 11.426 21.800250000000002 4
60 0.1 10.087 0.0 43.305 10.087 21.365333333333336 6
70 0.1 12.133 0.0 43.305 10.087 19.754142857142856 7
80 0 0 0 43.305 10.087 18.8015 8
90 0.4 10.30175 2.9722501892505617 43.305 7.451 18.8015 8
100 0.3 10.893333333333333 2.274215664550944 43.305 7.451 15.96825 12
110 0.1 10.748 0.0 43.305 7.451 14.953266666666668 15
120 0 0 0 43.305 7.451 14.6904375 16
130 0.1 10.983 0.0 43.305 7.451 14.6904375 16
140 1.2 8.880083333333333 0.9300379435210634 43.305 7.451 14.47235294117647 17
150 0.5 11.0342 4.473295939237644 43.305 7.451 12.158310344827587 29
160 0 0 0 43.305 7.451 11.993 34
170 0 0 0 43.305 7.451 11.993 34
180 0.5 8.3886 0.42616363054582657 43.305 7.451 11.993 34
190 2.5 8.183399999999999 2.722005128577093 43.305 6.391 11.530897435897435 39
200 1.2 10.884916666666667 6.682790091699889 43.305 5.822 10.22328125 64
210 0 0 0 43.305 5.822 10.32775 76
220 0 0 0 43.305 5.822 10.32775 76
230 1.8 7.840777777777777 0.8034987765707036 43.305 5.822 10.32775 76
240 4.8 8.823041666666663 5.5751567726773885 43.305 5.199 9.851521276595745 94
250 1.9 8.163578947368423 2.6677770426012875 43.305 5.199 9.503866197183099 142
260 0 0 0 43.305 5.199 9.345695652173912 161
270 0 0 0 43.305 5.199 9.345695652173912 161
280 1.4 8.495 2.316464023340007 43.305 5.199 9.345695652173912 161
290 10 11.830270000000008 17.387544686271838 128.671 5.075 9.27764 175
300 6.1 8.775032786885244 3.595511463957473 128.671 5.075 10.205869090909093 275
310 0.2 8.2585 0.2004999999999999 128.671 5.075 9.946104166666668 336
320 0 0 0 128.671 5.075 9.936118343195268 338
330 0 0 0 128.671 5.075 9.936118343195268 338
340 0 0 0 128.671 5.075 9.936118343195268 338
350 0.1 6.327 0.0 128.671 5.075 9.936118343195268 338
360 13.4 19.569343283582086 33.46255612478737 151.201 5.075 9.925471976401184 339
370 19 23.489505263157888 46.405422026985214 391.521 5.075 12.657562367864696 473
380 3.2 11.2768125 8.663331718504361 391.521 5.075 15.76173906485671 663
390 0.3 7.413 0.4758914442041028 391.521 5.075 15.555238848920864 695
400 0 0 0 391.521 5.075 15.520243553008594 698
410 0 0 0 391.521 5.075 15.520243553008594 698
420 0 0 0 391.521 5.075 15.520243553008594 698
430 8.6 39.3002674418605 60.32984881532224 391.521 5.075 15.520243553008594 698
440 26 827.594 619.7144256555163 2985.114 0.453 18.128766581632654 784
450 35.2 840.0490511363638 604.8263979002268 3679.077 0.453 219.71972509578546 1044
460 7.9 713.2298481012656 664.538517610074 3679.077 0.453 376.1351425501433 1396
470 0.2 8.1865 0.7554999999999998 3679.077 0.453 394.189706440678 1475
480 0 0 0 3679.077 0.453 393.6670209884902 1477
490 0 0 0 3679.077 0.453 393.6670209884902 1477
497 0 0 0 3679.077 0.453 393.6670209884902 1477
