0 0.2 26.448 1.3580000000000005 27.806 25.09 0 0
10 0.2 22.5135 8.7925 31.306 13.721 26.448 2
20 0 0 0 31.306 13.721 24.48075 4
30 0 0 0 31.306 13.721 24.48075 4
40 0.7 29.708000000000006 13.445463525984197 59.595 13.721 24.48075 4
50 0 0 0 59.595 13.721 27.80718181818182 11
60 0 0 0 59.595 13.721 27.80718181818182 11
70 0 0 0 59.595 13.721 27.80718181818182 11
80 0.4 21.491500000000002 4.584142586133202 59.595 13.721 27.80718181818182 11
90 1.3 21.00338461538462 6.776697976703375 59.595 11.763 26.123 15
100 0 0 0 59.595 11.763 23.746035714285718 28
110 0 0 0 59.595 11.763 23.746035714285718 28
120 0 0 0 59.595 11.763 23.746035714285718 28
130 1.3 15.321769230769231 2.8938328895945964 59.595 11.763 23.746035714285718 28
140 1.1 14.189181818181817 2.95316732334445 59.595 11.763 21.074926829268296 41
150 0 0 0 59.595 11.763 19.618326923076925 52
160 0 0 0 59.595 11.763 19.618326923076925 52
170 0 0 0 59.595 11.763 19.618326923076925 52
180 3.4 13.482999999999993 1.2618553566778048 59.595 10.561 19.618326923076925 52
190 1.3 13.94246153846154 2.9129872221163304 59.595 10.561 17.192732558139532 86
200 0 0 0 59.595 10.561 16.76592929292929 99
210 0 0 0 59.595 10.561 16.76592929292929 99
220 0 0 0 59.595 10.561 16.76592929292929 99
230 5.8 14.058172413793102 4.151179828708157 59.595 10.561 16.76592929292929 99
240 4.5 13.63277777777778 3.9330632047857446 59.595 10.241 15.765611464968151 157
250 0 0 0 59.595 10.241 15.29047524752475 202
260 0 0 0 59.595 10.241 15.29047524752475 202
270 0 0 0 59.595 10.241 15.29047524752475 202
280 11 14.744036363636368 13.946811325973908 155.906 10.06 15.29047524752475 202
290 8 18.290537500000006 19.98698725917925 155.906 10.06 15.097820512820514 312
300 0 0 0 155.906 10.06 15.749395408163267 392
310 0 0 0 155.906 10.06 15.749395408163267 392
320 0 0 0 155.906 10.06 15.749395408163267 392
330 0 0 0 155.906 10.06 15.749395408163267 392
340 0 0 0 155.906 10.06 15.749395408163267 392
350 9 16.20784444444444 19.00885561282256 155.906 10.06 15.749395408163267 392
360 25.8 28.249965116279064 37.99275903454396 269.819 10.06 15.834997925311205 482
370 3.3 58.19954545454547 74.53936404672606 314.303 10.06 20.163459459459457 740
380 0 0 0 314.303 10.06 21.787250970245793 773
390 0 0 0 314.303 10.06 21.787250970245793 773
400 0 0 0 314.303 10.06 21.787250970245793 773
410 0 0 0 314.303 10.06 21.787250970245793 773
420 0 0 0 314.303 10.06 21.787250970245793 773
430 41.3 48.28370217917676 80.23729929195493 710.161 9.757 21.787250970245793 773
440 36 1163.9214194444446 863.5095366695847 4399.883 1.276 31.014092748735244 1186
450 0 0 0 4399.883 1.276 294.8217496765848 1546
460 0 0 0 4399.883 1.276 294.8217496765848 1546
470 0 0 0 4399.883 1.276 294.8217496765848 1546
480 0 0 0 4399.883 1.276 294.8217496765848 1546
490 0 0 0 4399.883 1.276 294.8217496765848 1546
497 0 0 0 4399.883 1.276 294.8217496765848 1546
