10 0.2 50.960499999999996 0.42049999999999876 51.381 50.54 0 0
20 0 0 0 51.381 50.54 50.960499999999996 2
30 0.1 10.631 0.0 51.381 10.631 50.960499999999996 2
40 0.1 31.575 0.0 51.381 10.631 37.51733333333333 3
50 0.2 17.573500000000003 1.1215000000000002 51.381 10.631 36.031749999999995 4
60 0.1 8.068 0.0 51.381 8.068 29.879 6
70 0.1 11.054 0.0 51.381 8.068 26.76314285714286 7
80 0 0 0 51.381 8.068 24.799500000000002 8
90 0.1 19.852 0.0 51.381 8.068 24.799500000000002 8
100 0.6 12.278333333333334 5.198186916822271 51.381 8.068 24.24977777777778 9
110 0.1 18.2 0.0 51.381 8.068 19.4612 15
120 0 0 0 51.381 8.068 19.382375 16
130 0.1 9.764 0.0 51.381 8.068 19.382375 16
140 0.9 9.64622222222222 2.558426416451147 51.381 6.606 18.81658823529412 17
150 0.8 10.753 5.41542620668032 51.381 6.143 15.642230769230771 26
160 0 0 0 51.381 6.143 14.491823529411766 34
170 0 0 0 51.381 6.143 14.491823529411766 34
180 0.2 7.3870000000000005 1.2769999999999995 51.381 6.11 14.491823529411766 34
190 2.6 8.631307692307693 3.8826186124754556 51.381 5.31 14.097111111111111 36
200 1.3 7.223307692307693 0.9781640089485844 51.381 5.31 11.805000000000001 62
210 0.1 8.891 0.0 51.381 5.31 11.010840000000002 75
220 0 0 0 51.381 5.31 10.982947368421053 76
230 1.2 7.520499999999999 1.416651656783229 51.381 5.31 10.982947368421053 76
240 4.4 7.849545454545455 2.9192279369610525 51.381 5.177 10.510795454545455 88
250 2.8 7.4582500000000005 2.6908378491386546 51.381 5.177 9.62371212121212 132
260 0.1 8.859 0.0 51.381 5.177 9.24475625 160
270 0 0 0 51.381 5.177 9.242360248447206 161
280 0.9 6.067333333333334 0.649410673012249 51.381 5.146 9.242360248447206 161
290 7.4 8.2065 4.38818446189556 51.381 5.146 9.074270588235295 170
300 8.5 7.466870588235293 2.753578069213327 51.381 5.146 8.811094262295082 244
310 0.9 6.406444444444445 0.4368137439614056 51.381 5.146 8.463802431610942 329
320 0 0 0 51.381 5.146 8.40902071005917 338
330 0 0 0 51.381 5.146 8.40902071005917 338
340 0 0 0 51.381 5.146 8.40902071005917 338
350 0 0 0 51.381 5.146 8.40902071005917 338
360 10.1 11.172445544554462 22.067761406059233 183.504 5.146 8.40902071005917 338
370 19.9 11.127924623115584 19.732546409889398 248.111 5.146 9.044797266514808 439
380 5.3 7.539415094339621 3.0227624279160965 248.111 5.146 9.694550156739814 638
390 0.7 6.58957142857143 0.4975824001087251 248.111 5.146 9.529250361794503 691
400 0 0 0 248.111 5.146 9.499769340974215 698
410 0 0 0 248.111 5.146 9.499769340974215 698
420 0 0 0 248.111 5.146 9.499769340974215 698
430 4.8 33.76358333333333 53.328575470392884 248.111 5.146 9.499769340974215 698
440 22.9 271.4089737991265 299.53025562043473 1830.4 0.456 11.060979892761397 746
450 35.7 317.2271652661065 368.02614928599553 2235.491 0.456 72.20938051282049 975
460 13.9 237.86294244604343 337.3112726672282 2235.491 0.456 137.87856156156155 1332
470 0.6 6.591666666666668 0.5807534378336088 2235.491 0.456 147.3264398368457 1471
480 0 0 0 2235.491 0.456 146.7547345971564 1477
490 0 0 0 2235.491 0.456 146.7547345971564 1477
497 0 0 0 2235.491 0.456 146.7547345971564 1477
