10 0.7 24.648142857142858 13.848254912531361 57.649 12.074 0 0
20 0 0 0 57.649 12.074 24.648142857142858 7
30 0 0 0 57.649 12.074 24.648142857142858 7
40 0.2 15.784500000000001 3.9405000000000006 57.649 11.844 24.648142857142858 7
50 0.7 17.865000000000002 5.635684367112329 57.649 8.426 22.678444444444445 9
60 0.5 14.953800000000001 5.069536286486172 57.649 8.426 20.5725625 16
70 0.1 24.505 0.0 57.649 8.426 19.234761904761903 21
80 0 0 0 57.649 8.426 19.47431818181818 22
90 0.6 11.941666666666665 4.55484155109215 57.649 8.426 19.47431818181818 22
100 1.2 11.047666666666666 1.718807160665662 57.649 8.426 17.86017857142857 28
110 0.4 10.429 1.6004966416709543 57.649 7.677 15.816424999999999 40
120 0 0 0 57.649 7.677 15.32665909090909 44
130 0.4 10.398499999999999 4.026052998906 57.649 7.568 15.32665909090909 44
140 2.3 9.476565217391306 2.619748259165156 57.649 7.136 14.915979166666665 48
150 1.3 9.733230769230767 2.8993358166164183 57.649 7.136 13.153915492957745 71
160 0.1 106.081 0.0 106.081 7.136 12.624523809523808 84
170 0 0 0 106.081 7.136 13.724011764705878 85
180 0.8 8.765875 0.8473102202705923 106.081 7.136 13.724011764705878 85
190 5.2 8.668711538461537 2.257242696270577 106.081 6.463 13.297505376344082 93
200 3.9 8.317538461538463 0.9211723257072556 106.081 6.463 11.637524137931031 145
210 0.4 9.318249999999999 1.2190989244109767 106.081 6.463 10.933831521739128 184
220 0 0 0 106.081 6.463 10.899457446808508 188
230 1.4 8.545999999999996 0.49410626387448325 106.081 6.463 10.899457446808508 188
240 11.1 9.588846846846849 6.441576332172955 106.081 6.463 10.736346534653462 202
250 6.6 8.612181818181817 2.911802809825176 106.081 6.052 10.32940575079872 313
260 0.9 8.652555555555558 0.8148420584671072 106.081 6.052 10.030364116094985 379
270 0 0 0 106.081 6.052 9.998404639175256 388
280 2 7.8872 0.8494377316790205 106.081 6.052 9.998404639175256 388
290 15.5 12.72058064516129 20.75926603677095 157.075 5.556 9.894914215686274 408
300 14.4 10.353006944444436 10.360968487212347 157.075 5.556 10.67285079928952 563
310 2.7 8.152592592592592 0.758179166710626 157.075 5.556 10.607705799151342 707
320 0.1 9.607 0.0 157.075 5.556 10.517395095367846 734
330 0 0 0 157.075 5.556 10.516156462585032 735
340 0 0 0 157.075 5.556 10.516156462585032 735
350 0 0 0 157.075 5.556 10.516156462585032 735
360 19.2 12.966000000000003 17.549561531797117 158.352 5.556 10.516156462585032 735
370 39.8 16.905439698492497 25.34147595490438 183.382 5.556 11.023567421790721 927
380 11.9 8.673672268907561 2.991246453633308 183.382 5.556 12.790348679245291 1325
390 1.2 7.949166666666668 1.0505001850970273 183.382 5.556 12.451093490304718 1444
400 0.1 10.474 0.0 183.382 5.556 12.413989697802206 1456
410 0 0 0 183.382 5.556 12.412658201784495 1457
420 0 0 0 183.382 5.556 12.412658201784495 1457
430 8.9 40.692370786516854 90.87325426100968 632.423 5.556 12.412658201784495 1457
440 39.5 509.3349063291136 485.1133335508508 3837.469 0.437 14.040662354463135 1546
450 74.7 501.91946452476594 429.31819110527255 3837.469 0.431 114.83469963936109 1941
460 26 398.3911269230768 452.33135514618897 3837.469 0.431 222.40624702380956 2688
470 1.3 8.316461538461537 1.008161892935288 3837.469 0.431 237.92730156037993 2948
480 0.1 8.45 0.0 3837.469 0.431 236.91921614319486 2961
490 0 0 0 3837.469 0.431 236.84208271438214 2962
497 0 0 0 3837.469 0.431 236.84208271438214 2962
