0 0.1 71.807 0 71.807 71.807 0 0
10 0.7 50.99671428571428 21.409659707139443 79.583 14.714 71.807 1
20 0.1 27.009 0.0 79.583 14.714 53.598 8
30 0 0 0 79.583 14.714 50.64366666666667 9
40 0.3 39.51833333333333 25.201286929220274 79.583 14.714 50.64366666666667 9
50 1 21.901799999999998 7.241992471688988 79.583 13.131 47.86233333333333 12
60 0.4 34.47925 15.40249519355549 79.583 13.131 36.062090909090905 22
70 0 0 0 79.583 13.131 35.81857692307692 26
80 0 0 0 79.583 13.131 35.81857692307692 26
90 1.6 19.434875 7.845891344160649 79.583 13.131 35.81857692307692 26
100 1.4 17.53814285714286 6.096524207133378 79.583 13.131 29.577166666666667 42
110 0.3 14.493 1.235856248382742 79.583 13.131 26.567410714285717 56
120 0 0 0 79.583 13.131 25.953457627118645 59
130 0.5 13.1082 1.6370807432744416 79.583 10.964 25.953457627118645 59
140 3.6 12.748111111111113 1.0656446608555201 79.583 10.168 24.949921875 64
150 1.9 12.762578947368423 1.1803047472576274 79.583 10.168 20.557270000000003 100
160 0.2 14.3895 0.06349999999999945 79.583 10.168 19.312739495798322 119
170 0 0 0 79.583 10.168 19.23136363636364 121
180 2.3 12.909086956521742 3.179584316734056 79.583 10.168 19.23136363636364 121
190 7.4 14.069472972972966 13.966764293022095 129.926 9.951 18.221555555555558 144
200 3.8 12.091052631578945 2.4649874233411246 129.926 9.719 16.812133027522936 218
210 0.1 11.637 0.0 129.926 9.719 16.11134765625 256
220 0 0 0 129.926 9.719 16.09393774319066 257
230 3.3 21.833939393939392 27.09162313329209 130.532 9.719 16.09393774319066 257
240 15.1 13.828112582781461 12.10447023415634 139.574 9.268 16.747110344827586 290
250 8.6 15.387395348837224 15.714742894462137 139.574 9.268 15.74763492063492 441
260 0.6 12.6905 1.1515092632425215 139.574 9.268 15.688848197343455 527
270 0 0 0 139.574 9.268 15.655095684803005 533
280 6.1 14.278934426229506 15.44654789792571 139.574 9.112 15.655095684803005 533
290 30 22.70124 35.58092299752402 307.088 9.112 15.513772727272729 594
300 18.2 16.217329670329672 17.476019857711933 307.088 9.112 17.925674496644294 894
310 1 11.336400000000001 0.8426755247424713 307.088 9.112 17.63671654275093 1076
320 0 0 0 307.088 9.112 17.578702578268878 1086
330 0 0 0 307.088 9.112 17.578702578268878 1086
340 0 0 0 307.088 9.112 17.578702578268878 1086
350 0.3 11.006666666666668 0.8637987162656717 307.088 9.112 17.578702578268878 1086
360 38.9 35.08203856041126 49.58421379960037 307.088 9.112 17.560597796143252 1089
370 57 50.320108771929796 88.64961913155987 711.489 9.112 22.172127198917444 1478
380 9 13.896633333333332 6.512935752877586 711.489 9.112 30.006282226562483 2048
390 0.4 11.86425 1.1180450292810218 711.489 9.112 29.328139850327393 2138
400 0 0 0 711.489 9.112 29.29552754435106 2142
410 0 0 0 711.489 9.112 29.29552754435106 2142
420 0 0 0 711.489 9.112 29.29552754435106 2142
430 17.4 95.59529885057472 158.13073885100854 895.907 9.112 29.29552754435106 2142
440 33.2 1290.7484819277104 930.4697523457968 4753.829 0.416 34.276598445595845 2316
450 99.7 1315.389777331994 790.0890294170812 5097.656 0.416 191.81008232628392 2648
460 66.1 1035.7109485627836 818.1388205395477 5097.656 0.416 499.1376422496565 3645
470 0.3 31.832000000000004 26.664781879225387 5097.656 0.416 581.5052584765439 4306
480 0 0 0 5097.656 0.416 581.1225664887439 4309
490 0 0 0 5097.656 0.416 581.1225664887439 4309
497 0 0 0 5097.656 0.416 581.1225664887439 4309
