10 0.7 36.79585714285714 19.875838716740418 61.123 14.399 0 0
20 0 0 0 61.123 14.399 36.79585714285714 7
30 0 0 0 61.123 14.399 36.79585714285714 7
40 0 0 0 61.123 14.399 36.79585714285714 7
50 0.8 16.419249999999998 7.1846367296823015 61.123 10.207 36.79585714285714 7
60 0.6 16.83716666666667 6.396611587829571 61.123 10.207 25.92833333333333 15
70 0.1 234.355 0.0 234.355 10.207 23.33085714285714 21
80 0 0 0 234.355 10.207 32.92286363636364 22
90 0.5 15.6036 5.743618810471321 234.355 10.207 32.92286363636364 22
100 1.2 16.4255 8.397488468782395 234.355 10.014 29.715592592592593 27
110 0.4 11.470999999999998 0.864028066673763 234.355 10.014 25.626333333333335 39
120 0.1 13.84 0.0 234.355 10.014 24.309558139534882 43
130 0.3 10.780333333333333 0.6256113454498367 234.355 9.928 24.071613636363633 44
140 1.9 10.180684210526316 0.7391690962889258 234.355 9.177 23.223234042553187 47
150 1.6 11.553687499999999 3.917773374615197 234.355 9.082 19.468560606060603 66
160 0.3 14.521333333333333 2.861439536705646 234.355 9.082 17.924195121951215 82
170 0 0 0 234.355 9.082 17.804094117647054 85
180 0.5 18.951800000000002 19.43920412362605 234.355 8.827 17.804094117647054 85
190 3.9 13.226794871794873 21.141759958978124 234.355 7.626 17.86785555555555 90
200 4.9 10.189265306122447 1.8510579300024375 234.355 7.626 16.464744186046506 129
210 1 11.7461 1.5298633566433313 234.355 7.626 14.73722471910112 178
220 0 0 0 234.355 7.626 14.578122340425526 188
230 0.9 9.015555555555558 0.361428680873592 234.355 7.626 14.578122340425526 188
240 8.7 11.271999999999993 4.829136697317575 234.355 7.626 14.323994923857862 197
250 8.7 10.295781609195402 3.643453068539553 234.355 7.626 13.389052816901401 284
260 1.6 10.362375000000002 0.8854303949916102 234.355 7.626 12.663676549865222 371
270 0.1 12.238 0.0 234.355 7.626 12.568532299741594 387
280 0.7 29.803 43.66321637259445 234.355 7.626 12.567680412371127 388
290 14.2 18.20569014084508 26.130245516432826 234.355 7.626 12.873116455696197 395
300 15.3 11.511183006535944 11.204237040774132 234.355 7.152 14.283219739292361 537
310 4.4 10.470590909090909 2.984384916971105 234.355 7.152 13.668550724637678 690
320 0.1 13.983 0.0 234.355 7.152 13.476847411444139 734
330 0 0 0 234.355 7.152 13.477536054421765 735
340 0 0 0 234.355 7.152 13.477536054421765 735
350 0 0 0 234.355 7.152 13.477536054421765 735
360 13.5 22.52405925925925 32.60802075103903 234.355 7.152 13.477536054421765 735
370 39.1 36.07852685422 77.44861281907937 718.807 7.152 14.88130689655172 870
380 17.7 12.347451977401132 12.890036188349487 718.807 7.152 21.4539579698652 1261
390 1.7 9.94729411764706 1.3063005133359888 718.807 7.152 20.33305980528513 1438
400 0.2 12.7775 0.6255000000000006 718.807 7.152 20.211714089347094 1455
410 0 0 0 718.807 7.152 20.20150926561429 1457
420 0 0 0 718.807 7.152 20.20150926561429 1457
430 4 62.9474 96.47155319388199 718.807 7.152 20.20150926561429 1457
440 27.8 946.9734064748204 678.007174996338 3171.329 0.507 21.343684034736157 1497
450 70.4 917.9674957386371 650.3849185254751 3746.956 0.507 166.3155504225353 1775
460 44 703.3070090909087 708.1949322974476 3746.956 0.507 379.77378741428026 2479
470 3.8 11.410157894736844 6.373527947799794 3746.956 0.507 428.54207022953085 2919
480 0.2 10.263000000000002 0.5079999999999996 3746.956 0.507 423.181565437944 2957
490 0 0 0 3746.956 0.507 422.9024721189593 2959
497 0 0 0 3746.956 0.507 422.9024721189593 2959
