10 0.2 56.387 2.8669999999999973 59.254 53.52 0 0
20 0.3 48.43866666666667 6.84496624453977 59.254 38.847 56.387 2
30 0.2 34.849000000000004 6.294000000000002 59.254 28.555 51.61800000000001 5
40 0 0 0 59.254 28.555 46.82685714285714 7
50 0.5 30.2908 16.58830373968357 60.613 15.526 46.82685714285714 7
60 0.5 23.3582 7.00030271916865 60.613 14.053 39.93683333333333 12
70 0.3 17.456333333333333 3.526854531858224 60.613 14.053 35.06076470588235 17
80 0.1 32.555 0.0 60.613 14.053 32.4201 20
90 0.1 12.174 0.0 60.613 12.174 32.4265238095238 21
100 2 15.133749999999996 6.465066734961054 60.613 10.525 31.505954545454532 22
110 1.6 15.945687499999998 4.460407670812584 60.613 10.525 23.709666666666656 42
120 0.2 23.0965 4.8035 60.613 10.525 21.567879310344818 58
130 0.1 17.012 0.0 60.613 10.525 21.618833333333324 60
140 2.5 13.814400000000003 6.333705354687728 60.613 10.092 21.543311475409826 61
150 3 12.879333333333328 1.1293414403487054 60.613 10.092 19.296534883720923 86
160 1.7 14.524764705882353 1.8175429286753746 60.613 10.092 17.636913793103442 116
170 0.1 16.755 0.0 60.613 10.092 17.239120300751875 133
180 0.3 11.761333333333333 0.4791633912931535 60.613 10.092 17.235507462686563 134
190 4.4 11.995863636363639 4.259017671583377 60.613 9.263 17.115635036496347 137
200 7.2 12.018527777777782 1.8204993360508892 60.613 9.215 15.871049723756906 181
210 2.7 14.766481481481481 3.49463908347216 60.613 9.215 14.774679841897234 253
220 0.6 15.450000000000001 1.066522073533096 60.613 9.215 14.773889285714287 280
230 0.3 13.237 0.984439265097988 60.613 9.215 14.788073426573426 286
240 7.2 14.212097222222221 14.6764672483989 132.855 9.215 14.7719723183391 289
250 13 11.61888461538462 1.598271367324544 132.855 9.215 14.660307479224377 361
260 6.1 13.124590163934425 2.895799350993561 132.855 9.215 13.855042769857436 491
270 1.5 14.90933333333333 2.923948965962908 132.855 9.215 13.774322463768119 552
280 0.6 13.7845 2.4628638309902557 132.855 9.215 13.80434920634921 567
290 13.6 17.394227941176464 20.37031238605328 141.445 9.215 13.804141361256548 573
300 27.9 14.744677419354824 15.93551810289736 179.948 8.732 14.492789844851906 709
310 12.9 12.437829457364343 3.2894988240689296 179.948 8.732 14.563920040485826 988
320 1.3 14.863307692307691 4.425783709557775 179.948 8.732 14.318382273948071 1117
330 0.2 16.075 0.03999999999999915 179.948 8.732 14.324651327433624 1130
340 0 0 0 179.948 8.732 14.327743816254413 1132
350 0 0 0 179.948 8.732 14.327743816254413 1132
360 8.1 30.582345679012352 53.791452212134814 389.248 8.732 14.327743816254413 1132
370 49.7 27.757766599597595 44.60674368386827 625.067 8.732 15.41317065127782 1213
380 42.9 14.148531468531463 10.809335799275727 625.067 8.732 19.001044444444446 1710
390 11.9 13.280504201680673 9.518009074243276 625.067 8.732 18.027819541841982 2139
400 1.3 14.03592307692308 1.6358646013906037 625.067 8.732 17.777628875110718 2258
410 0.2 18.759 1.169999999999999 625.067 8.732 17.756210039630115 2271
420 0 0 0 625.067 8.732 17.75709238891333 2273
430 0.8 139.26875 221.83102594246708 708.942 8.732 17.75709238891333 2273
440 12 1218.724374999999 843.1959319772805 3756.049 0.436 18.183262165716787 2281
450 51.1 1237.3398747553822 884.8955405133283 8417.687 0.436 78.18531695127025 2401
460 122.8 638.8457671009768 743.4107049750824 8417.687 0.436 281.59465041208796 2912
470 33.6 14.260282738095219 14.567949830443576 8417.687 0.436 387.5618898550723 4140
480 3.6 14.746138888888888 7.662485686601742 8417.687 0.436 359.53924910634487 4476
490 0.4 16.25275 0.8610776315176237 8417.687 0.436 356.7882402482268 4512
497 0 0 0 8417.687 0.436 356.4866144818422 4516
