0 2.3 23
10 0.7 30
20 0 30
30 0 30
40 3.9 69
50 1.9 88
60 0 88
70 0 88
80 3.6 124
90 8.1 205
100 0.3 208
110 0 208
120 0 208
130 13.1 339
140 8.7 426
150 0 426
160 0 426
170 0 426
180 30 726
190 18 906
200 0 906
210 0 906
220 0 906
230 58.5 1491
240 36.1 1852
250 0 1852
260 0 1852
270 0 1852
280 104.5 2897
290 78.6 3683
300 0 3683
310 0 3683
320 0 3683
330 0 3683
340 0 3683
350 92.8 4611
360 243.5 7046
370 29.7 7343
380 0 7343
390 0 7343
400 0 7343
410 0 7343
420 0 7343
430 442.1 11764
440 308.9 14853
450 0 14853
460 0 14853
470 0 14853
480 0 14853
490 0 14853
497 0 14853
