0 22 23
10 20 29
20 4 29
30 0 29
40 37 39
50 34 46
60 10 46
70 1 46
80 36 46
90 107 107
100 47 108
110 7 108
120 1 108
130 128 128
140 155 195
150 46 195
160 8 195
170 0 195
180 295 295
190 326 413
200 88 413
210 12 413
220 0 413
230 568 569
240 648 794
250 211 794
260 27 794
270 2 794
280 1018 1018
290 1332 1603
300 426 1603
310 55 1603
320 6 1603
330 0 1603
340 0 1603
350 928 1603
360 3023 3023
370 1659 3182
380 367 3182
390 35 3182
400 5 3182
410 1 3182
420 0 3182
430 4372 4372
440 6944 7215
450 5377 7215
460 1368 7215
470 115 7215
480 10 7215
490 1 7215
497 0 7215
