0 0.1 735.1328125 0 735.1328125 735.1328125 0 0
10 0.1 725.83203125 0.0 735.1328125 725.83203125 735.1328125 1
20 0.1 720.359375 0.0 735.1328125 720.359375 730.482421875 2
30 0.1 724.38671875 0.0 735.1328125 720.359375 727.1080729166666 3
40 0.1 727.23046875 0.0 735.1328125 720.359375 726.427734375 4
50 0.1 727.1171875 0.0 735.1328125 720.359375 726.58828125 5
60 0.1 714.49609375 0.0 735.1328125 714.49609375 726.6764322916666 6
70 0.1 707.8671875 0.0 735.1328125 707.8671875 724.9363839285714 7
80 0.1 712.703125 0.0 735.1328125 707.8671875 722.802734375 8
90 0.1 715.375 0.0 735.1328125 707.8671875 721.6805555555555 9
100 0.1 715.609375 0.0 735.1328125 707.8671875 721.05 10
110 0.1 675.44921875 0.0 735.1328125 675.44921875 720.5553977272727 11
120 0.1 667.78515625 0.0 735.1328125 667.78515625 716.7965494791666 12
130 0.1 687.4375 0.0 735.1328125 667.78515625 713.0264423076923 13
140 0.1 696.7421875 0.0 735.1328125 667.78515625 711.1986607142857 14
150 0.1 699.37890625 0.0 735.1328125 667.78515625 710.2348958333333 15
160 0.1 696.72265625 0.0 735.1328125 667.78515625 709.556396484375 16
170 0.1 609.27734375 0.0 735.1328125 609.27734375 708.8014705882352 17
180 0.1 611.71484375 0.0 735.1328125 609.27734375 703.2723524305555 18
190 0.1 659.19921875 0.0 735.1328125 609.27734375 698.4535361842105 19
200 0.1 673.16796875 0.0 735.1328125 609.27734375 696.4908203125 20
210 0.1 604.06640625 0.0 735.1328125 604.06640625 695.3802083333334 21
220 0.1 491.1484375 0.0 735.1328125 491.1484375 691.2295809659091 22
230 0.1 560.88671875 0.0 735.1328125 491.1484375 682.5304008152174 23
240 0.1 618.7890625 0.0 735.1328125 491.1484375 677.4619140625 24
250 0.1 628.76171875 0.0 735.1328125 491.1484375 675.115 25
251 0.1 634.0703125 0.0 735.1328125 491.1484375 673.3321814903846 26
