0 6.1 138.09485245901647 128.49382544479423 752.691 7.102 0 0
10 13.9 144.0946187050359 191.22952738849906 829.825 6.69 138.09485245901647 61
20 5.2 168.53451923076915 253.31036354831676 829.825 6.69 142.26468999999997 200
30 0.9 210.50366666666665 306.98354307827134 845.964 6.69 147.68544841269838 252
40 2.4 68.60962500000001 59.28842793975658 845.964 6.69 149.85159386973177 261
50 19 111.51028947368422 163.7419362078968 845.964 5.894 143.0101649122807 285
60 19.8 174.74966161616152 247.6264690187799 845.964 5.894 130.4102147368421 475
70 7.5 191.79378666666665 265.48830275245865 845.964 5.894 143.45510401188704 673
80 1.6 197.45449999999997 282.0636448226269 845.964 5.894 148.3018970588235 748
90 4.9 92.01185714285712 113.60323476459459 845.964 5.455 149.33127094240834 764
100 37.5 103.26102399999998 152.96159939147066 845.964 5.301 145.87659532595322 813
110 45 152.79168222222216 237.90948810137195 899.962 5.301 132.4247104377104 1188
120 16.6 189.12694578313256 286.1507471286423 1001.323 5.301 138.0200323565323 1638
130 1.9 177.4128421052632 248.7488946718131 1001.323 5.301 142.7227749445676 1804
140 0.2 33.718 0.7919999999999963 1001.323 5.301 143.08432803071858 1823
150 13.2 87.23856060606057 72.51057574570486 1001.323 5.248 142.96447452054792 1825
160 82.8 128.50954227053134 205.8042244616771 1110.162 4.843 139.20575166070515 1957
170 80.3 212.85582067247822 351.35032486410853 1437.983 4.843 136.02569371633749 2785
180 27 283.8340074074076 413.6963187909343 1513.118 4.843 153.22039604236343 3588
190 2.7 253.98685185185184 334.4674545129143 1513.118 4.843 162.36131752203215 3858
200 83.6 120.06519258373211 139.90944722168692 1513.118 4.843 162.9980972972973 3885
210 193.4 199.4979663908999 338.72999871289915 2505.767 4.843 155.39549015039188 4721
220 116.8 355.80104109588984 570.9237114674596 2671.864 4.843 168.2120474830955 6655
230 28.6 256.68885664335664 499.69382755554324 2671.864 4.843 196.2197100856449 7823
240 5 219.8394 583.5413170932115 2925.125 4.843 198.35242385004315 8109
250 1 41.496 19.817241367052073 2925.125 4.843 198.4841003799485 8159
251 0 0 0 2925.125 4.843 198.29192496021543 8169
