10 0.6 35.39333333333333 21.41544866575425 64.465 11.183 0 0
20 0.3 12.835666666666668 1.2780217351655467 64.465 11.163 35.39333333333333 6
30 0 0 0 64.465 11.163 27.87411111111111 9
40 0 0 0 64.465 11.163 27.87411111111111 9
50 0.3 10.304333333333334 0.5184337523305712 64.465 9.802 27.87411111111111 9
60 0.3 11.118666666666668 0.28971288469026685 64.465 9.802 23.481666666666666 12
70 0.2 16.5885 4.084499999999999 64.465 9.802 21.009066666666666 15
80 0.1 13.068 0.0 64.465 9.802 20.489 17
90 0 0 0 64.465 9.802 20.07672222222222 18
100 0.7 10.061857142857141 0.6011506653485293 64.465 9.037 20.07672222222222 18
110 1.3 12.360384615384616 6.363946846686859 64.465 8.113 17.27256 25
120 0.6 17.363333333333333 9.57050320283921 64.465 8.113 15.592078947368421 38
130 0 0 0 64.465 8.113 15.833613636363639 44
140 0 0 0 64.465 8.113 15.833613636363639 44
150 0 0 0 64.465 8.113 15.833613636363639 44
160 1.2 10.156999999999998 1.819224880729886 64.465 8.113 15.833613636363639 44
170 2.9 11.622620689655175 6.404400746759151 64.465 7.398 14.61719642857143 56
180 0.5 15.709200000000001 8.626072000626937 64.465 7.398 13.595517647058825 85
190 0 0 0 64.465 7.398 13.712944444444446 90
200 0.6 11.59233333333333 3.270294974803071 64.465 7.398 13.712944444444446 90
210 4.5 13.0724 8.540883582705794 64.465 7.398 13.580406250000003 96
220 3 10.567 3.3590340377356496 64.465 7.398 13.418276595744683 141
230 0.6 10.147166666666665 0.8497378844221449 64.465 7.398 12.918052631578949 171
240 0 0 0 64.465 7.398 12.82412429378531 177
250 0 0 0 64.465 7.398 12.82412429378531 177
251 0 0 0 64.465 7.398 12.82412429378531 177
