10 0.8 38.62199999999999 20.010581425835678 78.042 14.899 0 0
20 0.3 18.690666666666665 5.257892628124778 78.042 14.729 38.62199999999999 8
30 0.1 49.172 0.0 78.042 14.729 33.186181818181815 11
40 0 0 0 78.042 14.729 34.518333333333324 12
50 0.3 23.979666666666663 11.690561473066873 78.042 14.509 34.518333333333324 12
60 0.6 14.7385 1.143163410599435 78.042 13.128 32.410599999999995 15
70 0.5 25.941999999999997 10.248732233793602 78.042 13.128 27.36142857142857 21
80 0 0 0 78.042 13.128 27.088461538461537 26
90 0 0 0 78.042 13.128 27.088461538461537 26
100 0.3 17.102666666666668 2.385954642392759 78.042 13.128 27.088461538461537 26
110 2.5 13.736360000000001 0.9309762136596186 78.042 11.701 26.055448275862066 29
120 1.5 17.062733333333327 4.749940511440351 78.042 11.701 20.35216666666667 54
130 0.1 19.636 0.0 78.042 11.701 19.637072463768117 69
140 0 0 0 78.042 11.701 19.637057142857145 70
150 0 0 0 78.042 11.701 19.637057142857145 70
160 1.3 15.106846153846156 4.5560647636065825 78.042 11.701 19.637057142857145 70
170 3.3 16.204090909090905 6.1510621470759075 78.042 11.701 18.927506024096388 83
180 1.5 18.38693333333333 8.755350550504659 78.042 11.701 18.152741379310342 116
190 0 0 0 78.042 11.701 18.179557251908395 131
200 0.2 13.2805 0.4135000000000004 78.042 11.701 18.179557251908395 131
210 5.9 15.9752033898305 5.305303217519148 78.042 11.701 18.105887218045112 133
220 7.3 18.233178082191785 16.210911830170048 133.584 11.701 17.45114583333333 192
230 1.6 15.684499999999996 3.861119073532956 133.584 11.701 17.66657358490566 265
240 0.1 16.961 0.0 133.584 11.701 17.553715302491103 281
250 0 0 0 133.584 11.701 17.551613475177305 282
251 0 0 0 133.584 11.701 17.551613475177305 282
