0 2.8 28
10 7.4 102
20 4.2 144
30 1.3 157
40 1.3 170
50 11 280
60 14.1 421
70 6 481
80 0.7 488
90 12.2 610
100 25.6 866
110 16.5 1031
120 5.7 1088
130 1.5 1103
140 0.1 1104
150 4.7 1151
160 38.6 1537
170 48.8 2025
180 27.1 2296
190 4.8 2344
200 4.3 2387
210 1.2 2399
220 0 2399
230 0.2 2401
240 29.9 2700
250 32.5 3025
260 31.5 3340
270 53.3 3873
280 61.9 4492
290 28.9 4781
300 2.1 4802
310 0.5 4807
320 0.4 4811
330 1.2 4823
340 3.5 4858
350 2.2 4880
360 1.5 4895
370 8.3 4978
380 27.1 5249
390 11.3 5362
400 28.1 5643
410 71 6353
420 35.5 6708
430 18.2 6890
440 39 7280
450 46.5 7745
460 48.6 8231
470 11.5 8346
480 1.9 8365
490 0.1 8366
500 0.3 8369
510 2.6 8395
520 4 8435
530 1 8445
537 0.2 8447
