0 1.6 16
10 4.6 62
20 3 92
30 0.5 97
40 0.4 101
50 6.6 167
60 9.8 265
70 3.2 297
80 0.3 300
90 5.8 358
100 19.4 552
110 9.7 649
120 2.3 672
130 0.8 680
140 0.1 681
150 1.1 692
160 28.6 978
170 33.2 1310
180 12.5 1435
190 1.9 1454
200 3 1484
210 0.8 1492
220 0 1492
230 0.1 1493
240 16.7 1660
250 33.6 1996
260 28.8 2284
270 32.6 2610
280 26.2 2872
290 12.6 2998
300 0.5 3003
310 0 3003
320 0 3003
330 0 3003
340 0 3003
350 0 3003
360 0 3003
370 3 3033
380 32.6 3359
390 6.2 3421
400 11.7 3538
410 47.8 4016
420 38.2 4398
430 13.8 4536
440 12 4656
450 22.1 4877
460 20.9 5086
470 3.4 5120
480 0.1 5121
490 0 5121
500 0 5121
510 0 5121
520 0 5121
530 0 5121
537 0 5121
