0 1.4 2.6792142857142855 2.984607157173799 13.374 1.434 0 0
10 1.5 1.7672666666666665 0.1575235291066774 13.374 1.434 2.6792142857142855 14
20 0 0 0 13.374 1.434 2.2075172413793105 29
30 0 0 0 13.374 1.434 2.2075172413793105 29
40 1.2 1.8530833333333332 0.14355339211906096 13.374 1.434 2.2075172413793105 29
50 4 2.0327500000000005 1.034920812188063 13.374 1.434 2.103780487804878 41
60 0.8 3.2483750000000007 2.8016995260689543 13.374 1.434 2.0687037037037035 81
70 0 0 0 13.374 1.434 2.1747415730337076 89
80 0 0 0 13.374 1.434 2.1747415730337076 89
90 6.3 1.8156825396825402 0.3921964937313148 13.374 1.388 2.1747415730337076 89
100 4.9 1.8278775510204077 0.855878034240886 13.374 1.315 2.0259210526315794 152
110 0 0 0 13.374 1.315 1.9776417910447763 201
120 0 0 0 13.374 1.315 1.9776417910447763 201
130 0 0 0 13.374 1.315 1.9776417910447763 201
140 0 0 0 13.374 1.315 1.9776417910447763 201
150 3.9 2.546307692307692 3.75355599025672 24.187 1.315 1.9776417910447763 201
160 17.1 1.7282163742690058 0.2906772792420416 24.187 1.284 2.07005 240
170 3 1.674333333333333 0.20956929376435102 24.187 1.284 1.9278272506082725 411
180 0 0 0 24.187 1.284 1.9105827664399093 441
190 0 0 0 24.187 1.284 1.9105827664399093 441
200 0 0 0 24.187 1.284 1.9105827664399093 441
210 0 0 0 24.187 1.284 1.9105827664399093 441
220 0 0 0 24.187 1.284 1.9105827664399093 441
230 0 0 0 24.187 1.284 1.9105827664399093 441
240 22.7 1.7336740088105724 0.5738040689893855 24.187 1.284 1.9105827664399093 441
250 24.5 1.6763632653061222 0.5556918051618467 24.187 1.248 1.8504655688622753 668
260 0 0 0 24.187 1.248 1.803745892661555 913
270 0 0 0 24.187 1.248 1.803745892661555 913
280 0 0 0 24.187 1.248 1.803745892661555 913
290 0 0 0 24.187 1.248 1.803745892661555 913
300 0 0 0 24.187 1.248 1.803745892661555 913
310 0 0 0 24.187 1.248 1.803745892661555 913
320 0 0 0 24.187 1.248 1.803745892661555 913
330 0 0 0 24.187 1.248 1.803745892661555 913
340 0 0 0 24.187 1.248 1.803745892661555 913
350 0 0 0 24.187 1.248 1.803745892661555 913
360 0 0 0 24.187 1.248 1.803745892661555 913
370 17.8 1.8748146067415716 1.9157671870735065 26.61 1.248 1.803745892661555 913
380 63.2 1.7147515822784802 0.942741370226605 26.61 1.132 1.8153409715857005 1091
390 17.9 1.6677430167597769 0.5248116245112946 26.61 1.062 1.7784445734184555 1723
400 7.1 1.7457042253521127 0.3831205964061408 26.61 1.062 1.7680262881177704 1902
410 2.9 1.69396551724138 0.35006112596857664 26.61 1.062 1.7672230106436895 1973
420 0.3 1.675 0.04596375383567654 26.61 1.062 1.7661618381618378 2002
430 0.1 62.746 0.0 62.746 1.062 1.7660254364089774 2005
440 1.6 1.7489375000000003 0.16545107613355067 62.746 1.062 1.7964242273180455 2006
450 0.3 1.7233333333333334 0.08513649171901681 62.746 1.062 1.7960484668644905 2022
460 0 0 0 62.746 1.062 1.7959407407407406 2025
470 0 0 0 62.746 1.062 1.7959407407407406 2025
480 0 0 0 62.746 1.062 1.7959407407407406 2025
490 0 0 0 62.746 1.062 1.7959407407407406 2025
500 0 0 0 62.746 1.062 1.7959407407407406 2025
510 0 0 0 62.746 1.062 1.7959407407407406 2025
520 0 0 0 62.746 1.062 1.7959407407407406 2025
530 0 0 0 62.746 1.062 1.7959407407407406 2025
537 0 0 0 62.746 1.062 1.7959407407407406 2025
