0 0.1 0.026441134290822184 0 0.026441134290822184 0.026441134290822184 0 0
10 0.1 0.010409835212308588 0.0 0.026441134290822184 0.010409835212308588 0.026441134290822184 1
20 0.1 0.018738678714943054 0.0 0.026441134290822184 0.010409835212308588 0.018425484751565385 2
30 0.1 0.009370412402261392 0.0 0.026441134290822184 0.009370412402261392 0.018529882739357944 3
40 0.1 0.003123048094940662 0.0 0.026441134290822184 0.003123048094940662 0.016240015155083803 4
50 0.1 0.011450699533644236 0.0 0.026441134290822184 0.003123048094940662 0.013616621743055174 5
60 0.1 0.04789720842574371 0.0 0.04789720842574371 0.003123048094940662 0.01325563470815335 6
70 0.1 0.05934285595302545 0.0 0.05934285595302545 0.003123048094940662 0.0182044309535234 7
80 0.1 0.020820320632937747 0.0 0.05934285595302545 0.003123048094940662 0.023346734078461155 8
90 0.1 0.007287263944700076 0.0 0.05934285595302545 0.003123048094940662 0.023066021473403 9
100 0.1 0.06454971369078605 0.0 0.06454971369078605 0.003123048094940662 0.02148814572053271 10
110 0.1 0.1020716376248555 0.0 0.1020716376248555 0.003123048094940662 0.025402833717828466 11
120 0.1 0.05102837802655559 0.0 0.1020716376248555 0.003123048094940662 0.03179190071008072 12
130 0.1 0.01457301078402798 0.0 0.1020716376248555 0.003123048094940662 0.03327162973442494 13
140 0.1 0.005205405292856102 0.0 0.1020716376248555 0.003123048094940662 0.031936014095110876 14
150 0.1 0.0020817936734290263 0.0 0.1020716376248555 0.0020817936734290263 0.030153973508293894 15
160 0.1 0.0187400443514383 0.0 0.1020716376248555 0.0020817936734290263 0.02839946226861484 16
170 0.1 0.13080444735120994 0.0 0.13080444735120994 0.0020817936734290263 0.027831261214663276 17
180 0.1 0.1385200229130865 0.0 0.1385200229130865 0.0020817936734290263 0.03355199377780476 18
190 0.1 0.05934285595302545 0.0 0.1385200229130865 0.0020817936734290263 0.03907662689018801 19
200 0.1 0.013533349295745322 0.0 0.1385200229130865 0.0020817936734290263 0.040089938343329884 20
210 0.1 0.012492192379762648 0.0 0.1385200229130865 0.0020817936734290263 0.03882533886487348 21
220 0.1 0.0041642808807454065 0.0 0.1385200229130865 0.0020817936734290263 0.037628377661004804 22
230 0.1 0.0 0.0 0.1385200229130865 0.0 0.0361734169314283 23
240 0.1 0.0 0.0 0.1385200229130865 0.0 0.034666191225952124 24
250 0.1 0.10205781887861368 0.0 0.1385200229130865 0.0 0.03327954357691404 25
260 0.1 0.11768871854690884 0.0 0.1385200229130865 0.0 0.03592486185774864 26
270 0.1 0.11976297345427658 0.0 0.1385200229130865 0.0 0.03895315284623605 27
280 0.1 0.24681586703185696 0.0 0.24681586703185696 0.0 0.04183921786795179 28
290 0.1 0.22911893355550927 0.0 0.24681586703185696 0.0 0.04890737818394852 29
300 0.1 0.08953483529754716 0.0 0.24681586703185696 0.0 0.05491443002966721 30
310 0.1 0.008327694789985947 0.0 0.24681586703185696 0.0 0.05603121729637302 31
320 0.1 0.0052055678753995275 0.0 0.24681586703185696 0.0 0.05454048221804842 32
330 0.1 0.0031231781460814524 0.0 0.24681586703185696 0.0 0.05304548481372573 33
340 0.1 0.005204375839205604 0.0 0.24681586703185696 0.0 0.05157718167644207 34
350 0.1 0.01561524047470331 0.0 0.24681586703185696 0.0 0.05025224436680674 35
360 0.1 0.01249284264223622 0.0 0.24681586703185696 0.0 0.04929010536980387 36
370 0.1 0.005205893070956323 0.0 0.24681586703185696 0.0 0.04829558475554528 37
380 0.1 0.03331979716573476 0.0 0.24681586703185696 0.0 0.04716164550068768 38
390 0.1 0.09897173575588361 0.0 0.24681586703185696 0.0 0.04680672631261197 39
400 0.1 0.13648819012492316 0.0 0.24681586703185696 0.0 0.04811085154869376 40
410 0.1 0.15413455530097897 0.0 0.24681586703185696 0.0 0.05026639639201643 41
420 0.1 0.2489713005885723 0.0 0.2489713005885723 0.0 0.052739447794610775 42
430 0.1 0.14787199700090597 0.0 0.2489713005885723 0.0 0.05730297925493546 43
440 0.1 0.08433107756376887 0.0 0.2489713005885723 0.0 0.05936136602188934 44
450 0.1 0.12290002395508942 0.0 0.2489713005885723 0.0 0.05991624850059778 45
460 0.1 0.10622897551526261 0.0 0.2489713005885723 0.0 0.06128546101047803 46
470 0.1 0.09684372754631318 0.0 0.2489713005885723 0.0 0.06224170599994153 47
480 0.1 0.0229025911158767 0.0 0.2489713005885723 0.0 0.06296258144882427 48
490 0.1 0.0031229505636925763 0.0 0.2489713005885723 0.0 0.062145030625702896 49
500 0.1 0.0020821187640543016 0.0 0.2489713005885723 0.0 0.06096458902446269 50
510 0.1 0.005205405292856102 0.0 0.2489713005885723 0.0 0.05981003078406252 51
520 0.1 0.011450580336230677 0.0 0.2489713005885723 0.0 0.05875994183230856 52
530 0.1 0.007288326183832411 0.0 0.2489713005885723 0.0 0.057867312370118405 53
537 0.1 0.002081902025690671 0.0 0.2489713005885723 0.0 0.05693066447777978 54
