0 4.4 112.03043181818181 100.26687161552181 286.984 5.139 0 0
10 12 95.05828333333335 105.50653732551233 383.22 4.154 112.03043181818181 44
20 7 299.11695714285713 778.4639098888536 3226.901 4.154 99.61178658536586 164
30 1.5 19.744266666666665 15.320452967483986 3226.901 4.154 159.29282051282053 234
40 1.7 166.8339411764706 119.3028031717763 3226.901 4.154 150.886281124498 249
50 17.6 109.09804545454546 113.6606665919847 3226.901 4.154 151.90549248120303 266
60 23.8 145.62239495798318 382.78217791490886 3576.179 4.154 134.8599932126697 442
70 8.7 410.535643678161 1188.42632932445 5188.981 4.154 138.6268338235294 680
80 0.8 32.996625 37.145086599500274 5188.981 4.154 169.4691629726206 767
90 17.9 115.43258659217871 120.43797700579366 5188.981 4.005 168.0604141935484 775
100 45 136.3843733333332 245.1122269160044 5188.981 4.005 158.18580083857444 954
110 25.9 371.1458223938226 1218.3093747451517 8759.357 4.005 151.19816381766378 1404
120 7.6 731.4226842105262 2019.6321216000817 8996.177 4.005 185.45339146121466 1663
130 1.5 210.61766666666665 675.9967163849901 8996.177 4.005 209.31403910293272 1739
140 0.2 16.935 1.9979999999999998 8996.177 4.005 209.3251875712657 1754
150 5.7 136.1515438596491 138.25525278851615 8996.177 4.005 209.10606435079728 1756
160 67.2 202.48869940476237 298.4981337616276 8996.177 4.005 206.81240319911748 1813
170 82 516.3306219512183 815.0732914126033 8996.177 4.005 205.64317625754538 2485
180 39.6 280.83195959595946 933.1767504129862 16823.694 4.005 282.7275046898636 3305
190 6.6 1711.7341666666666 6574.204874615034 29873.349 4.005 282.5246849500133 3701
200 6.3 5642.352492063489 10185.873746422692 29984.37 4.005 307.5652545792406 3767
210 1.2 32.23016666666666 14.422911754296436 29984.37 4.005 395.31762950391624 3830
220 0 0 0 29984.37 4.005 394.1835718375844 3842
230 0.2 32.958 18.089 29984.37 4.005 394.1835718375844 3842
240 46.6 237.7077081545063 331.55713472316245 29984.37 4.005 393.9956292924036 3844
250 66.1 975.8581618759451 1814.7272238863081 29984.37 4.005 377.0976777262179 4310
260 60.3 4435.475374792706 5516.60894428733 29984.37 4.005 456.7155976664653 4971
270 85.8 4343.084655011661 6887.279855418374 29984.37 4.005 887.1411709723719 5574
280 88.2 2850.2682675736974 4554.419377833839 29984.37 4.005 1348.1485573694038 6432
290 41.5 379.60373493975965 1059.1893267158264 29984.37 4.005 1529.2901467049503 7314
300 2.6 34.19115384615384 31.560083998245805 29984.37 4.005 1467.5590222538501 7729
310 1 18028.341799999995 27480.106586334092 60009.896 3.74 1462.7534046421674 7755
320 0.9 13346.938444444444 24952.471051898458 60048.08 3.74 1484.0870664520294 7765
330 3 22008.76046666667 28911.841257147964 60048.08 3.702 1497.8207508361215 7774
340 7.9 17477.713430379747 27254.071118339933 60048.08 3.377 1576.6685457457725 7804
350 4.3 11172.599069767444 23344.908690618155 60048.08 3.377 1736.0219068882413 7883
360 1.6 16.8274375 10.423487743845326 60048.08 3.377 1787.2170643451939 7926
370 11.2 260.2015089285713 512.874622016782 60048.08 3.377 1783.6504269705372 7942
380 75.6 624.3168015873018 1779.6899701171315 60048.08 1.046 1762.465142786194 8054
390 165.7 1124.7599734459866 3472.0610358544614 60048.08 0.944 1664.7988379114652 8810
400 106 4147.436116981131 7800.151325293002 60048.08 0.944 1579.3068728384453 10467
410 126 7065.256092063485 12066.809465521052 60048.08 0.944 1815.4669317255143 11527
420 73.7 5586.863151967444 12367.598858666224 60048.08 0.944 2332.768436537108 12787
430 32.3 11224.872925696593 14452.32138712806 60048.08 0.944 2510.1026427832003 13524
440 55.2 12034.032706521743 14497.682436734554 60048.08 0.944 2713.3864444283963 13847
450 69.8 9201.471905444125 12566.71563380154 60048.08 0.944 3070.7026981040353 14399
460 71.1 4681.772223628705 10183.658215325195 60048.08 0.944 3354.1548347353782 15097
470 16.6 5380.553759036146 16645.296288750797 60048.08 0.944 3413.8673830339076 15808
480 2.6 11571.27976923077 23631.777783694666 60048.08 0.944 3434.304965256042 15974
490 1 48004.3977 23996.648202885142 60048.08 0.944 3447.527549312501 16000
500 1.3 32317.121615384614 29906.74654276447 60048.08 0.944 3475.358199000625 16010
510 9.1 25722.99573626373 29688.823778334932 60058.972 0.944 3498.7584938525874 16023
520 9 26011.927388888897 29723.618238711188 60058.972 0.944 3624.2646120764557 16114
530 1.2 10018.087916666667 22353.22062722661 60058.972 0.944 3748.6098138731186 16204
537 0.2 26.799500000000002 2.235500000000001 60058.972 0.944 3753.249289528861 16216
