10 0.1 1884 0 1884 1884 0 0
20 0.1 2616.0 0.0 2616 1884 1884.0 1
30 0.1 1125.0 0.0 2616 1125 2250.0 2
40 0.1 88.0 0.0 2616 88 1875.0 3
50 0.1 1140.0 0.0 2616 88 1428.25 4
60 0.1 5347.0 0.0 5347 88 1370.6 5
70 0.1 4715.0 0.0 5347 88 2033.3333333333333 6
80 0.1 1124.0 0.0 5347 88 2416.4285714285716 7
90 0.1 21.0 0.0 5347 21 2254.875 8
100 0.1 6635.0 0.0 6635 21 2006.6666666666667 9
110 0.1 10487.0 0.0 10487 21 2469.5 10
120 0.1 5090.0 0.0 10487 21 3198.3636363636365 11
130 0.1 1037.0 0.0 10487 21 3356.0 12
140 0.1 131.0 0.0 10487 21 3177.6153846153848 13
150 0.1 5.0 0.0 10487 5 2960.0 14
160 0.1 3710.0 0.0 10487 5 2763.0 15
170 0.1 18454.0 0.0 18454 5 2822.1875 16
180 0.1 20564.0 0.0 20564 5 3741.705882352941 17
190 0.1 6814.0 0.0 20564 5 4676.277777777777 18
200 0.1 924.0 0.0 20564 5 4788.789473684211 19
210 0.1 965.0 0.0 20564 5 4595.55 20
220 0.1 46.0 0.0 20564 5 4422.666666666667 21
230 0.1 6.0 0.0 20564 5 4223.727272727273 22
240 0.1 11.0 0.0 20564 5 4040.3478260869565 23
250 0.1 18248.0 0.0 20564 5 3872.4583333333335 24
260 0.1 10681.0 0.0 20564 5 4447.48 25
270 0.1 19641.0 0.0 20564 5 4687.230769230769 26
280 0.1 27756.0 0.0 27756 5 5241.074074074074 27
290 0.1 26032.0 0.0 27756 5 6045.178571428572 28
300 0.1 3185.0 0.0 27756 5 6734.379310344828 29
310 0.1 127.0 0.0 27756 5 6616.066666666667 30
320 0.1 41.0 0.0 27756 5 6406.741935483871 31
330 0.1 31.0 0.0 27756 5 6207.8125 32
340 0.1 108.0 0.0 27756 5 6020.636363636364 33
350 0.1 270.0 0.0 27756 5 5846.735294117647 34
360 0.1 149.0 0.0 27756 5 5687.4 35
370 0.1 74.0 0.0 27756 5 5533.555555555556 36
380 0.1 5504.0 0.0 27756 5 5386.0 37
390 0.1 10286.0 0.0 27756 5 5389.105263157895 38
400 0.1 9172.0 0.0 27756 5 5514.666666666667 39
410 0.1 20160.0 0.0 27756 5 5606.1 40
420 0.1 36817.0 0.0 36817 5 5961.073170731707 41
430 0.1 15876.0 0.0 36817 5 6695.738095238095 42
440 0.1 13141.0 0.0 36817 5 6909.232558139535 43
450 0.1 28716.0 0.0 36817 5 7050.863636363636 44
460 0.1 25744.0 0.0 36817 5 7532.311111111111 45
470 0.1 1.3e4 0.0 36817 5 7928.217391304348 46
480 0.1 898.0 0.0 36817 5 8036.127659574468 47
490 0.1 100.0 0.0 36817 5 7887.416666666667 48
500 0.1 31.0 0.0 36817 5 7728.489795918367 49
510 0.1 45.0 0.0 36817 5 7574.54 50
520 0.1 301.0 0.0 36817 5 7426.901960784314 51
530 0.1 242.0 0.0 36817 5 7289.865384615385 52
537 0.1 43.0 0.0 36817 5 7156.88679245283 53
