10 0.1 539 0 539 539 0 0
20 0.1 535.0 0.0 539 535 539.0 1
30 0.1 263.0 0.0 539 263 537.0 2
40 0.1 58.0 0.0 539 58 445.6666666666667 3
50 0.1 422.0 0.0 539 58 348.75 4
60 0.1 1613.0 0.0 1613 58 363.4 5
70 0.1 1214.0 0.0 1613 58 571.6666666666666 6
80 0.1 340.0 0.0 1613 58 663.4285714285714 7
90 0.1 19.0 0.0 1613 19 623.0 8
100 0.1 1591.0 0.0 1613 19 555.8888888888889 9
110 0.1 2537.0 0.0 2537 19 659.4 10
120 0.1 1201.0 0.0 2537 19 830.0909090909091 11
130 0.1 304.0 0.0 2537 19 861.0 12
140 0.1 237.0 0.0 2537 19 818.1538461538462 13
150 0.1 4.0 0.0 2537 4 776.6428571428571 14
160 0.1 820.0 0.0 2537 4 725.1333333333333 15
170 0.1 4377.0 0.0 4377 4 731.0625 16
180 0.1 4240.0 0.0 4377 4 945.5294117647059 17
190 0.1 1637.0 0.0 4377 4 1128.5555555555557 18
200 0.1 273.0 0.0 4377 4 1155.3157894736842 19
210 0.1 261.0 0.0 4377 4 1111.2 20
220 0.1 44.0 0.0 4377 4 1070.7142857142858 21
230 0.1 6.0 0.0 4377 4 1024.0454545454545 22
240 0.1 9.0 0.0 4377 4 979.7826086956521 23
250 0.1 4502.0 0.0 4502 4 939.3333333333334 24
260 0.1 3278.0 0.0 4502 4 1081.84 25
270 0.1 3660.0 0.0 4502 4 1166.3076923076922 26
280 0.1 5629.0 0.0 5629 4 1258.6666666666667 27
290 0.1 5807.0 0.0 5807 4 1414.75 28
300 0.1 1385.0 0.0 5807 4 1566.2068965517242 29
310 0.1 87.0 0.0 5807 4 1560.1666666666667 30
320 0.1 35.0 0.0 5807 4 1512.6451612903227 31
330 0.1 29.0 0.0 5807 4 1466.46875 32
340 0.1 96.0 0.0 5807 4 1422.909090909091 33
350 0.1 406.0 0.0 5807 4 1383.8823529411766 34
360 0.1 141.0 0.0 5807 4 1355.942857142857 35
370 0.1 72.0 0.0 5807 4 1322.1944444444443 36
380 0.1 2024.0 0.0 5807 4 1288.4054054054054 37
390 0.1 5422.0 0.0 5807 4 1307.7631578947369 38
400 0.1 4581.0 0.0 5807 4 1413.2564102564102 39
410 0.1 4824.0 0.0 5807 4 1492.45 40
420 0.1 8419.0 0.0 8419 4 1573.7073170731708 41
430 0.1 3401.0 0.0 8419 4 1736.6904761904761 42
440 0.1 2132.0 0.0 8419 4 1775.3953488372092 43
450 0.1 5625.0 0.0 8419 4 1783.5 44
460 0.1 4741.0 0.0 8419 4 1868.8666666666666 45
470 0.1 3084.0 0.0 8419 4 1931.304347826087 46
480 0.1 501.0 0.0 8419 4 1955.8297872340424 47
490 0.1 92.0 0.0 8419 4 1925.5208333333333 48
500 0.1 37.0 0.0 8419 4 1888.1020408163265 49
510 0.1 42.0 0.0 8419 4 1851.08 50
520 0.1 293.0 0.0 8419 4 1815.6078431372548 51
530 0.1 255.0 0.0 8419 4 1786.326923076923 52
537 0.1 45.0 0.0 8419 4 1757.433962264151 53
