0 14.9671875 14.9671875
10 51.6703125 66.6375
20 31.4265625 98.0640625
30 7.70703125 105.77109375
40 3.7421875 109.51328125
50 70.3828125 179.89609375
60 107.85 287.74609375
70 38.49765625 326.24375
80 4.184375 330.428125
90 61.16015625 391.58828125
100 198.5484375 590.13671875
110 119.07109375 709.2078125
120 31.13203125 740.33984375
130 9.5984375 749.93828125
140 0.8765625 750.81484375
150 14.284375 765.09921875
160 289.4 1054.49921875
170 354.7578125 1409.25703125
180 170.5515625 1579.80859375
190 29.24375 1609.05234375
200 25.653125 1634.70546875
210 8.1578125 1642.86328125
220 0 1642.86328125
230 1.22578125 1644.0890625
240 167.63984375 1811.72890625
250 383.74296875 2195.471875
260 248.90546875 2444.37734375
270 359.165625 2803.54296875
280 328.86171875 3132.4046875
290 172.76484375 3305.16953125
300 11.86015625 3317.0296875
310 3.41171875 3320.44140625
320 3.22421875 3323.665625
330 10.046875 3333.7125
340 29.8375 3363.55
350 18.55859375 3382.10859375
360 9.3046875 3391.41328125
370 44.2390625 3435.65234375
380 394.69140625 3830.34375
390 484.31484375 4314.65859375
400 335.94375 4650.60234375
410 495.75625 5146.35859375
420 396.425 5542.78359375
430 131.46875 5674.25234375
440 165.390625 5839.64296875
450 245.64921875 6085.2921875
460 247.9171875 6333.209375
470 66.23828125 6399.44765625
480 9.94921875 6409.396875
490 0.8265625 6410.2234375
500 3.3078125 6413.53125
510 25.63359375 6439.16484375
520 28.31953125 6467.484375
530 6.2 6473.684375
537 1.17578125 6474.86015625
