0 1210.79453125 1210.79453125
10 2933.259375 4144.05390625
20 1460.58671875 5604.640625
30 60.11875 5664.759375
40 748.86640625 6413.62578125
50 4741.20859375 11154.834375
60 5319.33203125 16474.16640625
70 1379.7546875 17853.92109375
80 14.15859375 17868.0796875
90 5186.11171875 23054.19140625
100 10536.3046875 33590.49609375
110 6328.49140625 39918.9875
120 1318.55703125 41237.54453125
130 83.25078125 41320.7953125
140 1.80703125 41322.60234375
150 2099.11484375 43421.7171875
160 17510.1609375 60931.878125
170 21936.96796875 82868.84609375
180 8530.17578125 91399.021875
190 805.05625 92204.078125
200 1045.0375 93249.115625
210 22.95703125 93272.07265625
220 0 93272.07265625
230 3.59375 93275.66640625
240 14365.7578125 107641.42421875
250 11782.86796875 119424.2921875
260 17818.19375 137242.4859375
270 28076.91796875 165319.40390625
280 29307.76796875 194627.171875
290 5896.8484375 200524.0203125
300 130.73203125 200654.75234375
310 15.69375 200670.44609375
320 11.871875 200682.31796875
330 38.44609375 200720.7640625
340 111.4609375 200832.225
350 67.6125 200899.8375
360 33.42421875 200933.26171875
370 2634.64765625 203567.909375
380 8134.584375 211702.49375
390 7883.9625 219586.45625
400 17936.30625 237522.7625
410 39267.80234375 276790.56484375
420 17359.1703125 294149.73515625
430 13120.2046875 307269.93984375
440 28565.3609375 335835.30078125
450 27477.71171875 363313.0125
460 16801.15078125 380114.16328125
470 1493.84609375 381608.009375
480 75.36640625 381683.37578125
490 4.89453125 381688.2703125
500 13.3859375 381701.65625
510 100.71484375 381802.37109375
520 111.40390625 381913.775
530 22.8 381936.575
537 4.15 381940.725
