0 0.5 3393.5012 2063.0734366144507 6180.346 533.575 0 0
10 1.8 2822.6519444444443 1772.5182130783585 6180.346 179.743 3393.5012 5
20 0.6 6973.8645 4680.1064248493585 16391.742 179.743 2946.7496086956526 23
30 0 0 0 16391.742 179.743 3779.945793103449 29
40 0.1 2252.454 0.0 16391.742 179.743 3779.945793103449 29
50 2.9 3058.5482068965534 2012.9123339748028 16391.742 179.743 3729.0294000000004 30
60 2.9 4314.549103448276 2955.2098045748635 16391.742 179.743 3399.470847457628 59
70 0.1 7601.687 0.0 16391.742 179.743 3701.0307272727277 88
80 0 0 0 16391.742 179.743 3744.8583258426966 89
90 2.1 2274.9590000000003 1764.544094558408 16391.742 179.743 3744.8583258426966 89
100 7.2 3823.853722222223 2680.0315586024367 16391.742 179.743 3464.241181818182 110
110 1.9 7341.617736842107 4848.246451764692 18834.33 179.743 3606.505483516484 182
120 0 0 0 18834.33 179.743 3959.575796019901 201
130 0 0 0 18834.33 179.743 3959.575796019901 201
140 0 0 0 18834.33 179.743 3959.575796019901 201
150 0.4 1535.719 355.2101791144223 18834.33 179.743 3959.575796019901 201
160 10.9 2840.627889908255 1808.5945496553948 18834.33 179.743 3912.2810292682934 205
170 11.4 4130.60296491228 2461.0406439952826 18834.33 179.743 3540.2740477707007 314
180 1.3 7339.19676923077 4322.439280929553 18834.33 179.743 3697.511189252336 428
190 0 0 0 18834.33 179.743 3804.8624648526074 441
200 0 0 0 18834.33 179.743 3804.8624648526074 441
210 0 0 0 18834.33 179.743 3804.8624648526074 441
220 0 0 0 18834.33 179.743 3804.8624648526074 441
230 0 0 0 18834.33 179.743 3804.8624648526074 441
240 6.2 2438.7206612903233 1395.2159904200166 18834.33 179.743 3804.8624648526074 441
250 15.4 4474.605045454545 2781.794975254033 18834.33 179.743 3636.4712286282306 503
260 13.7 7690.140072992704 4483.046103898275 19269.719 179.743 3832.928774733638 657
270 9.4 5095.166861702129 4448.392263670767 24515.388 179.743 4498.467751889169 794
280 2.4 6988.568208333331 3201.9078866556138 24515.388 179.743 4561.631846846847 888
290 0.1 19987.636 0.0 24515.388 179.743 4625.498593201754 912
300 0 0 0 24515.388 179.743 4642.324592552027 913
310 0 0 0 24515.388 179.743 4642.324592552027 913
320 0 0 0 24515.388 179.743 4642.324592552027 913
330 0 0 0 24515.388 179.743 4642.324592552027 913
340 0 0 0 24515.388 179.743 4642.324592552027 913
350 0 0 0 24515.388 179.743 4642.324592552027 913
360 0 0 0 24515.388 179.743 4642.324592552027 913
370 0.7 1316.1527142857142 288.59370557372785 24515.388 179.743 4642.324592552027 913
380 17.3 3650.6945317919067 2109.501071009426 24515.388 179.743 4617.016763043479 920
390 26 5763.840373076925 4079.868677410111 24515.388 76.392 4464.067315645014 1093
400 12.6 9978.744142857142 4928.764366151532 24515.388 76.392 4713.83893052476 1353
410 18 5929.44853888889 4053.920285483734 24515.388 76.392 5162.370409060177 1479
420 16 4849.875812500003 2870.380715931853 24515.388 76.392 5245.597692585897 1659
430 4.6 8291.715260869567 3374.14867455468 24515.388 76.392 5210.789830676197 1819
440 0.1 12993.91 0.0 24515.388 76.392 5286.780484718501 1865
450 0 0 0 24515.388 76.392 5290.910779206862 1866
460 0 0 0 24515.388 76.392 5290.910779206862 1866
470 0 0 0 24515.388 76.392 5290.910779206862 1866
480 0 0 0 24515.388 76.392 5290.910779206862 1866
490 0 0 0 24515.388 76.392 5290.910779206862 1866
500 0 0 0 24515.388 76.392 5290.910779206862 1866
510 0 0 0 24515.388 76.392 5290.910779206862 1866
520 0 0 0 24515.388 76.392 5290.910779206862 1866
530 0 0 0 24515.388 76.392 5290.910779206862 1866
537 0 0 0 24515.388 76.392 5290.910779206862 1866
