0 0.1 15.008 0 15.008 15.008 0 0
10 0.2 20.749499999999998 6.075499999999999 26.825 14.674 15.008 1
20 0.4 20.576 7.319443353151934 32.715 14.291 18.835666666666665 3
30 0 0 0 32.715 14.291 19.830142857142853 7
40 0 0 0 32.715 14.291 19.830142857142853 7
50 0.1 15.407 0.0 32.715 14.291 19.830142857142853 7
60 1.1 16.338454545454546 2.3272668075208798 32.715 13.454 19.27725 8
70 0.8 16.77025 2.5234680872759223 32.715 13.454 17.57584210526316 19
80 0 0 0 32.715 13.454 17.33714814814815 27
90 0 0 0 32.715 13.454 17.33714814814815 27
100 1.3 21.558230769230768 11.16224400622195 53.763 13.454 17.33714814814815 27
110 1.8 23.761 11.088994639330975 53.763 13.454 18.709 40
120 0.5 16.395599999999998 1.202804655794115 53.763 13.454 20.276862068965517 58
130 0 0 0 53.763 13.454 19.968825396825398 63
140 0 0 0 53.763 13.454 19.968825396825398 63
150 0 0 0 53.763 13.454 19.968825396825398 63
160 0.7 42.04985714285714 43.94474062933574 148.37 13.454 19.968825396825398 63
170 3.1 30.751096774193552 24.12365977605046 148.58 13.454 22.176928571428572 70
180 3.8 21.462368421052634 5.023838113492682 148.58 13.454 24.808603960396038 101
190 0.4 19.419 1.1638597424088528 148.58 13.454 23.893805755395682 139
200 0.1 20.612 0.0 148.58 13.454 23.768636363636364 143
210 0 0 0 148.58 13.454 23.746715277777778 144
220 0 0 0 148.58 13.454 23.746715277777778 144
230 0 0 0 148.58 13.454 23.746715277777778 144
240 0.1 28.183 0.0 148.58 13.454 23.746715277777778 144
250 0.2 63.048 23.905999999999995 148.58 13.454 23.777310344827587 145
260 0.3 2394.6653333333334 3301.1853396887946 7063.223 13.454 24.31160544217687 147
270 1.3 65.56123076923078 35.19361982421474 7063.223 13.454 71.71867999999999 150
280 5.5 48.00101818181818 24.41585555292887 7063.223 13.454 71.22759509202454 163
290 6.7 27.56676119402985 13.21244295158703 7063.223 13.454 65.36767889908258 218
300 0.2 21.560499999999998 0.45950000000000113 7063.223 13.454 56.48114736842106 285
310 0 0 0 7063.223 13.454 56.23779790940767 287
320 0 0 0 7063.223 13.454 56.23779790940767 287
330 0 0 0 7063.223 13.454 56.23779790940767 287
340 0 0 0 7063.223 13.454 56.23779790940767 287
350 0 0 0 7063.223 13.454 56.23779790940767 287
360 0 0 0 7063.223 13.454 56.23779790940767 287
370 0 0 0 7063.223 13.454 56.23779790940767 287
380 0 0 0 7063.223 13.454 56.23779790940767 287
390 2.2 1.427954545454545 0.14023729152363248 7063.223 1.195 56.23779790940767 287
400 2.3 1481.8935652173911 1786.7777600422114 7063.223 1.195 52.335478964401304 309
410 0.2 597.6675 582.3785 7063.223 1.195 151.37112951807228 332
420 1 200.99010000000004 260.4020086233783 7063.223 1.195 154.04356287425148 334
430 1 1431.4155999999998 676.7386454631064 7063.223 1.195 155.40828779069764 344
440 0.2 48.827 9.922000000000002 7063.223 1.195 191.45369209039544 354
450 4.3 19.38490697674419 23.26520139489093 7063.223 1.195 190.6524185393258 356
460 13.9 43.226021582733814 39.292835073059706 7063.223 1.195 172.19501754385962 399
470 2.7 38.40859259259259 20.726652771982156 7063.223 1.195 138.874031598513 538
480 0.1 39.71 0.0 7063.223 1.195 134.07302831858408 565
490 0 0 0 7063.223 1.195 133.90630918727916 566
500 0 0 0 7063.223 1.195 133.90630918727916 566
510 0 0 0 7063.223 1.195 133.90630918727916 566
520 0 0 0 7063.223 1.195 133.90630918727916 566
530 0 0 0 7063.223 1.195 133.90630918727916 566
537 0 0 0 7063.223 1.195 133.90630918727916 566
