0 0.3 252.2993333333333 24.864533045194225 287.308 231.938 0 0
10 0.2 307.99199999999996 1.6289999999999765 309.621 231.938 252.2993333333333 3
20 0 0 0 309.621 231.938 274.5764 5
30 0 0 0 309.621 231.938 274.5764 5
40 0 0 0 309.621 231.938 274.5764 5
50 0.7 255.90357142857144 37.919942630521476 341.429 217.521 274.5764 5
60 0.2 337.9545 43.8005 381.755 217.521 263.6839166666667 12
70 0 0 0 381.755 217.521 274.29400000000004 14
80 0 0 0 381.755 217.521 274.29400000000004 14
90 0.8 287.45175 38.72466500097194 381.755 217.521 274.29400000000004 14
100 0.8 400.693875 67.16100399867004 481.866 217.521 279.0786363636364 22
110 0 0 0 481.866 217.521 311.5093666666667 30
120 0 0 0 481.866 217.521 311.5093666666667 30
130 0 0 0 481.866 217.521 311.5093666666667 30
140 0 0 0 481.866 217.521 311.5093666666667 30
150 0.3 270.3883333333333 29.319189362751647 481.866 217.521 311.5093666666667 30
160 1.1 554.0834545454545 324.1375398714013 1391.061 217.521 307.7710909090909 33
170 0.6 2159.668 458.4216510880931 2974.236 217.521 369.3491818181818 44
180 0 0 0 2974.236 217.521 584.18744 50
190 0 0 0 2974.236 217.521 584.18744 50
200 0 0 0 2974.236 217.521 584.18744 50
210 0 0 0 2974.236 217.521 584.18744 50
220 0 0 0 2974.236 217.521 584.18744 50
230 0 0 0 2974.236 217.521 584.18744 50
240 1.7 675.0462941176469 273.73566292400216 2974.236 217.521 584.18744 50
250 1.2 4788.372583333333 2585.9717280474556 8932.559 217.521 607.2411791044776 67
260 1.3 12459.975846153848 1889.9580737656108 15543.289 217.521 1242.3497468354428 79
270 0.5 15756.825400000002 1467.9255641122413 18007.326 217.521 2827.4490869565216 92
280 0 0 0 18007.326 217.521 3493.9117835051543 97
290 0 0 0 18007.326 217.521 3493.9117835051543 97
300 0 0 0 18007.326 217.521 3493.9117835051543 97
310 0 0 0 18007.326 217.521 3493.9117835051543 97
320 0 0 0 18007.326 217.521 3493.9117835051543 97
330 0 0 0 18007.326 217.521 3493.9117835051543 97
340 0 0 0 18007.326 217.521 3493.9117835051543 97
350 0 0 0 18007.326 217.521 3493.9117835051543 97
360 0 0 0 18007.326 217.521 3493.9117835051543 97
370 0.2 1391.8780000000002 664.047 18007.326 217.521 3493.9117835051543 97
380 1.9 5922.734684210525 3323.356964689977 18007.326 2.665 3451.4464545454543 99
390 2 7481.60565 7785.453607419784 18676.616 2.605 3849.3657457627114 118
400 1.6 25176.1506875 1654.8279489482684 26966.0 2.605 4375.777326086956 138
410 2 30090.7163 1443.1832412559756 33600.485 2.605 6536.855077922078 154
420 0.5 36250.98679999999 2300.5477799539317 38872.901 2.605 9244.195448275861 174
430 0 0 0 38872.901 2.605 9998.575094972066 179
440 0 0 0 38872.901 2.605 9998.575094972066 179
450 0 0 0 38872.901 2.605 9998.575094972066 179
460 0 0 0 38872.901 2.605 9998.575094972066 179
470 0 0 0 38872.901 2.605 9998.575094972066 179
480 0 0 0 38872.901 2.605 9998.575094972066 179
490 0 0 0 38872.901 2.605 9998.575094972066 179
500 0 0 0 38872.901 2.605 9998.575094972066 179
510 0 0 0 38872.901 2.605 9998.575094972066 179
520 0 0 0 38872.901 2.605 9998.575094972066 179
530 0 0 0 38872.901 2.605 9998.575094972066 179
537 0 0 0 38872.901 2.605 9998.575094972066 179
