0 0.1 166.127 0 166.127 166.127 0 0
10 0.3 199.37533333333332 2.9586963720906287 201.958 166.127 166.127 1
20 0.3 291.92233333333337 148.03497572833552 501.254 166.127 191.06324999999998 4
30 0 0 0 501.254 166.127 234.28857142857143 7
40 0 0 0 501.254 166.127 234.28857142857143 7
50 0.3 188.60233333333335 3.4783019164848548 501.254 166.127 234.28857142857143 7
60 1.2 320.21675 122.72252238221868 575.169 166.127 220.58270000000002 10
70 0.5 476.35659999999996 189.67379124655042 735.915 166.127 274.92854545454543 22
80 0 0 0 735.915 166.127 312.230037037037 27
90 0 0 0 735.915 166.127 312.230037037037 27
100 1.6 327.750625 120.69718713006272 735.915 166.127 312.230037037037 27
110 1.5 649.0453999999999 114.07743632042228 891.943 166.127 318.0051395348837 43
120 0.5 622.3994 51.7400778878424 891.943 166.127 403.61899999999997 58
130 0 0 0 891.943 166.127 420.9825238095238 63
140 0 0 0 891.943 166.127 420.9825238095238 63
150 0 0 0 891.943 166.127 420.9825238095238 63
160 1 585.7119 202.52802532857027 948.192 166.127 420.9825238095238 63
170 3.6 1215.061833333333 484.5501474577846 2327.791 166.127 443.54819178082187 73
180 3.4 941.2404117647061 120.45980633807677 2327.791 166.127 698.3600366972476 109
190 0.1 839.43 0.0 2327.791 166.127 756.1078181818181 143
200 0 0 0 2327.791 166.127 756.6864444444442 144
210 0 0 0 2327.791 166.127 756.6864444444442 144
220 0 0 0 2327.791 166.127 756.6864444444442 144
230 0 0 0 2327.791 166.127 756.6864444444442 144
240 0.1 723.739 0.0 2327.791 166.127 756.6864444444442 144
250 0.3 3943.806666666666 1776.5213879086537 6106.422 166.127 756.459220689655 145
260 0.3 11541.603666666668 2442.665038447601 14894.983 166.127 821.0676148648647 148
270 2.1 11658.27019047619 2344.1775587091893 18151.08 166.127 1034.0583973509931 151
280 8.1 6084.366518518517 1694.6716270178738 18151.08 166.127 2331.2005348837206 172
290 3.4 1988.3128235294116 626.0877933254611 18151.08 166.127 3532.8070355731224 253
300 0 0 0 18151.08 166.127 3349.835595818815 287
310 0 0 0 18151.08 166.127 3349.835595818815 287
320 0 0 0 18151.08 166.127 3349.835595818815 287
330 0 0 0 18151.08 166.127 3349.835595818815 287
340 0 0 0 18151.08 166.127 3349.835595818815 287
350 0 0 0 18151.08 166.127 3349.835595818815 287
360 0 0 0 18151.08 166.127 3349.835595818815 287
370 0 0 0 18151.08 166.127 3349.835595818815 287
380 0.1 1.539 0.0 18151.08 1.539 3349.835595818815 287
390 3.1 1.3784838709677418 0.10527318408902342 18151.08 1.192 3338.2095659722218 288
400 1.5 1.3982666666666668 0.09759744987561003 18151.08 1.192 3013.940714733542 319
410 0 0 0 18151.08 1.192 2878.6468922155686 334
420 1.5 23350.767666666667 2194.0777697150024 27176.578 1.192 2878.6468922155686 334
430 0.6 20849.700666666668 891.5831352928093 27176.578 1.192 3758.5374699140402 349
440 0.2 21066.354 130.762999999999 27176.578 1.192 4047.4022 355
450 6.3 14587.219238095246 2102.957473943195 27176.578 1.192 4142.746467787115 357
460 14.2 9406.036542253527 1936.2187176465065 27176.578 1.192 5709.417383333334 420
470 0.4 5469.35175 373.2153304302856 27176.578 1.192 6643.4385943060515 562
480 0 0 0 27176.578 1.192 6635.141160777387 566
490 0 0 0 27176.578 1.192 6635.141160777387 566
500 0 0 0 27176.578 1.192 6635.141160777387 566
510 0 0 0 27176.578 1.192 6635.141160777387 566
520 0 0 0 27176.578 1.192 6635.141160777387 566
530 0 0 0 27176.578 1.192 6635.141160777387 566
537 0 0 0 27176.578 1.192 6635.141160777387 566
