10 0.3 7.001666666666668 0.8371544394886503 8.169 6.247 0 0
20 0.1 6.081 0.0 8.169 6.081 7.001666666666668 3
30 0.1 6.573 0.0 8.169 6.081 6.7715000000000005 4
40 0 0 0 8.169 6.081 6.731800000000002 5
50 0.1 6.884 0.0 8.169 6.081 6.731800000000002 5
60 0.4 7.5725 2.2984071114578457 11.546 6.028 6.757166666666667 6
70 0 0 0 11.546 6.028 7.0832999999999995 10
80 0.1 6.308 0.0 11.546 6.028 7.0832999999999995 10
90 0 0 0 11.546 6.028 7.012818181818181 11
100 0.8 7.255125000000001 1.9642677667199544 12.286 6.028 7.012818181818181 11
110 0.2 8.152999999999999 0.14299999999999935 12.286 6.028 7.1148421052631585 19
120 0.2 6.371 0.15400000000000014 12.286 6.028 7.2137142857142855 21
130 0 0 0 12.286 6.028 7.140434782608695 23
140 0 0 0 12.286 6.028 7.140434782608695 23
150 0 0 0 12.286 6.028 7.140434782608695 23
160 0.3 8.173333333333334 0.5949287539043829 12.286 6.028 7.140434782608695 23
170 1.3 8.701076923076924 2.212369264682912 15.881 6.028 7.259615384615385 26
180 0.8 7.861124999999999 1.5152090150784479 15.881 6.028 7.740102564102565 39
190 0.1 6.974 0.0 15.881 6.028 7.760702127659576 47
200 0 0 0 15.881 6.028 7.7443125 48
210 0 0 0 15.881 6.028 7.7443125 48
220 0 0 0 15.881 6.028 7.7443125 48
230 0 0 0 15.881 6.028 7.7443125 48
240 0 0 0 15.881 6.028 7.7443125 48
250 0.1 8.116 0.0 15.881 6.028 7.7443125 48
260 0.7 13.850714285714286 13.36163963114756 46.557 6.028 7.751897959183673 49
270 1 14.502800000000002 14.039647885897995 56.514 6.028 8.51425 56
280 2.3 10.959521739130434 8.170363942027283 56.514 5.985 9.421606060606061 66
290 1.1 7.838909090909092 2.5357676784374914 56.514 5.985 9.819044943820224 89
300 0 0 0 56.514 5.985 9.601229999999997 100
310 0 0 0 56.514 5.985 9.601229999999997 100
320 0 0 0 56.514 5.985 9.601229999999997 100
330 0 0 0 56.514 5.985 9.601229999999997 100
340 0 0 0 56.514 5.985 9.601229999999997 100
350 0 0 0 56.514 5.985 9.601229999999997 100
360 0 0 0 56.514 5.985 9.601229999999997 100
370 0 0 0 56.514 5.985 9.601229999999997 100
380 0 0 0 56.514 5.985 9.601229999999997 100
390 1 1.3811000000000002 0.14116476189191124 56.514 1.09 9.601229999999997 100
400 1.1 899.7212727272728 1122.8721008925843 3216.181 1.09 8.853945454545451 110
410 0.7 843.0515714285713 558.9311513415219 3216.181 1.09 89.84188429752066 121
420 0.3 111.20266666666667 113.1512632315207 3216.181 1.09 131.0330390625 128
430 0.3 1018.8803333333332 209.9090645800911 3216.181 1.09 130.57890839694656 131
440 1.8 8.295055555555557 1.3840334161116126 3216.181 1.09 150.46625373134327 134
450 2.4 8.657541666666665 1.5017490907595794 3216.181 1.09 133.6301907894737 152
460 1.1 7.2076363636363645 0.80311091419297 3216.181 1.09 116.58846590909091 176
470 0.1 6.964 0.0 3216.181 1.09 110.15429946524064 187
480 0 0 0 3216.181 1.09 109.60541489361702 188
490 0 0 0 3216.181 1.09 109.60541489361702 188
500 0 0 0 3216.181 1.09 109.60541489361702 188
510 0 0 0 3216.181 1.09 109.60541489361702 188
520 0 0 0 3216.181 1.09 109.60541489361702 188
530 0 0 0 3216.181 1.09 109.60541489361702 188
537 0 0 0 3216.181 1.09 109.60541489361702 188
