10 0.4 7.208500000000001 0.43854161718131157 7.627 6.493 0 0
20 0.2 7.824999999999999 0.2819999999999998 8.107 6.493 7.208500000000001 4
30 0 0 0 8.107 6.493 7.414000000000001 6
40 0 0 0 8.107 6.493 7.414000000000001 6
50 0.4 7.08425 0.06956786255161254 8.107 6.493 7.414000000000001 6
60 0.5 8.305800000000001 2.229591298870714 12.439 5.862 7.2821 10
70 0.2 8.789 0.7669999999999995 12.439 5.862 7.623333333333334 15
80 0 0 0 12.439 5.862 7.760470588235294 17
90 0.3 6.568666666666666 0.4336029930196005 12.439 5.862 7.760470588235294 17
100 0.9 8.350777777777779 0.8430800380849286 12.439 5.862 7.5817 20
110 0.6 10.179 1.0454759681599568 12.439 5.862 7.820379310344827 29
120 0.1 9.211 0.0 12.439 5.862 8.224714285714287 35
130 0 0 0 12.439 5.862 8.252111111111113 36
140 0 0 0 12.439 5.862 8.252111111111113 36
150 0 0 0 12.439 5.862 8.252111111111113 36
160 0.3 10.443 1.7829331638248993 12.963 5.862 8.252111111111113 36
170 2.2 30.801363636363643 77.10909179535271 380.626 5.862 8.420641025641027 39
180 1.6 9.206875 1.1951092457909442 380.626 5.862 16.49237704918033 61
190 0.2 9.2575 0.42649999999999944 380.626 5.862 14.978506493506497 77
200 0 0 0 380.626 5.862 14.833670886075954 79
210 0 0 0 380.626 5.862 14.833670886075954 79
220 0 0 0 380.626 5.862 14.833670886075954 79
230 0 0 0 380.626 5.862 14.833670886075954 79
240 0 0 0 380.626 5.862 14.833670886075954 79
250 0.5 166.50620000000004 306.5833647420551 779.639 5.862 14.833670886075954 79
260 0.8 826.4931250000001 2150.6469199879393 6516.564 5.862 23.861797619047625 84
270 2.5 23.305480000000003 21.93672336174206 6516.564 5.862 93.65582608695654 92
280 3.1 13.495290322580646 6.205353231054975 6516.564 5.862 78.62370085470087 117
290 2 10.070800000000002 1.4425734851299599 6516.564 5.862 64.98193918918919 148
300 0 0 0 6516.564 5.862 58.444898809523814 168
310 0 0 0 6516.564 5.862 58.444898809523814 168
320 0 0 0 6516.564 5.862 58.444898809523814 168
330 0 0 0 6516.564 5.862 58.444898809523814 168
340 0 0 0 6516.564 5.862 58.444898809523814 168
350 0 0 0 6516.564 5.862 58.444898809523814 168
360 0 0 0 6516.564 5.862 58.444898809523814 168
370 0 0 0 6516.564 5.862 58.444898809523814 168
380 0 0 0 6516.564 5.862 58.444898809523814 168
390 2.1 1.4607619047619047 0.18578787308876774 6516.564 1.157 58.444898809523814 168
400 2.9 1600.8223103448274 1705.0243015959118 6516.564 1.157 52.11332804232804 189
410 1.1 483.03563636363634 456.4719842486149 6516.564 1.157 258.134247706422 218
420 0.4 45.00749999999999 15.527695168633365 6516.564 1.157 268.9373711790393 229
430 1 1358.2415 790.8981683157763 6516.564 1.157 265.09308154506436 233
440 4 22.071125000000006 35.136589431949346 6516.564 1.157 310.0786131687243 243
450 7.4 23.223067567567565 32.13342507224857 6516.564 1.157 269.3708409893993 283
460 2.2 21.974181818181815 36.268219023668095 6516.564 1.157 218.34861344537816 357
470 0 0 0 6516.564 1.157 206.94956992084434 379
480 0 0 0 6516.564 1.157 206.94956992084434 379
490 0 0 0 6516.564 1.157 206.94956992084434 379
500 0 0 0 6516.564 1.157 206.94956992084434 379
510 0 0 0 6516.564 1.157 206.94956992084434 379
520 0 0 0 6516.564 1.157 206.94956992084434 379
530 0 0 0 6516.564 1.157 206.94956992084434 379
537 0 0 0 6516.564 1.157 206.94956992084434 379
