10 0.3 10.586666666666666 0.9931043360202504 11.979 9.731 0 0
20 0.3 8.120333333333335 0.3374189614641651 11.979 7.777 10.586666666666666 3
30 0 0 0 11.979 7.777 9.3535 6
40 0 0 0 11.979 7.777 9.3535 6
50 0.2 10.07 0.6219999999999999 11.979 7.777 9.3535 6
60 0.8 15.782374999999998 9.379192461740775 39.76 7.777 9.532625 8
70 0.4 14.515749999999999 2.9701698078561094 39.76 7.777 12.657499999999999 16
80 0 0 0 39.76 7.777 13.029149999999998 20
90 0.1 9.379 0.0 39.76 7.777 13.029149999999998 20
100 1.1 10.96190909090909 2.519070876860084 39.76 7.777 12.855333333333332 21
110 1.6 18.866499999999995 4.113179791839884 39.76 7.777 12.20446875 32
120 0.1 16.811 0.0 39.76 7.777 14.425145833333332 48
130 0 0 0 39.76 7.777 14.473836734693876 49
140 0 0 0 39.76 7.777 14.473836734693876 49
150 0 0 0 39.76 7.777 14.473836734693876 49
160 1.3 30.534846153846157 32.46920322124467 134.157 7.777 14.473836734693876 49
170 2.9 81.10127586206899 140.30337739929155 554.917 7.777 17.841467741935485 62
180 2.3 24.898782608695658 8.357909120454977 554.917 7.777 38.00118681318683 91
190 0.6 28.653499999999998 19.78983730563072 554.917 7.777 35.35771929824563 114
200 0 0 0 554.917 7.777 35.02250833333335 120
210 0 0 0 554.917 7.777 35.02250833333335 120
220 0 0 0 554.917 7.777 35.02250833333335 120
230 0 0 0 554.917 7.777 35.02250833333335 120
240 0 0 0 554.917 7.777 35.02250833333335 120
250 1.4 472.36414285714284 428.1604910901413 1197.406 7.777 35.02250833333335 120
260 1.2 844.7620000000001 1777.4408946452575 6731.143 7.777 80.71491791044778 134
270 4.6 191.77641304347827 65.93711899608073 6731.143 7.777 143.5133082191781 146
280 6 99.29789999999997 34.044330933700735 6731.143 7.777 155.07634375 192
290 0.9 31.083111111111105 5.390236285161952 6731.143 7.777 141.7957619047619 252
300 0 0 0 6731.143 7.777 137.97808429118774 261
310 0 0 0 6731.143 7.777 137.97808429118774 261
320 0 0 0 6731.143 7.777 137.97808429118774 261
330 0 0 0 6731.143 7.777 137.97808429118774 261
340 0 0 0 6731.143 7.777 137.97808429118774 261
350 0 0 0 6731.143 7.777 137.97808429118774 261
360 0 0 0 6731.143 7.777 137.97808429118774 261
370 0 0 0 6731.143 7.777 137.97808429118774 261
380 0 0 0 6731.143 7.777 137.97808429118774 261
390 5.8 1.4268620689655174 0.11515423664116327 6731.143 1.088 137.97808429118774 261
400 6.4 85.82909375 380.5555606957954 6731.143 1.088 113.1505893416928 319
410 6.5 391.53264615384614 504.2312265240844 6731.143 1.088 108.58511749347258 383
420 5.4 459.32705555555555 200.4594270458088 6731.143 1.088 149.63777232142857 448
430 1.1 1253.3566363636364 567.8035163222114 6731.143 1.088 182.95096215139444 502
440 3.2 140.47946874999997 199.41941929087932 6731.143 1.088 205.9031306042885 513
450 0.9 234.1385555555556 80.59810086280793 6731.143 1.088 202.06174128440364 545
460 0 0 0 6731.143 1.088 202.5828447653429 554
470 0 0 0 6731.143 1.088 202.5828447653429 554
480 0 0 0 6731.143 1.088 202.5828447653429 554
490 0 0 0 6731.143 1.088 202.5828447653429 554
500 0 0 0 6731.143 1.088 202.5828447653429 554
510 0 0 0 6731.143 1.088 202.5828447653429 554
520 0 0 0 6731.143 1.088 202.5828447653429 554
530 0 0 0 6731.143 1.088 202.5828447653429 554
537 0 0 0 6731.143 1.088 202.5828447653429 554
