10 0.4 62.751 86.81823261274097 213.075 9.585 0 0
20 0.2 11.154 1.8149999999999995 213.075 9.339 62.751 4
30 0 0 0 213.075 9.339 45.552 6
40 0 0 0 213.075 9.339 45.552 6
50 0.3 9.065666666666667 0.5512146184160529 213.075 8.608 45.552 6
60 1 11.165099999999999 2.7964639261038213 213.075 8.608 33.38988888888889 9
70 0.1 11.514 0.0 213.075 8.608 21.692631578947367 19
80 0 0 0 213.075 8.608 21.183699999999998 20
90 0.3 9.482 0.4650677370018266 213.075 8.608 21.183699999999998 20
100 1.5 11.797733333333332 2.3322650640287197 213.075 8.01 19.657391304347826 23
110 1.1 16.44654545454546 2.993313012932064 213.075 8.01 16.554894736842105 38
120 0 0 0 213.075 8.01 16.53057142857143 49
130 0 0 0 213.075 8.01 16.53057142857143 49
140 0 0 0 213.075 8.01 16.53057142857143 49
150 0 0 0 213.075 8.01 16.53057142857143 49
160 2.5 23.994080000000004 27.552286290498657 213.075 8.01 16.53057142857143 49
170 3.4 59.35355882352941 112.79509799715464 509.595 8.01 19.05202702702703 74
180 1.2 21.64916666666667 4.688629061060624 509.595 8.01 31.739546296296297 108
190 0 0 0 509.595 8.01 30.730508333333333 120
200 0 0 0 509.595 8.01 30.730508333333333 120
210 0 0 0 509.595 8.01 30.730508333333333 120
220 0 0 0 509.595 8.01 30.730508333333333 120
230 0 0 0 509.595 8.01 30.730508333333333 120
240 1 34.8915 37.500787312401854 509.595 8.01 30.730508333333333 120
250 0.9 779.1886666666667 1269.3643130520095 4119.578 8.01 31.050584615384615 130
260 2.2 719.9491363636363 1428.996385682219 5495.998 8.01 79.49117985611511 139
270 6.2 186.8938870967742 71.17176402336062 5495.998 8.01 167.00717391304346 161
280 3.8 104.02081578947369 43.1271890110216 5495.998 8.01 172.53621524663674 223
290 0 0 0 5495.998 8.01 162.56079310344825 261
300 0 0 0 5495.998 8.01 162.56079310344825 261
310 0 0 0 5495.998 8.01 162.56079310344825 261
320 0 0 0 5495.998 8.01 162.56079310344825 261
330 0 0 0 5495.998 8.01 162.56079310344825 261
340 0 0 0 5495.998 8.01 162.56079310344825 261
350 0 0 0 5495.998 8.01 162.56079310344825 261
360 0 0 0 5495.998 8.01 162.56079310344825 261
370 0 0 0 5495.998 8.01 162.56079310344825 261
380 0.3 1.5203333333333333 0.07763303993074658 5495.998 1.413 162.56079310344825 261
390 10 77.3865 756.1174513443596 7600.66 1.062 160.73078787878785 264
400 6 1451.3841000000002 1697.6011244816577 7600.66 1.062 137.83400549450548 364
410 6.6 582.7296515151518 474.0904358019617 7600.66 1.062 323.7137358490566 424
420 2.1 381.94085714285717 151.46137567058875 7600.66 1.062 358.60159387755107 490
430 2 1501.6050499999997 622.1804219523847 7600.66 1.062 359.5607416829746 511
440 2.3 187.43486956521738 144.99857482876956 7600.66 1.062 402.575593220339 531
450 0 0 0 7600.66 1.062 393.64375812274375 554
460 0 0 0 7600.66 1.062 393.64375812274375 554
470 0 0 0 7600.66 1.062 393.64375812274375 554
480 0 0 0 7600.66 1.062 393.64375812274375 554
490 0 0 0 7600.66 1.062 393.64375812274375 554
500 0 0 0 7600.66 1.062 393.64375812274375 554
510 0 0 0 7600.66 1.062 393.64375812274375 554
520 0 0 0 7600.66 1.062 393.64375812274375 554
530 0 0 0 7600.66 1.062 393.64375812274375 554
537 0 0 0 7600.66 1.062 393.64375812274375 554
