10 0.4 7.997750000000001 1.16969726318394 9.981 6.948 0 0
20 0 0 0 9.981 6.948 7.997750000000001 4
30 0.2 7.682 0.05499999999999994 9.981 6.948 7.997750000000001 4
40 0 0 0 9.981 6.948 7.892500000000001 6
50 0.2 7.3870000000000005 0.09199999999999986 9.981 6.948 7.892500000000001 6
60 0.3 13.776000000000002 10.35839553212755 28.424 6.305 7.766125000000001 8
70 0.6 9.148333333333332 2.358705200363585 28.424 6.305 9.405181818181818 11
80 0 0 0 28.424 6.305 9.314529411764704 17
90 0.2 8.056000000000001 0.935 28.424 6.305 9.314529411764704 17
100 0.3 7.765000000000001 1.1102182968527707 28.424 6.305 9.182052631578946 19
110 1.1 12.098 2.862884908619276 28.424 6.305 8.98881818181818 22
120 0.2 12.072 0.06500000000000083 28.424 6.305 10.025212121212121 33
130 0.1 7.458 0.0 28.424 6.305 10.142171428571428 35
140 0 0 0 28.424 6.305 10.067611111111113 36
150 0 0 0 28.424 6.305 10.067611111111113 36
160 0.1 9.797 0.0 28.424 6.305 10.067611111111113 36
170 1.2 13.859000000000002 5.195555536545956 29.22 6.305 10.0602972972973 37
180 2.1 12.845047619047618 2.318957801135396 29.22 6.305 10.990591836734696 49
190 0.8 12.468124999999999 2.0956619143781277 29.22 6.305 11.546928571428573 70
200 0.1 13.095 0.0 29.22 6.305 11.641410256410257 78
210 0 0 0 29.22 6.305 11.659810126582279 79
220 0 0 0 29.22 6.305 11.659810126582279 79
230 0 0 0 29.22 6.305 11.659810126582279 79
240 0 0 0 29.22 6.305 11.659810126582279 79
250 0.3 752.8903333333334 984.5602884504106 2145.181 6.305 11.659810126582279 79
260 0.3 98.22266666666667 19.718845830547206 2145.181 6.305 38.778000000000006 82
270 1.7 87.86917647058823 32.52171320144579 2145.181 6.305 40.87604705882353 85
280 2.3 43.762478260869564 31.240291208170046 2145.181 6.305 48.70823529411764 102
290 4 15.273299999999995 3.8105830341300786 2145.181 6.305 47.798216000000004 125
300 0.3 15.551000000000002 1.0265446897237358 2145.181 6.305 39.91338787878788 165
310 0 0 0 2145.181 6.305 39.47834523809524 168
320 0 0 0 2145.181 6.305 39.47834523809524 168
330 0 0 0 2145.181 6.305 39.47834523809524 168
340 0 0 0 2145.181 6.305 39.47834523809524 168
350 0 0 0 2145.181 6.305 39.47834523809524 168
360 0 0 0 2145.181 6.305 39.47834523809524 168
370 0 0 0 2145.181 6.305 39.47834523809524 168
380 0 0 0 2145.181 6.305 39.47834523809524 168
390 0.6 1.3311666666666666 0.12320094245671269 2145.181 1.127 39.47834523809524 168
400 1 1.3908999999999998 0.1955742569971825 2145.181 1.069 38.16292528735632 174
410 0.4 159.16025000000002 63.854173475094804 2145.181 1.069 36.16444565217391 184
420 0.7 370.8092857142857 281.9315505329589 2145.181 1.069 38.78137765957447 188
430 1.3 25493.03507692308 13229.24184472867 37104.097 1.069 50.700328205128194 195
440 3.7 21340.71132432433 13820.358577138826 37104.097 1.069 1640.84625 208
450 5.8 90.39137931034477 51.82410569610392 37104.097 1.069 4615.927914285715 245
460 5.9 5662.488322033899 8018.187753468861 37104.097 1.069 3749.6535940594063 303
470 1.2 1976.294916666667 4369.311618319288 37104.097 1.069 4061.413950276243 362
480 0.5 21.821599999999997 2.8629605376253444 37104.097 1.069 3994.5117352941184 374
490 0 0 0 37104.097 1.069 3942.10157519789 379
500 0 0 0 37104.097 1.069 3942.10157519789 379
510 0 0 0 37104.097 1.069 3942.10157519789 379
520 0 0 0 37104.097 1.069 3942.10157519789 379
530 0 0 0 37104.097 1.069 3942.10157519789 379
537 0 0 0 37104.097 1.069 3942.10157519789 379
