10 0.2 10.3675 0.04049999999999976 10.408 10.327 0 0
20 0.2 12.836500000000001 2.5275000000000003 15.364 10.309 10.3675 2
30 0.3 10.176 0.3051731748805363 15.364 9.756 11.602 4
40 0 0 0 15.364 9.756 10.990857142857143 7
50 0.1 10.141 0.0 15.364 9.756 10.990857142857143 7
60 0.8 11.496375 2.8182570827330493 18.891 9.756 10.884625000000002 8
70 0.9 16.406111111111112 6.759868332781579 30.928 9.517 11.1905 16
80 0.2 9.349499999999999 0.4784999999999999 30.928 8.871 13.068119999999999 25
90 0 0 0 30.928 8.871 12.792666666666666 27
100 0.9 26.999111111111112 37.66311916759018 133.11 8.871 12.792666666666666 27
110 1.3 16.603461538461538 1.92676119694662 133.11 8.871 16.344277777777776 36
120 1.3 15.047538461538462 5.786992624251053 133.11 8.871 16.413040816326532 49
130 0.1 10.691 0.0 133.11 8.871 16.126725806451613 62
140 0 0 0 133.11 8.871 16.040444444444447 63
150 0 0 0 133.11 8.871 16.040444444444447 63
160 0.2 30.109 5.515999999999999 133.11 8.871 16.040444444444447 63
170 1.7 24.85358823529412 10.824180018169688 133.11 8.871 16.473323076923077 65
180 4.3 20.39318604651163 5.093028976103828 133.11 8.871 18.21069512195122 82
190 1.7 17.858352941176474 2.501812706141088 133.11 8.871 18.961472 125
200 0.1 17.357 0.0 133.11 8.871 18.82940845070423 142
210 0.1 10.054 0.0 133.11 8.871 18.81911188811189 143
220 0 0 0 133.11 8.871 18.758243055555557 144
230 0 0 0 133.11 8.871 18.758243055555557 144
240 0 0 0 133.11 8.871 18.758243055555557 144
250 0.1 233.84 0.0 233.84 8.871 18.758243055555557 144
260 0.4 2011.9750000000001 3149.502892207912 7465.921 8.871 20.241565517241384 145
270 0.5 176.53400000000002 39.40168383203947 7465.921 8.871 73.71091946308727 149
280 4.1 74.4468048780488 32.76172524137267 7465.921 8.871 77.04933116883119 154
290 7.4 25.598121621621623 4.618294551702961 7465.921 8.871 76.50213333333336 195
300 1.5 32.76240000000001 24.27477479964198 7465.921 8.871 62.49879925650559 269
310 0.3 29.099333333333334 0.8288266136868165 7465.921 8.871 60.92821478873241 284
320 0 0 0 7465.921 8.871 60.595508710801404 287
330 0 0 0 7465.921 8.871 60.595508710801404 287
340 0 0 0 7465.921 8.871 60.595508710801404 287
350 0 0 0 7465.921 8.871 60.595508710801404 287
360 0 0 0 7465.921 8.871 60.595508710801404 287
370 0 0 0 7465.921 8.871 60.595508710801404 287
380 0 0 0 7465.921 8.871 60.595508710801404 287
390 0.7 1.358 0.1431073523118721 7465.921 1.088 60.595508710801404 287
400 1.2 1.4245833333333333 0.09763576729639378 7465.921 1.088 59.18509183673471 294
410 0.1 1696.039 0.0 7465.921 1.088 56.91997385620917 306
420 0 0 0 7465.921 1.088 62.25912377850165 307
430 0.3 1264.6736666666666 485.3654749130345 7465.921 1.088 62.25912377850165 307
440 0.4 344.95449999999994 213.6284658168241 7465.921 1.088 73.89539354838712 310
450 0.7 17277.809 27021.35838023062 60003.712 1.088 77.34837579617836 314
460 10.1 8387.411603960398 20704.77657414473 60005.154 1.088 452.4363021806854 321
470 7.6 8737.309828947364 21088.7986354768 60005.154 1.088 2351.565462085309 422
480 1.4 17181.184928571427 27082.47565750931 60005.154 1.088 3326.096730923695 498
490 0.7 60003.58385714287 2.1309021850981207 60007.471 1.088 3704.946798828125 512
500 0.1 60003.135 0.0 60007.471 1.088 4464.273310211946 519
510 1.3 60006.647461538465 15.273125737285916 60059.215 1.088 4571.078813461539 520
520 3.1 60002.315935483864 1.4768955875363778 60059.215 1.088 5923.165853658536 533
530 0.2 60001.603 0.29799999999704596 60059.215 1.088 8895.60140780142 564
537 0 0 0 60059.215 1.088 9076.187985865727 566
