0 2.2 4.060454545454544 9.115292793019833 33.021 0.618 0 0
10 2.1 1.1680952380952374 1.1796204758820446 33.021 0.618 4.060454545454544 22
20 4.6 1.9654347826086955 5.430721625730919 33.021 0.592 2.6479069767441845 43
30 0.1 0.773 0.0 33.021 0.592 2.2951685393258416 89
40 0 0 0 33.021 0.592 2.278255555555554 90
50 0 0 0 33.021 0.592 2.278255555555554 90
60 0 0 0 33.021 0.592 2.278255555555554 90
70 0 0 0 33.021 0.592 2.278255555555554 90
80 0 0 0 33.021 0.592 2.278255555555554 90
90 0 0 0 33.021 0.592 2.278255555555554 90
100 0 0 0 33.021 0.592 2.278255555555554 90
101 0 0 0 33.021 0.592 2.278255555555554 90
