0 0.1 737.17578125 0 737.17578125 737.17578125 0 0
10 0.1 730.0625 0.0 737.17578125 730.0625 737.17578125 1
20 0.1 721.19921875 0.0 737.17578125 721.19921875 733.619140625 2
30 0.1 707.2421875 0.0 737.17578125 707.2421875 729.4791666666666 3
40 0.1 706.3515625 0.0 737.17578125 706.3515625 723.919921875 4
50 0.1 706.03515625 0.0 737.17578125 706.03515625 720.40625 5
60 0.1 706.16796875 0.0 737.17578125 706.03515625 718.0110677083334 6
70 0.1 705.5078125 0.0 737.17578125 705.5078125 716.3191964285714 7
80 0.1 705.08203125 0.0 737.17578125 705.08203125 714.9677734375 8
90 0.1 704.875 0.0 737.17578125 704.875 713.8693576388889 9
100 0.1 704.84375 0.0 737.17578125 704.84375 712.969921875 10
