0 1.6 40.73318750000001 21.419520163331015 86.846 5.975 0 0
10 2 31.89915 15.448876338669423 86.846 5.975 40.73318750000001 16
20 4 16.887074999999996 16.028755122259962 86.846 5.518 35.82538888888889 36
30 1.4 13.177714285714286 13.904165796256743 86.846 5.518 25.85785526315789 76
40 0 0 0 86.846 5.518 23.885388888888883 90
50 0 0 0 86.846 5.518 23.885388888888883 90
60 0 0 0 86.846 5.518 23.885388888888883 90
70 0 0 0 86.846 5.518 23.885388888888883 90
80 0 0 0 86.846 5.518 23.885388888888883 90
90 0 0 0 86.846 5.518 23.885388888888883 90
100 0 0 0 86.846 5.518 23.885388888888883 90
101 0 0 0 86.846 5.518 23.885388888888883 90
