0 1 155.9429 13.760068767633392 168.052 124.755 0 0
10 2.1 146.09414285714283 19.990996917149886 193.425 120.645 155.9429 10
20 3.9 138.8226923076924 16.30945470508198 193.425 120.645 149.27116129032254 31
30 1.9 141.81568421052637 14.906409596484718 193.425 120.645 143.44987142857144 70
40 0.1 125.789 0.0 193.425 120.645 143.10100000000003 89
50 0 0 0 193.425 120.645 142.9086444444445 90
60 0 0 0 193.425 120.645 142.9086444444445 90
70 0 0 0 193.425 120.645 142.9086444444445 90
80 0 0 0 193.425 120.645 142.9086444444445 90
90 0 0 0 193.425 120.645 142.9086444444445 90
100 0 0 0 193.425 120.645 142.9086444444445 90
101 0 0 0 193.425 120.645 142.9086444444445 90
