0 0.6 99.13333333333334 23.760294629673453 126.624 57.213 0 0
10 2.3 77.16204347826087 18.883995612752546 126.624 47.2 99.13333333333334 6
20 3.1 73.51777419354839 19.84910788717602 126.624 47.2 81.7078275862069 29
30 2.7 72.88903703703703 17.72140983748917 126.624 47.2 77.4763 60
40 0.3 65.27433333333333 10.93289288746985 126.624 47.2 76.05266666666667 87
50 0 0 0 126.624 47.2 75.69338888888889 90
60 0 0 0 126.624 47.2 75.69338888888889 90
70 0 0 0 126.624 47.2 75.69338888888889 90
80 0 0 0 126.624 47.2 75.69338888888889 90
90 0 0 0 126.624 47.2 75.69338888888889 90
100 0 0 0 126.624 47.2 75.69338888888889 90
101 0 0 0 126.624 47.2 75.69338888888889 90
