0 2.2 4.3844090909090925 13.431849905284796 65.854 1.113 0 0
10 2.1 1.5958571428571424 1.0177354547141968 65.854 1.022 4.3844090909090925 22
20 4.7 2.5653829787234046 5.47443039513698 65.854 1.022 3.022558139534884 43
30 7.3 2.498054794520548 4.877084357750438 65.854 0.95 2.783811111111112 90
40 9.7 11.25576288659794 32.547989493635356 198.7 0.95 2.655834355828221 163
50 16.8 13.744916666666663 37.1623833189616 211.167 0.942 5.8642692307692315 260
60 2.2 1.4501363636363638 1.1765718420847817 211.167 0.942 8.957607476635513 428
70 0 0 0 211.167 0.942 8.590575555555553 450
80 0 0 0 211.167 0.942 8.590575555555553 450
90 0 0 0 211.167 0.942 8.590575555555553 450
100 0 0 0 211.167 0.942 8.590575555555553 450
110 0 0 0 211.167 0.942 8.590575555555553 450
120 0 0 0 211.167 0.942 8.590575555555553 450
121 0 0 0 211.167 0.942 8.590575555555553 450
