0 0.1 0.5840066225998737 0 0.5840066225998737 0.5840066225998737 0 0
10 0.1 0.400200100050025 0.0 0.5840066225998737 0.400200100050025 0.5840066225998737 1
20 0.1 0.7984031936127743 0.0 0.7984031936127743 0.400200100050025 0.49210336132494936 2
30 0.1 0.7014028056112225 0.0 0.7984031936127743 0.400200100050025 0.5942033054208911 3
40 0.1 2.0337301587301586 0.0 2.0337301587301586 0.400200100050025 0.6210031804684739 4
50 0.1 1.444223107569721 0.0 2.0337301587301586 0.400200100050025 0.9035485761208107 5
60 0.1 3.0830432620586774 0.0 3.0830432620586774 0.400200100050025 0.9936609980289625 6
70 0.1 1.1964107676969093 0.0 3.0830432620586774 0.400200100050025 1.292144178604636 7
80 0.1 1.4992503748125936 0.0 3.0830432620586774 0.400200100050025 1.28017750224117 8
90 0.1 0.9481037924151697 0.0 3.0830432620586774 0.400200100050025 1.3045189325268838 9
100 0.1 1.097804391217565 0.0 3.0830432620586774 0.400200100050025 1.2688774185157123 10
110 0.1 2.376237623762376 0.0 3.0830432620586774 0.400200100050025 1.2533253251249716 11
120 0.1 0.949050949050949 0.0 3.0830432620586774 0.400200100050025 1.3469013500114217 12
121 0.1 0.2 0.0 3.0830432620586774 0.2 1.3162974730144623 13
