10 0.1 1713 0 1713 1713 0 0
20 0.1 3296.0 0.0 3296 1713 1713.0 1
30 0.1 2580.0 0.0 3296 1713 2504.5 2
40 0.1 3868.0 0.0 3868 1713 2529.6666666666665 3
50 0.1 4683.0 0.0 4683 1713 2864.25 4
60 0.1 5184.0 0.0 5184 1713 3228.0 5
70 0.1 4428.0 0.0 5184 1713 3554.0 6
80 0.1 3505.0 0.0 5184 1713 3678.8571428571427 7
90 0.1 3218.0 0.0 5184 1713 3657.125 8
100 0.1 3932.0 0.0 5184 1713 3608.3333333333335 9
110 0.1 4065.0 0.0 5184 1713 3640.7 10
120 0.1 4809.0 0.0 5184 1713 3679.2727272727275 11
121 0.1 81.0 0.0 5184 81 3773.4166666666665 12
