0 4 404.4482 378.9467439333132 1051.729 6.832 0 0
10 11.7 427.5708376068376 554.7462472465552 2009.922 6.832 404.4482 40
20 10.6 896.9587264150945 1325.220384916201 5662.071 6.832 421.67971974522294 157
30 10.5 4359.97782857143 4143.680579805521 10987.475 6.832 613.2370380228137 263
40 11.5 7441.707965217395 3365.4142595993994 12704.554 0.822 1682.2799266304353 368
50 28.3 4616.713268551233 5946.745326762117 16702.486 0.73 3053.572316770187 483
60 12.8 12519.312867187498 6778.029923360949 20871.348 0.73 3631.077394255874 766
70 20.1 10781.228014925378 7199.330387682484 25925.33 0.73 4903.665918344518 894
80 13.1 12416.047206106874 10398.10451212078 30457.573 0.73 5982.560878538813 1095
90 11.2 13240.696910714281 4812.435747007029 30457.573 0.73 6669.988862969006 1226
100 23 8040.47776956521 6635.617975149848 30457.573 0.73 7220.003288490284 1338
110 25.6 4072.895566406245 6731.570652938723 30457.573 0.73 7340.353499362244 1568
120 2.8 9.859035714285715 3.5183884245300936 30457.573 0.73 6881.7629122807 1824
121 0.1 9.955 0.0 30457.573 0.73 6777.868037257018 1852
