10 1.7 10526.751882352939 3226.2046009638907 18087.484 6504.682 0 0
20 1.1 14439.903454545456 4274.672561949753 24846.135 6504.682 10526.751882352939 17
30 0.8 15574.480749999999 1264.7068381255149 24846.135 6504.682 12064.061428571427 28
40 2.2 11271.1625 9621.960259329237 27759.977 4.039 12844.154611111111 36
50 17.3 9718.624369942201 12411.457936732217 47038.419 3.322 12247.502431034483 58
60 2.5 18084.561 18984.212987581082 47038.419 3.217 10353.580766233768 231
70 0.6 50992.887333333325 1752.6199987975774 54152.615 3.217 11108.559304687502 256
80 0.7 58321.528714285705 2931.5861407408665 62850.236 3.217 12021.940862595422 262
90 0 0 0 62850.236 3.217 13226.762851301117 269
100 6.4 67319.87343749999 5520.776384433366 78088.942 3.217 13226.762851301117 269
110 9.7 64927.15560824743 4179.238294790239 78088.942 3.217 23623.036357357356 333
120 1.9 67366.79436842105 4243.820608935655 78088.942 3.217 32940.47721162791 430
121 0.1 69808.967 0.0 78088.942 3.217 34397.27014253898 449
