0 1.8 766.5495555555555 191.83333749615466 1051.859 452.857 0 0
10 1.8 1234.6993888888887 439.02694010696206 2010.048 452.857 766.5495555555555 18
20 2.6 2351.4501538461536 1273.1630535261893 5042.32 452.857 1000.624472222222 36
30 2.9 8370.883379310346 1583.2242010545397 10829.541 452.857 1567.099758064516 62
40 4.9 10101.470795918367 1879.3901078724487 12704.739 2.814 3735.3384945054945 91
50 15.7 5057.138318471337 6887.869512503476 16702.589 1.882 5963.4848 140
60 7.2 13849.36508333333 7479.598026297086 20871.485 1.882 5484.37235016835 297
70 4.6 22126.397326086957 1149.5880498876832 24502.816 1.882 7116.566054200542 369
80 3.4 28440.712264705875 1521.940903015685 30457.701 1.882 8780.306387951807 415
90 0.1 30419.543 0.0 30457.701 1.882 10269.067634743873 449
100 0 0 0 30457.701 1.882 10313.846468888885 450
110 0 0 0 30457.701 1.882 10313.846468888885 450
120 0 0 0 30457.701 1.882 10313.846468888885 450
121 0 0 0 30457.701 1.882 10313.846468888885 450
