0 1.4 11.911857142857144 4.460155776541936 25.249 7.006 0 0
10 1.8 31.61905555555555 44.62260464591687 162.613 7.006 11.911857142857144 14
20 2.6 29.93219230769231 43.58246455065582 209.93 7.006 22.997156249999996 32
30 2.1 464.03885714285707 662.7134736687663 1885.462 7.006 26.10596551724138 58
40 2.6 3888.628423076924 2081.047889352218 5903.189 1.0 142.5185063291139 79
50 5.9 3046.8806949152545 3846.892475060627 10422.668 0.888 1070.1266761904765 105
60 2.1 10304.176904761905 5037.648351242839 13685.299 0.888 1781.2759878048782 164
70 9.4 7287.949521276599 3453.745499283279 13824.688 0.888 2748.7404162162165 185
80 2 5882.405049999999 1054.7949770224295 13824.688 0.888 4278.079684587815 279
90 2.7 8929.120962962961 800.070686339488 13824.688 0.888 4385.392418060202 299
100 0.5 6681.3338 1371.5169426786392 13824.688 0.888 4761.7134938650315 326
110 0 0 0 13824.688 0.888 4790.710779456193 331
120 0 0 0 13824.688 0.888 4790.710779456193 331
121 0 0 0 13824.688 0.888 4790.710779456193 331
