0 0.2 639.3240000000001 191.84799999999998 831.172 447.476 0 0
10 2.2 992.4727727272729 406.9825286789383 1820.915 447.476 639.3240000000001 2
20 0.7 2931.9812857142856 1654.9424560903892 5662.223 447.476 963.0437083333335 24
30 2.1 8749.650999999998 1498.980286858115 10987.588 447.476 1407.6425161290324 31
40 1.5 9249.850266666665 2641.1885256783785 11663.933 1.066 4372.684403846153 52
50 1.3 6540.408307692309 7069.7840673478895 14868.274 0.89 5464.587208955223 67
60 0.7 12453.466 7894.817932583932 17835.73 0.89 5639.4081375 80
70 0.4 22461.88625 2012.3416722296918 25925.49 0.89 6187.665666666666 87
80 0.7 23374.016428571427 4421.331521161241 29906.649 0.89 6903.016021978022 91
90 5.3 17534.16383018867 2149.9992756547863 29906.649 0.89 8079.516051020408 98
100 4.9 20421.39751020409 1830.489006799456 29906.649 0.89 11398.034807947017 151
110 7.1 14025.974014084504 5072.3701350118345 29906.649 0.89 13608.758670000001 200
120 0 0 0 29906.649 0.89 13718.06601107011 271
121 0 0 0 29906.649 0.89 13718.06601107011 271
