60 0.1 60000.804 0 60000.804 60000.804 0 0
70 0.4 60002.111000000004 2.079833526992446 60004.923 59999.76 60000.804 1
80 0.3 60004.655333333336 2.4279094345167858 60007.053 59999.76 60001.8496 5
90 0.1 60002.823 0.0 60007.053 59999.76 60002.901750000005 8
100 0 0 0 60007.053 59999.76 60002.893000000004 9
110 0 0 0 60007.053 59999.76 60002.893000000004 9
120 0 0 0 60007.053 59999.76 60002.893000000004 9
130 0 0 0 60007.053 59999.76 60002.893000000004 9
140 0 0 0 60007.053 59999.76 60002.893000000004 9
150 0 0 0 60007.053 59999.76 60002.893000000004 9
160 0.1 60000.146 0.0 60007.053 59999.76 60002.893000000004 9
170 1 60001.972499999996 0.9323759166760215 60007.053 59999.76 60002.618299999995 10
180 0.6 60002.80000000001 2.4222325789749304 60007.053 59999.748 60002.29539999999 20
190 0 0 0 60007.053 59999.748 60002.41184615384 26
200 0 0 0 60007.053 59999.748 60002.41184615384 26
210 0 0 0 60007.053 59999.748 60002.41184615384 26
220 0 0 0 60007.053 59999.748 60002.41184615384 26
230 0 0 0 60007.053 59999.748 60002.41184615384 26
240 0 0 0 60007.053 59999.748 60002.41184615384 26
250 0 0 0 60007.053 59999.748 60002.41184615384 26
260 0 0 0 60007.053 59999.748 60002.41184615384 26
266 0 0 0 60007.053 59999.748 60002.41184615384 26
