10 0.5 10863.842800000002 4436.379121908964 17952.681 5218.055 0 0
20 0.6 16776.245333333332 2246.9362459024564 19673.164 5218.055 10863.842800000002 5
30 0.9 23905.99455555556 3420.683353163585 28778.747 5218.055 14088.789636363636 11
40 0.5 30680.254800000002 4751.371854952774 36816.366 5218.055 18506.531850000003 20
50 3.1 31884.894096774184 10404.01162021658 49364.639 4260.123 20941.27644 25
60 5.8 26471.04860344827 12783.879561858337 49364.639 4249.441 26999.350499999997 56
70 5.4 27930.52366666667 12989.386901373295 60638.123 4249.441 26730.5653245614 114
80 4 39306.57262499999 12569.267833284894 65245.153 4249.441 27116.266220238093 168
90 3.5 49202.81988571428 10561.407421691185 73734.144 4249.441 29460.555913461532 208
100 4 56489.01919999998 9182.119944211538 77737.626 4249.441 32304.091876543203 243
110 5.3 67907.4908301887 10580.923836582237 91233.708 4249.441 35722.45616254416 283
120 8.9 75252.20133707873 7659.509728189389 100840.058 4249.441 40799.262226190476 336
130 1.3 76643.78276923079 4000.73802631749 100840.058 4249.441 48014.1130047059 425
132 0 0 0 100840.058 4249.441 48863.85206164385 438
