0 1.5 667.8824666666667 91.92243662049484 839.243 543.083 0 0
10 1.7 1100.0876470588234 490.2386027813925 2484.184 470.523 667.8824666666667 15
20 2.8 5046.109107142855 1477.3965859196949 7293.723 470.523 897.49146875 32
30 2.6 8220.656307692308 930.4976368776573 10019.198 470.523 2833.5130333333323 60
40 4.8 8631.064354166669 4308.617053846003 13077.127 1.818 4462.184255813953 86
50 17.4 4365.169988505746 6993.211922063153 17599.617 1.756 5955.514440298508 134
60 9.1 13014.048835164836 8728.17328902325 21103.694 1.756 5057.073094155843 308
70 3.7 20579.48189189189 817.1210362025266 21818.977 1.756 6871.821947368421 399
80 0.2 21046.7215 577.1765000000014 21818.977 1.756 8035.086667431193 436
90 0 0 0 21818.977 1.756 8094.500525114156 438
100 0 0 0 21818.977 1.756 8094.500525114156 438
110 0 0 0 21818.977 1.756 8094.500525114156 438
120 0 0 0 21818.977 1.756 8094.500525114156 438
130 0 0 0 21818.977 1.756 8094.500525114156 438
132 0 0 0 21818.977 1.756 8094.500525114156 438
