0 1 11.991199999999996 4.232359857101001 22.461 8.148 0 0
10 1.9 14.305473684210527 6.8614201258955365 31.61 7.228 11.991199999999996 10
20 2.4 80.86175000000001 92.01893815779174 392.766 7.228 13.50744827586207 29
30 1.8 364.6697777777777 699.5732171305552 2116.006 7.228 44.00750943396227 53
40 2.1 4544.506095238095 2019.7243516648246 7011.741 1.293 125.30216901408448 71
50 14.1 1651.2112765957443 3418.7178196974683 10729.101 0.893 1134.0335 92
60 13 2924.910338461539 4656.875568926374 11205.119 0.89 1447.0037424892703 233
70 5.6 4169.143732142856 3911.25246988338 11205.119 0.89 1976.2815867768595 363
80 1.7 6619.300470588235 3716.9886422790146 11205.119 0.89 2269.361014319809 419
90 0.2 6819.191000000001 267.41700000000014 11205.119 0.89 2438.968745412844 436
100 0 0 0 11205.119 0.89 2458.9697602739725 438
110 0 0 0 11205.119 0.89 2458.9697602739725 438
120 0 0 0 11205.119 0.89 2458.9697602739725 438
130 0 0 0 11205.119 0.89 2458.9697602739725 438
132 0 0 0 11205.119 0.89 2458.9697602739725 438
