0 0.8 162.4835 31.87326972950845 244.66 135.842 0 0
10 1.8 209.75933333333336 70.66882110316479 346.767 132.352 162.4835 8
20 2 403.62955000000005 124.00840371703647 745.421 132.352 195.2129230769231 26
30 2.1 849.6659047619048 546.9725091584023 2125.988 132.352 285.828847826087 46
40 0.5 4514.6993999999995 2351.0090640865337 6848.354 1.001 462.5538955223881 67
50 10.8 1078.7100277777772 2929.018070211947 10617.929 0.851 743.9528888888888 72
60 13.9 1735.0190791366908 3911.248547198958 11592.883 0.833 944.8071722222218 180
70 6.9 2613.5894202898553 3833.64981975582 11592.883 0.833 1289.1314827586207 319
80 3.7 6016.682108108109 4235.382249157701 11592.883 0.833 1524.6665283505156 388
90 1.1 7513.433818181819 518.6802084109622 11592.883 0.833 1915.73612 425
100 0.2 7185.7545 40.365499999999884 11592.883 0.833 2056.9624380733944 436
110 0 0 0 11592.883 0.833 2080.3815799086756 438
120 0 0 0 11592.883 0.833 2080.3815799086756 438
130 0 0 0 11592.883 0.833 2080.3815799086756 438
132 0 0 0 11592.883 0.833 2080.3815799086756 438
