0 0.2 8.721499999999999 0.1345000000000005 8.856 8.587 0 0
10 1 20.3294 23.744425565593286 90.322 7.375 8.721499999999999 2
20 1.3 85.65069230769231 71.85073274973998 290.543 7.375 18.39475 12
30 0.6 911.5623333333333 818.874297896339 2087.778 7.375 53.367839999999994 25
40 0.1 1.084 0.0 2087.778 1.084 219.47 31
50 4.1 1764.0287804878046 3599.6577632906924 10574.403 0.961 212.64543749999999 32
60 9.7 1512.6471134020614 3685.5767105678146 11216.972 0.876 1083.9703287671232 73
70 6.5 3179.0320615384608 3793.957943228076 11216.972 0.876 1328.568258823529 170
80 4.9 5049.358204081633 4062.4305959366343 11216.972 0.876 1840.3986723404248 235
90 4.9 7331.999959183676 596.4037765745661 11216.972 0.876 2394.057183098591 284
100 4.3 7116.608325581396 305.11175511733035 11216.972 0.876 3120.6613753753754 333
110 4.8 4332.2470625 1259.6354959819298 11216.972 0.876 3577.644670212766 376
120 1.4 1302.4571428571433 782.3153352443957 11216.972 0.876 3663.0713561320754 424
130 0 0 0 11216.972 0.876 3587.617933789954 438
132 0 0 0 11216.972 0.876 3587.617933789954 438
