0 0.2 706.0740000000001 140.36800000000002 846.442 565.706 0 0
10 1.6 1253.3838125000002 551.1413201836506 3127.794 565.706 706.0740000000001 2
20 1 4627.2682 1183.0632285931129 6885.184 565.706 1192.5716111111115 18
30 1.2 9109.937083333332 999.9804568924882 10625.496 565.706 2419.2489642857145 28
40 2.1 10765.097095238094 1466.0725681309204 13846.485 565.706 4426.455400000001 40
50 7.2 1477.1750694444447 4507.182190737919 16341.942 0.782 6608.610737704918 61
60 11.5 314.4544782608697 2354.76604162925 18336.733 0.77 3830.6906766917295 133
70 6.5 5966.326876923078 9297.475547536942 21699.159 0.77 2200.1779233870966 248
80 5.8 13803.264948275864 7894.205697801646 21699.159 0.77 2982.285533546326 313
90 2.9 17911.54786206896 3582.155277155427 21699.159 0.77 4673.97503773585 371
100 2.7 17143.716851851852 613.0780709801909 21699.159 0.77 5633.699067500001 400
110 1.1 16526.800545454545 286.76019258459974 21699.159 0.77 6361.498786885247 427
120 0 0 0 21699.159 0.77 6616.791753424658 438
130 0 0 0 21699.159 0.77 6616.791753424658 438
132 0 0 0 21699.159 0.77 6616.791753424658 438
