0 2.1 1.4368571428571428 2.6974831353144952 13.285 0.53 0 0
10 0.8 1.2404999999999997 1.3649744503103343 13.285 0.53 1.4368571428571428 21
20 0 0 0 13.285 0.53 1.3826896551724137 29
30 0 0 0 13.285 0.53 1.3826896551724137 29
40 0 0 0 13.285 0.53 1.3826896551724137 29
50 0 0 0 13.285 0.53 1.3826896551724137 29
60 0 0 0 13.285 0.53 1.3826896551724137 29
70 0 0 0 13.285 0.53 1.3826896551724137 29
80 0 0 0 13.285 0.53 1.3826896551724137 29
90 0 0 0 13.285 0.53 1.3826896551724137 29
100 3.4 2.1076470588235288 4.444263744240851 23.18 0.53 1.3826896551724137 29
110 2.6 0.7319615384615383 0.1420147556713822 23.18 0.53 1.7739365079365077 63
120 0 0 0 23.18 0.53 1.4695393258426965 89
130 0 0 0 23.18 0.53 1.4695393258426965 89
140 0 0 0 23.18 0.53 1.4695393258426965 89
150 0 0 0 23.18 0.53 1.4695393258426965 89
160 0 0 0 23.18 0.53 1.4695393258426965 89
170 0 0 0 23.18 0.53 1.4695393258426965 89
180 0 0 0 23.18 0.53 1.4695393258426965 89
190 0 0 0 23.18 0.53 1.4695393258426965 89
200 0 0 0 23.18 0.53 1.4695393258426965 89
210 0 0 0 23.18 0.53 1.4695393258426965 89
220 0 0 0 23.18 0.53 1.4695393258426965 89
230 0 0 0 23.18 0.53 1.4695393258426965 89
240 0 0 0 23.18 0.53 1.4695393258426965 89
250 0 0 0 23.18 0.53 1.4695393258426965 89
260 0 0 0 23.18 0.53 1.4695393258426965 89
266 0 0 0 23.18 0.53 1.4695393258426965 89
