10 0.1 603 0 603 603 0 0
20 0.1 1627.0 0.0 1627 603 603.0 1
30 0.1 272.0 0.0 1627 272 1115.0 2
40 0.1 123.0 0.0 1627 123 834.0 3
50 0.1 173.0 0.0 1627 123 656.25 4
60 0.1 69.0 0.0 1627 69 559.6 5
70 0.1 147.0 0.0 1627 69 477.8333333333333 6
80 0.1 77.0 0.0 1627 69 430.57142857142856 7
90 0.1 6.0 0.0 1627 6 386.375 8
100 0.1 2.0 0.0 1627 2 344.1111111111111 9
110 0.1 875.0 0.0 1627 2 309.9 10
120 0.1 1265.0 0.0 1627 2 361.27272727272725 11
130 0.1 362.0 0.0 1627 2 436.5833333333333 12
140 0.1 483.0 0.0 1627 2 430.84615384615387 13
150 0.1 184.0 0.0 1627 2 434.57142857142856 14
160 0.1 171.0 0.0 1627 2 417.8666666666667 15
170 0.1 413.0 0.0 1627 2 402.4375 16
180 0.1 540.0 0.0 1627 2 403.05882352941177 17
190 0.1 260.0 0.0 1627 2 410.6666666666667 18
200 0.1 294.0 0.0 1627 2 402.7368421052632 19
210 0.1 248.0 0.0 1627 2 397.3 20
220 0.1 345.0 0.0 1627 2 390.1904761904762 21
230 0.1 183.0 0.0 1627 2 388.1363636363636 22
240 0.1 567.0 0.0 1627 2 379.2173913043478 23
250 0.1 383.0 0.0 1627 2 387.0416666666667 24
260 0.1 405.0 0.0 1627 2 386.88 25
266 0.1 412.0 0.0 1627 2 387.5769230769231 26
