0 6.9 113.86210144927539 259.64314326036066 1653.937 4.107 0 0
10 7.7 170.8117662337662 359.0908421760413 3062.471 4.107 113.86210144927539 69
20 4.3 1074.179604651163 2974.822950939927 12068.939 4.107 143.89719863013698 146
30 0.9 4744.397777777779 6658.406520126799 16048.941 4.107 355.54875132275134 189
40 1 8918.0454 7242.615165652075 16224.772 4.107 555.041888888889 198
50 0.4 8531.84125 8481.528857411422 17230.941 4.107 957.1093653846157 208
60 0.5 21176.7658 20289.551808454966 60000.641 4.107 1100.0288349056605 212
70 0.7 40071.21742857143 23035.687708591027 60004.745 4.107 1562.6264608294932 217
80 0.3 60004.47866666666 2.4164169526174377 60006.853 4.107 2766.019928571429 224
90 0.1 60002.644 0.0 60006.853 4.107 3522.475330396476 227
100 9.7 144.46359793814432 163.49580725067446 60006.853 4.107 3770.1953684210525 228
110 18.3 221.28403825136613 316.01451535001627 60006.853 3.982 2688.053886153846 325
120 5.7 496.4808245614035 1040.3097438381853 60006.853 3.806 1799.4340393700788 508
130 1.9 1670.2148947368416 5522.351993556301 60006.853 3.806 1667.9856619469028 565
140 1.1 10317.764272727274 16719.49655495243 60006.853 3.806 1668.0581883561645 584
150 1 21723.866400000003 21686.993790329358 60006.853 3.806 1827.9687210084037 595
160 2.3 25237.17073913044 24263.751216785207 60006.853 3.806 2156.826533884298 605
170 1.5 49732.407 19987.91748468018 60006.853 3.806 3002.125764331211 628
180 0.7 51439.22928571429 20975.96396582251 60006.853 3.806 4092.256741835148 643
190 0.2 24418.1105 24367.2875 60006.853 3.806 4602.147215384616 650
200 1.4 27755.919642857138 24088.283425734426 60006.853 3.806 4662.932378834356 652
210 1.9 23334.138842105265 24574.328546408196 60006.853 3.806 5148.37054954955 666
220 0.8 23608.101875000004 23489.738463496742 60006.853 3.806 5652.793319708028 685
230 0 0 0 60006.853 3.806 5860.069608946607 693
240 0.1 47332.38 0.0 60006.853 3.806 5860.069608946607 693
250 0.5 48840.577600000004 1804.0680257350155 60006.853 3.806 5919.827981268009 694
260 1.1 47503.20690909091 2946.1812452044824 60006.853 3.806 6226.843357653789 699
266 0.4 48255.357 1320.5280589559604 60006.853 3.806 6866.336314084504 710
