10 0.1 334 0 334 334 0 0
20 0.1 1857.0 0.0 1857 334 334.0 1
30 0.1 116.0 0.0 1857 116 1095.5 2
40 0.1 34.0 0.0 1857 34 769.0 3
50 0.1 38.0 0.0 1857 34 585.25 4
60 0.1 16.0 0.0 1857 16 475.8 5
70 0.1 40.0 0.0 1857 16 399.1666666666667 6
80 0.1 26.0 0.0 1857 16 347.85714285714283 7
90 0.1 9.0 0.0 1857 9 307.625 8
100 0.1 3.0 0.0 1857 3 274.44444444444446 9
110 0.1 501.0 0.0 1857 3 247.3 10
120 0.1 650.0 0.0 1857 3 270.3636363636364 11
130 0.1 176.0 0.0 1857 3 302.0 12
140 0.1 727.0 0.0 1857 3 292.3076923076923 13
150 0.1 162.0 0.0 1857 3 323.35714285714283 14
160 0.1 38.0 0.0 1857 3 312.6 15
170 0.1 91.0 0.0 1857 3 295.4375 16
180 0.1 1001.0 0.0 1857 3 283.4117647058824 17
190 0.1 514.0 0.0 1857 3 323.27777777777777 18
200 0.1 343.0 0.0 1857 3 333.3157894736842 19
210 0.1 54.0 0.0 1857 3 333.8 20
220 0.1 73.0 0.0 1857 3 320.4761904761905 21
230 0.1 258.0 0.0 1857 3 309.22727272727275 22
240 0.1 1499.0 0.0 1857 3 307.0 23
250 0.1 1028.0 0.0 1857 3 356.6666666666667 24
260 0.1 668.0 0.0 1857 3 383.52 25
266 0.1 82.0 0.0 1857 3 394.46153846153845 26
