10 0.2 14061.23 3737.717 17798.947 10323.513 0 0
20 1 18899.510299999998 5202.882623527656 25525.653 6189.852 14061.23 2
30 0.1 29809.256 0.0 29809.256 6189.852 18093.13025 12
40 0.1 39279.196 0.0 39279.196 6189.852 18994.37069230769 13
50 0 0 0 39279.196 6189.852 20443.28678571428 14
60 0.4 60586.908500000005 2534.0472302207068 64495.678 6189.852 20443.28678571428 14
70 0.7 63506.44714285714 5562.49794496608 70504.418 6189.852 29364.09161111111 18
80 0.3 73966.51766666667 3465.3416670854067 78655.581 6189.852 38923.95116 25
90 0.1 82394.682 0.0 82394.682 6189.852 42678.511857142854 28
100 0 0 0 82394.682 6189.852 44048.03496551724 29
110 0.3 9664.249666666668 3656.113081171071 82394.682 5277.359 44048.03496551724 29
120 1.1 15706.17227272727 2584.782088252001 82394.682 5277.359 40824.55509375 32
130 0.5 23575.860399999998 3677.672118714207 82394.682 5277.359 34398.92227906977 43
140 0.2 30727.7135 2432.5445 82394.682 5277.359 33271.52 48
150 0 0 0 82394.682 5277.359 33169.767739999996 50
160 0.1 68295.035 0.0 82394.682 5277.359 33169.767739999996 50
170 1 67200.28790000001 1478.8500093558798 82394.682 5277.359 33858.49847058823 51
180 0.6 70660.42816666666 2595.7189419812257 82394.682 5277.359 39324.365590163936 61
190 0 0 0 82394.682 5277.359 42130.580149253736 67
200 0 0 0 82394.682 5277.359 42130.580149253736 67
210 0 0 0 82394.682 5277.359 42130.580149253736 67
220 0.1 128338.649 0.0 128338.649 5277.359 42130.580149253736 67
230 0 0 0 128338.649 5277.359 43398.34586764706 68
240 0.1 142045.584 0.0 142045.584 5277.359 43398.34586764706 68
250 0.6 152462.70416666666 2931.2540844618857 156832.388 5277.359 44828.01598550725 69
260 1.1 159190.09745454547 3934.5355778063645 163305.658 5277.359 53438.791040000004 75
266 0.3 161589.83699999997 3186.247449741559 165686.5 5277.359 66965.12093023256 86
