0 353.684375 353.684375
10 335.753125 689.4375
20 253.1234375 942.5609375
30 117.82890625 1060.38984375
40 208.50390625 1268.89375
50 69.58515625 1338.47890625
60 106.3578125 1444.83671875
70 107.0109375 1551.84765625
80 0.77109375 1552.61875
90 0.25703125 1552.87578125
100 399.3578125 1952.23359375
110 941.58203125 2893.815625
120 264.06875 3157.884375
130 57.571875 3215.45625
140 107.84765625 3323.30390625
150 170.58671875 3493.890625
160 376.85078125 3870.74140625
170 105.4828125 3976.22421875
180 1.659375 3977.88359375
190 34.79453125 4012.678125
200 278.76796875 4291.44609375
210 315.86953125 4607.315625
220 140.48125 4747.796875
230 0 4747.796875
240 35.32890625 4783.12578125
250 177.29296875 4960.41875
260 392.509375 5352.928125
266 145.22265625 5498.15078125
