0 0.2 116.43699999999998 32.36999999999999 148.807 84.067 0 0
10 0 0 0 148.807 84.067 116.43699999999998 2
20 0 0 0 148.807 84.067 116.43699999999998 2
30 0 0 0 148.807 84.067 116.43699999999998 2
40 0 0 0 148.807 84.067 116.43699999999998 2
50 0 0 0 148.807 84.067 116.43699999999998 2
60 0 0 0 148.807 84.067 116.43699999999998 2
70 0 0 0 148.807 84.067 116.43699999999998 2
80 0 0 0 148.807 84.067 116.43699999999998 2
90 0 0 0 148.807 84.067 116.43699999999998 2
100 0.3 511.80300000000005 210.85254059334133 791.381 84.067 116.43699999999998 2
110 0.3 608.0100000000001 116.37347775445511 791.381 84.067 353.6566 5
120 0 0 0 791.381 84.067 449.039125 8
130 0 0 0 791.381 84.067 449.039125 8
140 0 0 0 791.381 84.067 449.039125 8
150 0 0 0 791.381 84.067 449.039125 8
160 0 0 0 791.381 84.067 449.039125 8
170 0 0 0 791.381 84.067 449.039125 8
180 0 0 0 791.381 84.067 449.039125 8
190 0 0 0 791.381 84.067 449.039125 8
200 0 0 0 791.381 84.067 449.039125 8
210 0 0 0 791.381 84.067 449.039125 8
220 0 0 0 791.381 84.067 449.039125 8
230 0 0 0 791.381 84.067 449.039125 8
240 0 0 0 791.381 84.067 449.039125 8
250 0 0 0 791.381 84.067 449.039125 8
260 0 0 0 791.381 84.067 449.039125 8
266 0 0 0 791.381 84.067 449.039125 8
