0 0.1 8.525 0 8.525 8.525 0 0
10 0.5 13.8066 3.5352214414375798 19.663 8.525 8.525 1
20 0.2 12.2775 2.0335 19.663 8.525 12.926333333333334 6
30 0 0 0 19.663 8.525 12.764125 8
40 0 0 0 19.663 8.525 12.764125 8
50 0 0 0 19.663 8.525 12.764125 8
60 0 0 0 19.663 8.525 12.764125 8
70 0 0 0 19.663 8.525 12.764125 8
80 0 0 0 19.663 8.525 12.764125 8
90 0 0 0 19.663 8.525 12.764125 8
100 0.1 7.001 0.0 19.663 7.001 12.764125 8
110 0.9 36.85611111111111 70.58832658047716 236.199 5.536 12.123777777777779 9
120 0.4 96.64249999999998 133.64173345646935 326.996 5.536 24.489944444444443 18
130 0 0 0 326.996 5.536 37.60859090909091 22
140 0 0 0 326.996 5.536 37.60859090909091 22
150 0 0 0 326.996 5.536 37.60859090909091 22
160 0 0 0 326.996 5.536 37.60859090909091 22
170 0 0 0 326.996 5.536 37.60859090909091 22
180 0 0 0 326.996 5.536 37.60859090909091 22
190 0 0 0 326.996 5.536 37.60859090909091 22
200 0 0 0 326.996 5.536 37.60859090909091 22
210 0 0 0 326.996 5.536 37.60859090909091 22
220 0 0 0 326.996 5.536 37.60859090909091 22
230 0 0 0 326.996 5.536 37.60859090909091 22
240 0 0 0 326.996 5.536 37.60859090909091 22
250 0 0 0 326.996 5.536 37.60859090909091 22
260 0 0 0 326.996 5.536 37.60859090909091 22
266 0 0 0 326.996 5.536 37.60859090909091 22
