0 0.1 1467.775 0 1467.775 1467.775 0 0
10 0.1 3068.003 0.0 3068.003 1467.775 1467.775 1
20 0.2 11715.9265 358.83849999999984 12074.765 1467.775 2267.889 2
30 0.3 14083.195 1532.2136494903925 16055.732 1467.775 6991.90775 4
40 0.1 15282.566 0.0 16055.732 1467.775 10031.030857142858 7
50 0 0 0 16055.732 1467.775 10687.47275 8
60 0 0 0 16055.732 1467.775 10687.47275 8
70 0 0 0 16055.732 1467.775 10687.47275 8
80 0 0 0 16055.732 1467.775 10687.47275 8
90 0 0 0 16055.732 1467.775 10687.47275 8
100 0 0 0 16055.732 1467.775 10687.47275 8
110 0 0 0 16055.732 1467.775 10687.47275 8
120 0 0 0 16055.732 1467.775 10687.47275 8
130 0.1 24766.283 0.0 24766.283 1467.775 10687.47275 8
140 0.3 37597.29466666666 1480.6887042324493 39691.071 1467.775 12251.785 9
150 0.5 43400.4852 1208.3596772102917 45003.5 1467.775 18588.162416666666 12
160 1.1 47221.71836363637 2487.242592729374 50506.7 1467.775 25885.904411764706 17
170 0.2 49374.018 326.82500000000255 50506.7 1467.775 34267.83132142857 28
180 0 0 0 50506.7 1467.775 35274.91043333334 30
190 0 0 0 50506.7 1467.775 35274.91043333334 30
200 0 0 0 50506.7 1467.775 35274.91043333334 30
210 0 0 0 50506.7 1467.775 35274.91043333334 30
220 0 0 0 50506.7 1467.775 35274.91043333334 30
230 0 0 0 50506.7 1467.775 35274.91043333334 30
240 0 0 0 50506.7 1467.775 35274.91043333334 30
250 0 0 0 50506.7 1467.775 35274.91043333334 30
260 0 0 0 50506.7 1467.775 35274.91043333334 30
266 0 0 0 50506.7 1467.775 35274.91043333334 30
