0 1.3 78.31046153846154 50.96417599967103 176.895 40.247 0 0
10 0.6 257.9941666666667 96.3456180657544 436.123 40.247 78.31046153846154 13
20 0 0 0 436.123 40.247 135.05268421052634 19
30 0 0 0 436.123 40.247 135.05268421052634 19
40 0 0 0 436.123 40.247 135.05268421052634 19
50 0 0 0 436.123 40.247 135.05268421052634 19
60 0 0 0 436.123 40.247 135.05268421052634 19
70 0 0 0 436.123 40.247 135.05268421052634 19
80 0 0 0 436.123 40.247 135.05268421052634 19
90 0 0 0 436.123 40.247 135.05268421052634 19
100 1.4 340.7987857142857 84.87792708622234 550.007 40.247 135.05268421052634 19
110 1.8 450.2884999999999 194.92937274939413 868.853 40.247 222.33890909090908 33
120 0 0 0 868.853 40.247 302.79170588235286 51
130 0 0 0 868.853 40.247 302.79170588235286 51
140 0 0 0 868.853 40.247 302.79170588235286 51
150 0 0 0 868.853 40.247 302.79170588235286 51
160 0 0 0 868.853 40.247 302.79170588235286 51
170 0 0 0 868.853 40.247 302.79170588235286 51
180 0 0 0 868.853 40.247 302.79170588235286 51
190 0 0 0 868.853 40.247 302.79170588235286 51
200 0 0 0 868.853 40.247 302.79170588235286 51
210 0 0 0 868.853 40.247 302.79170588235286 51
220 0 0 0 868.853 40.247 302.79170588235286 51
230 0 0 0 868.853 40.247 302.79170588235286 51
240 0 0 0 868.853 40.247 302.79170588235286 51
250 0 0 0 868.853 40.247 302.79170588235286 51
260 0 0 0 868.853 40.247 302.79170588235286 51
266 0 0 0 868.853 40.247 302.79170588235286 51
