20 0.2 135.10750000000002 1.207499999999989 136.315 133.9 0 0
30 0 0 0 136.315 133.9 135.10750000000002 2
40 0 0 0 136.315 133.9 135.10750000000002 2
50 0 0 0 136.315 133.9 135.10750000000002 2
60 0 0 0 136.315 133.9 135.10750000000002 2
70 0 0 0 136.315 133.9 135.10750000000002 2
80 0 0 0 136.315 133.9 135.10750000000002 2
90 0 0 0 136.315 133.9 135.10750000000002 2
100 0 0 0 136.315 133.9 135.10750000000002 2
110 0 0 0 136.315 133.9 135.10750000000002 2
120 0.1 146.27 0.0 146.27 133.9 135.10750000000002 2
130 0 0 0 146.27 133.9 138.82833333333335 3
140 0 0 0 146.27 133.9 138.82833333333335 3
150 0 0 0 146.27 133.9 138.82833333333335 3
160 0 0 0 146.27 133.9 138.82833333333335 3
170 0 0 0 146.27 133.9 138.82833333333335 3
180 0 0 0 146.27 133.9 138.82833333333335 3
190 0 0 0 146.27 133.9 138.82833333333335 3
200 0 0 0 146.27 133.9 138.82833333333335 3
210 0 0 0 146.27 133.9 138.82833333333335 3
220 0 0 0 146.27 133.9 138.82833333333335 3
230 0 0 0 146.27 133.9 138.82833333333335 3
240 0 0 0 146.27 133.9 138.82833333333335 3
250 0 0 0 146.27 133.9 138.82833333333335 3
260 0 0 0 146.27 133.9 138.82833333333335 3
266 0 0 0 146.27 133.9 138.82833333333335 3
