0 0.1 1660.153 0 1660.153 1660.153 0 0
10 0 0 0 1660.153 1660.153 1660.153 1
20 0.2 8765.195 580.4860000000006 9345.681 1660.153 1660.153 1
30 0 0 0 9345.681 1660.153 6396.847666666666 3
40 0.5 14718.349400000001 899.3959085607631 16231.49 1660.153 6396.847666666666 3
50 0.2 17018.872499999998 218.46449999999913 17237.337 1660.153 11597.786250000001 8
60 0.3 15279.032666666666 257.79053214103 17237.337 1660.153 12682.0035 10
70 0.3 13497.100333333334 1526.0944007335268 17237.337 1660.153 13281.317923076924 13
80 0 0 0 17237.337 1660.153 13321.777125 16
90 0 0 0 17237.337 1660.153 13321.777125 16
100 0 0 0 17237.337 1660.153 13321.777125 16
110 0 0 0 17237.337 1660.153 13321.777125 16
120 0 0 0 17237.337 1660.153 13321.777125 16
130 0 0 0 17237.337 1660.153 13321.777125 16
140 0 0 0 17237.337 1660.153 13321.777125 16
150 0 0 0 17237.337 1660.153 13321.777125 16
160 0 0 0 17237.337 1660.153 13321.777125 16
170 0.1 47076.665 0.0 47076.665 1660.153 13321.777125 16
180 0 0 0 47076.665 1660.153 15307.358764705883 17
190 0.1 48792.247 0.0 48792.247 1660.153 15307.358764705883 17
200 0.8 48544.32062500001 2770.553699747621 52010.011 1660.153 17167.630333333334 18
210 0.9 49214.83288888889 1697.9765338984098 52010.011 1660.153 26821.99657692308 26
220 0.4 47087.2685 1201.0909699928027 52010.011 1660.153 32580.15448571429 35
230 0 0 0 52010.011 1660.153 34068.06361538462 39
240 0.1 47332.593 0.0 52010.011 1660.153 34068.06361538462 39
250 0.5 48840.779 1804.0807131524928 52010.011 1660.153 34399.67685 40
260 1.1 47503.388999999996 2946.1775983670163 52584.108 1660.153 36004.24375555556 45
266 0.4 48255.53125 1320.5315083587323 52584.108 1660.153 38263.00442857143 56
