0 0.6 163.19366666666664 70.88197791791336 272.366 43.214 0 0
10 1.5 292.9758 67.82361766838059 399.607 43.214 163.19366666666664 6
20 0.7 315.20171428571433 76.22523235538645 444.933 43.214 255.89519047619044 21
30 0.1 289.603 0.0 444.933 43.214 270.7218214285714 28
40 0 0 0 444.933 43.214 271.3728965517241 29
50 0 0 0 444.933 43.214 271.3728965517241 29
60 0 0 0 444.933 43.214 271.3728965517241 29
70 0 0 0 444.933 43.214 271.3728965517241 29
80 0 0 0 444.933 43.214 271.3728965517241 29
90 0 0 0 444.933 43.214 271.3728965517241 29
100 0.8 365.0125 111.32914712239558 531.091 43.214 271.3728965517241 29
110 3.9 458.67264102564104 167.02831097528275 1032.287 43.214 291.6192972972973 37
120 1.3 630.0206153846154 172.84471437304126 1032.287 43.214 377.34403947368423 76
130 0 0 0 1032.287 43.214 414.25185393258425 89
140 0 0 0 1032.287 43.214 414.25185393258425 89
150 0 0 0 1032.287 43.214 414.25185393258425 89
160 0 0 0 1032.287 43.214 414.25185393258425 89
170 0 0 0 1032.287 43.214 414.25185393258425 89
180 0 0 0 1032.287 43.214 414.25185393258425 89
190 0 0 0 1032.287 43.214 414.25185393258425 89
200 0 0 0 1032.287 43.214 414.25185393258425 89
210 0 0 0 1032.287 43.214 414.25185393258425 89
220 0 0 0 1032.287 43.214 414.25185393258425 89
230 0 0 0 1032.287 43.214 414.25185393258425 89
240 0 0 0 1032.287 43.214 414.25185393258425 89
250 0 0 0 1032.287 43.214 414.25185393258425 89
260 0 0 0 1032.287 43.214 414.25185393258425 89
266 0 0 0 1032.287 43.214 414.25185393258425 89
