0 0.1 0.041001640327688146 0 0.041001640327688146 0.041001640327688146 0 0
10 0.1 0.019779304601290862 0.0 0.041001640327688146 0.019779304601290862 0.041001640327688146 1
20 0.1 0.01665833749791771 0.0 0.041001640327688146 0.01665833749791771 0.030390472464489504 2
30 0.1 0.0031231456322808335 0.0 0.041001640327688146 0.0031231456322808335 0.025813094142298904 3
40 0.1 0.0031228205315040544 0.0 0.041001640327688146 0.0031228205315040544 0.020140607014794386 4
50 0.1 0.019783011599092064 0.0 0.041001640327688146 0.0031228205315040544 0.01673704971813632 5
60 0.1 0.027068952952077542 0.0 0.041001640327688146 0.0031228205315040544 0.017244710031628946 6
70 0.1 0.011450103571391396 0.0 0.041001640327688146 0.0031228205315040544 0.018648173305978743 7
80 0.1 0.0031233082080539707 0.0 0.041001640327688146 0.0031228205315040544 0.017748414589155326 8
90 0.1 0.011451891644283424 0.0 0.041001640327688146 0.0031228205315040544 0.016123402769032954 9
100 0.1 0.037484381507705125 0.0 0.041001640327688146 0.0031228205315040544 0.015656251656558002 10
110 0.1 0.054139033201803244 0.0 0.054139033201803244 0.0031228205315040544 0.017640627097571374 11
120 0.1 0.013533349295745322 0.0 0.054139033201803244 0.0031228205315040544 0.0206821609395907 12
130 0.1 0.0020820537378069726 0.0 0.054139033201803244 0.0020820537378069726 0.020132252351602594 13
140 0.1 0.01249362304656998 0.0 0.054139033201803244 0.0020820537378069726 0.01884295245061719 14
150 0.1 0.12706877336971803 0.0 0.12706877336971803 0.0020820537378069726 0.01841966382368071 15
160 0.1 0.11768381587169341 0.0 0.12706877336971803 0.0020820537378069726 0.025210233170308044 16
170 0.1 0.04893590437716047 0.0 0.12706877336971803 0.0020820537378069726 0.030649855682154243 17
180 0.1 0.0020822705077616632 0.0 0.12706877336971803 0.0020820537378069726 0.03166574727632125 18
190 0.1 0.05206435153850159 0.0 0.12706877336971803 0.0020820537378069726 0.030108722183239168 19
200 0.1 0.3147144643601501 0.0 0.3147144643601501 0.0020820537378069726 0.031206503651002294 20
210 0.1 0.3218448270474643 0.0 0.3218448270474643 0.0020820537378069726 0.044706882732390284 21
220 0.1 0.13745131932440594 0.0 0.3218448270474643 0.0020820537378069726 0.0573040620194391 22
230 0.1 0.020821621171424408 0.0 0.3218448270474643 0.0020820537378069726 0.06078872538052462 23
240 0.1 0.008328735177454114 0.0 0.3218448270474643 0.0020820537378069726 0.059123429371812114 24
250 0.1 0.34086289389469737 0.0 0.34086289389469737 0.0020820537378069726 0.0570916416040378 25
260 0.1 0.7136894824707847 0.0 0.7136894824707847 0.0020820537378069726 0.06800592053829393 26
270 0.1 0.4566114840915725 0.0 0.7136894824707847 0.0020820537378069726 0.0919201265357936 27
280 0.1 0.1281009810660501 0.0 0.7136894824707847 0.0020820537378069726 0.10494481787707143 28
290 0.1 0.04059286398268038 0.0 0.7136894824707847 0.0020820537378069726 0.10574330626289827 29
300 0.1 0.12084969839665789 0.0 0.7136894824707847 0.0020820537378069726 0.10357162485355767 30
310 0.1 0.6006539293213132 0.0 0.7136894824707847 0.0020820537378069726 0.10412898206462542 31
320 0.1 0.8362740389634795 0.0 0.8362740389634795 0.0020820537378069726 0.11964538666639692 32
330 0.1 1.0864465274374668 0.0 1.0864465274374668 0.0020820537378069726 0.14136140643297518 33
340 0.1 0.28745508514294643 0.0 1.0864465274374668 0.0020820537378069726 0.16915802763898963 34
350 0.1 0.032277209166727404 0.0 1.0864465274374668 0.0020820537378069726 0.1725379435676741 35
360 0.1 0.007288326183832411 0.0 1.0864465274374668 0.0020820537378069726 0.1686418120565367 36
361 0.1 0.014572555714003184 0.0 1.0864465274374668 0.0020820537378069726 0.16428090703295012 37
