10 0.1 695 0 695 695 0 0
20 0.1 1176.0 0.0 1176 695 695.0 1
30 0.1 511.0 0.0 1176 511 935.5 2
40 0.1 33.0 0.0 1176 33 794.0 3
50 0.1 995.0 0.0 1176 33 603.75 4
60 0.1 1577.0 0.0 1577 33 682.0 5
70 0.1 873.0 0.0 1577 33 831.1666666666666 6
80 0.1 236.0 0.0 1577 33 837.1428571428571 7
90 0.1 375.0 0.0 1577 33 762.0 8
100 0.1 2257.0 0.0 2257 33 719.0 9
110 0.1 3858.0 0.0 3858 33 872.8 10
120 0.1 1062.0 0.0 3858 33 1144.1818181818182 11
130 0.1 125.0 0.0 3858 33 1137.3333333333333 12
140 0.1 764.0 0.0 3858 33 1059.4615384615386 13
150 0.1 5922.0 0.0 5922 33 1038.357142857143 14
160 0.1 7026.0 0.0 7026 33 1363.9333333333334 15
170 0.1 2998.0 0.0 7026 33 1717.8125 16
180 0.1 266.0 0.0 7026 33 1793.1176470588234 17
190 0.1 1618.0 0.0 7026 33 1708.2777777777778 18
200 0.1 12077.0 0.0 12077 33 1703.5263157894738 19
210 0.1 15712.0 0.0 15712 33 2222.2 20
220 0.1 6674.0 0.0 15712 33 2864.5714285714284 21
230 0.1 503.0 0.0 15712 33 3037.7272727272725 22
240 0.1 97.0 0.0 15712 33 2927.521739130435 23
250 0.1 11972.0 0.0 15712 33 2809.5833333333335 24
260 0.1 34884.0 0.0 34884 33 3176.08 25
270 0.1 27679.0 0.0 34884 33 4395.615384615385 26
280 0.1 5581.0 0.0 34884 33 5257.962962962963 27
290 0.1 590.0 0.0 34884 33 5269.5 28
300 0.1 6644.0 0.0 34884 33 5108.137931034483 29
310 0.1 22591.0 0.0 34884 33 5159.333333333333 30
320 0.1 40977.0 0.0 40977 33 5721.645161290323 31
330 0.1 57453.0 0.0 57453 33 6823.375 32
340 0.1 13412.0 0.0 57453 33 8357.60606060606 33
350 0.1 800.0 0.0 57453 33 8506.264705882353 34
360 0.1 37.0 0.0 57453 33 8286.085714285715 35
361 0.1 50.0 0.0 57453 33 8056.944444444444 36
