0 271.52890625 271.52890625
10 1170.621875 1442.15078125
20 477.25234375 1919.403125
30 95.934375 2015.3375
40 538.3953125 2553.7328125
50 1112.05234375 3665.78515625
60 934.7515625 4600.53671875
70 350.55703125 4951.09375
80 122.1375 5073.23125
90 1156.425 6229.65625
100 3616.215625 9845.871875
110 1144.70859375 10990.58046875
120 119.9796875 11110.56015625
130 129.5671875 11240.12734375
140 3350.81875 14590.94609375
150 6651.9515625 21242.89765625
160 3173.52578125 24416.4234375
170 306.7953125 24723.21875
180 333.16953125 25056.38828125
190 7290.4265625 32346.81484375
200 14556.1953125 46903.01015625
210 7562.27109375 54465.28125
220 625.88984375 55091.17109375
230 45.1828125 55136.35390625
240 4183.5859375 59319.93984375
250 23445.75859375 82765.6984375
260 31419.06640625 114184.76484375
270 7090.62890625 121275.39375
280 326.85 121602.24375
290 1224.57890625 122826.82265625
300 8705.14140625 131531.9640625
310 27227.040625 158759.0046875
320 55439.60078125 214198.60546875
330 18031.5921875 232230.19765625
340 766.2046875 232996.40234375
350 10.15 233006.55234375
360 2.5375 233009.08984375
361 0 233009.08984375
