0 23.34453125 23.34453125
10 63.13125 86.47578125
20 21.64375 108.11953125
30 6.046875 114.16640625
40 43.04765625 157.2140625
50 90.30625 247.5203125
60 45.06796875 292.58828125
70 16.80078125 309.3890625
80 13.5359375 322.925
90 144.5734375 467.4984375
100 187.59140625 655.08984375
110 54.63515625 709.725
120 8.36796875 718.09296875
130 18.74375 736.83671875
140 307.32265625 1044.159375
150 378.87109375 1423.03046875
160 136.79140625 1559.821875
170 22.27265625 1582.09453125
180 53.73671875 1635.83125
190 644.69375 2280.525
200 736.67578125 3017.20078125
210 259.21171875 3276.4125
220 30.1328125 3306.5453125
230 2.315625 3308.8609375
240 539.3625 3848.2234375
250 1657.21875 5505.4421875
260 1123.428125 6628.8703125
270 238.59921875 6867.46953125
280 33.1359375 6900.60546875
290 175.053125 7075.65859375
300 1675.16953125 8750.828125
310 2480.73046875 11231.55859375
320 1671.69140625 12903.25
330 545.37109375 13448.62109375
340 40.6875 13489.30859375
350 1.75625 13491.06484375
360 0.44296875 13491.5078125
361 0 13491.5078125
