0 0.9 2278.5744444444445 1031.5093212453414 3884.742 365.844 0 0
10 1.9 3930.7234736842097 1824.9441232809922 7647.678 365.844 2278.5744444444445 9
20 0.2 15602.600999999999 1571.536999999999 17174.138 365.844 3399.675571428571 28
30 0 0 0 17174.138 365.844 4213.203933333333 30
40 1.8 2349.2120555555557 1207.904429585363 17174.138 365.844 4213.203933333333 30
50 2.6 3358.9855000000002 1839.5849812859808 17174.138 328.861 3514.2069791666668 48
60 0.9 7126.039555555555 3754.527569841485 17174.138 328.861 3459.669702702703 74
70 0.1 13914.316 0.0 17174.138 328.861 3857.2278795180723 83
80 0.1 1345.747 0.0 17174.138 328.861 3976.9551190476186 84
90 6 3288.386766666666 2172.3239151360567 17174.138 328.861 3945.9997294117643 85
100 4.7 4735.0262340425525 2676.0427649475123 17174.138 328.861 3673.884020689655 145
110 0.3 11263.864666666668 1470.764684271491 17174.138 328.861 3933.6427916666667 192
120 0 0 0 17174.138 328.861 4046.415435897436 195
130 0.3 2268.6593333333335 221.9776760342254 17174.138 328.861 4046.415435897436 195
140 11.5 3037.104295652173 1770.9343583320617 17174.138 253.636 4019.4797373737374 198
150 10.3 4904.8963592233 3233.6784268098304 17174.138 202.249 3658.5430734824276 313
160 1 11448.494899999998 3471.7576273046902 19148.268 202.249 3967.135353365384 416
170 0 0 0 19148.268 202.249 4142.754122065728 426
180 1.1 1676.1368181818182 835.3294732752643 19148.268 202.249 4142.754122065728 426
190 24.9 3267.4366506024107 2067.0392720994964 19148.268 200.849 4080.665356979405 437
200 18.7 4522.578770053477 2682.004313173012 19148.268 200.849 3785.484674927114 686
210 1.2 9293.864166666668 3636.70572315919 19148.268 200.849 3943.373100801833 873
220 0 0 0 19148.268 200.849 4015.92213220339 885
230 0 0 0 19148.268 200.849 4015.92213220339 885
240 21 2447.217766666666 1473.2332873831072 19148.268 154.798 4015.92213220339 885
250 57.1 3912.1117810858127 2464.8433348027984 19148.268 154.798 3715.0747196347033 1095
260 17.5 6421.145417142858 3282.5562133516355 19792.159 154.798 3782.6066296518607 1666
270 0.4 13764.590999999999 2088.011682648232 19792.159 154.798 4033.418301466594 1841
280 0 0 0 19792.159 154.798 4054.5156948509484 1845
290 4.4 1154.5770681818185 728.1656712800633 19792.159 154.798 4054.5156948509484 1845
300 65.6 4262.082742378052 2265.7517669564418 19792.159 154.798 3986.9681566966647 1889
310 98.6 5915.786865111567 2840.897073029935 19792.159 154.798 4057.8817787819253 2545
320 15 9985.810339999993 3563.964780589319 21462.718 154.798 4576.685068252621 3531
330 0.1 16354.232 0.0 21462.718 154.798 4797.1058209725625 3681
340 0 0 0 21462.718 154.798 4800.244638511679 3682
350 0 0 0 21462.718 154.798 4800.244638511679 3682
360 0 0 0 21462.718 154.798 4800.244638511679 3682
361 0 0 0 21462.718 154.798 4800.244638511679 3682
