0 0.2 21.427500000000002 7.4075000000000015 28.835 14.02 0 0
10 0 0 0 28.835 14.02 21.427500000000002 2
20 0 0 0 28.835 14.02 21.427500000000002 2
30 0 0 0 28.835 14.02 21.427500000000002 2
40 0.1 13.311 0.0 28.835 13.311 21.427500000000002 2
50 0.1 14.951 0.0 28.835 13.311 18.722 3
60 0 0 0 28.835 13.311 17.77925 4
70 0 0 0 28.835 13.311 17.77925 4
80 0.3 18.512666666666664 8.384940164101085 30.348 11.959 17.77925 4
90 0.2 13.277999999999999 0.06000000000000005 30.348 11.959 18.09357142857143 7
100 0.2 12.232 0.36700000000000044 30.348 11.865 17.023444444444447 9
110 0 0 0 30.348 11.865 16.152272727272727 11
120 0 0 0 30.348 11.865 16.152272727272727 11
130 0.7 13.334428571428571 0.3199642199384425 30.348 11.865 16.152272727272727 11
140 1.7 12.968294117647059 0.8067356710264983 30.348 11.536 15.056444444444445 18
150 0.3 13.216999999999999 0.2735872804060882 30.348 11.536 14.0422 35
160 0 0 0 30.348 11.536 13.977052631578946 38
170 0 0 0 30.348 11.536 13.977052631578946 38
180 1 12.487 0.5884364026808676 30.348 11.495 13.977052631578946 38
190 2.7 20.531333333333333 24.065318223227077 136.745 11.324 13.666624999999998 48
200 0.5 38.7248 49.34457514418378 137.379 11.324 16.13792 75
210 0 0 0 137.379 11.324 17.5496 80
220 0 0 0 137.379 11.324 17.5496 80
230 0 0 0 137.379 11.324 17.5496 80
240 5.1 31.03678431372549 66.02802008218244 340.096 11.168 17.5496 80
250 5.7 104.37543859649122 165.92825270537946 904.405 11.168 22.800335877862597 131
260 0 0 0 904.405 11.168 47.53321276595744 188
270 0 0 0 904.405 11.168 47.53321276595744 188
280 0 0 0 904.405 11.168 47.53321276595744 188
290 4.8 20.31116666666667 25.36812281053834 904.405 11.168 47.53321276595744 188
300 11 949.7217999999997 905.766110248936 3316.871 1.74 41.996525423728805 236
310 3.8 1510.760342105263 957.4248971471195 3748.209 1.627 330.579705202312 346
320 0 0 0 3748.209 1.627 447.3684140624999 384
330 0 0 0 3748.209 1.627 447.3684140624999 384
340 0 0 0 3748.209 1.627 447.3684140624999 384
350 0 0 0 3748.209 1.627 447.3684140624999 384
360 0 0 0 3748.209 1.627 447.3684140624999 384
361 0 0 0 3748.209 1.627 447.3684140624999 384
