10 0.5 23.701 5.623996408249209 31.02 18.685 0 0
20 0.5 18.942600000000002 0.3116912574969021 31.02 18.638 23.701 5
30 0 0 0 31.02 18.638 21.321800000000003 10
40 0 0 0 31.02 18.638 21.321800000000003 10
50 0.5 18.8324 0.15623136688898343 31.02 18.638 21.321800000000003 10
60 0.9 18.566777777777776 0.8783878892326654 31.02 16.612 20.492 15
70 0.2 19.3645 0.47449999999999903 31.02 16.612 19.770041666666668 24
80 0 0 0 31.02 16.612 19.738846153846154 26
90 0.5 19.541800000000002 1.8896360919499817 31.02 16.612 19.738846153846154 26
100 1.6 20.648187500000002 3.1516175453794766 31.02 16.612 19.707064516129034 31
110 0.6 18.649166666666666 0.551265035068331 31.02 16.612 20.027446808510643 47
120 0.2 26.2635 6.3755 32.639 16.612 19.871415094339625 53
130 0 0 0 32.639 16.612 20.10385454545455 55
140 1.2 23.405166666666673 5.937677966923509 35.24 16.612 20.10385454545455 55
150 4.3 24.365465116279072 9.727933185560879 74.311 16.612 20.695134328358215 67
160 1.7 24.36123529411764 6.527208001709296 74.311 16.612 22.129900000000006 110
170 0.3 21.170333333333332 0.43566373373152006 74.311 16.612 22.42858267716536 127
180 0 0 0 74.311 16.612 22.39954615384616 130
190 2.2 31.970454545454547 26.090666834795492 144.54 16.612 22.39954615384616 130
200 6.6 29.40954545454545 16.099371275303113 146.166 16.612 23.78480921052632 152
210 4.6 30.27586956521739 13.531513848290034 146.166 16.612 25.487711009174312 218
220 0.3 21.88766666666667 0.8844419458367815 146.166 16.612 26.322011363636364 264
230 0 0 0 146.166 16.612 26.272187265917605 267
240 0.4 54.995250000000006 22.32789574025058 146.166 16.612 26.272187265917605 267
250 10.3 157.71251456310685 191.8604467432556 1223.88 16.612 26.696143911439115 271
260 14.4 45.052923611111126 49.881407146250375 1223.88 16.612 62.77819251336901 374
270 3.3 34.914727272727276 13.587911644730905 1223.88 16.612 57.85070463320466 518
280 0 0 0 1223.88 16.612 56.477043557168805 551
290 0 0 0 1223.88 16.612 56.477043557168805 551
300 1.9 1030.268157894737 659.4139656404859 2423.838 1.381 56.477043557168805 551
310 16.8 642.3479404761899 565.9739088716344 3588.092 0.713 88.93674736842107 570
320 27.3 501.8669340659343 354.1219171728039 3588.092 0.713 214.91653116531154 738
330 6.3 48.19365079365078 35.734802660426745 3588.092 0.713 292.40165479723044 1011
340 0.2 85.3965 55.2165 3588.092 0.713 278.076604283054 1074
350 0 0 0 3588.092 0.713 277.7184628252788 1076
360 0 0 0 3588.092 0.713 277.7184628252788 1076
361 0 0 0 3588.092 0.713 277.7184628252788 1076
