0 0.1 21.441 0 21.441 21.441 0 0
10 0.5 21.504399999999997 0.16122605248532362 21.72 21.274 21.441 1
20 0.4 21.584 0.14508618128546938 21.792 21.274 21.49383333333333 6
30 0 0 0 21.792 21.274 21.529899999999998 10
40 0 0 0 21.792 21.274 21.529899999999998 10
50 0.8 24.196875 4.135155965544104 32.349 21.274 21.529899999999998 10
60 0.6 23.256333333333334 4.246541756404721 32.734 20.998 22.71522222222222 18
70 0.2 20.9875 1.1005000000000003 32.734 19.887 22.8505 24
80 0 0 0 32.734 19.887 22.70719230769231 26
90 1.1 21.361363636363635 1.2041615168563078 32.734 19.887 22.70719230769231 26
100 1 23.3494 6.606909038271982 43.068 19.887 22.307081081081083 37
110 0.6 22.733666666666668 4.067949223981155 43.068 19.887 22.528851063829787 47
120 0.2 21.740000000000002 0.3129999999999997 43.068 19.887 22.55203773584906 53
130 0 0 0 43.068 19.887 22.522509090909093 55
140 1.9 24.967842105263163 9.69532475644648 62.737 19.887 22.522509090909093 55
150 4.4 22.672931818181823 4.607379783849381 62.737 19.887 23.150364864864866 74
160 1 21.204100000000004 0.37093893028367875 62.737 19.887 22.972338983050847 118
170 0.2 22.084 0.24399999999999977 62.737 19.887 22.8341953125 128
180 0 0 0 62.737 19.887 22.822653846153848 130
190 3.3 33.746878787878806 32.16818626094174 198.449 19.887 22.822653846153848 130
200 7.1 26.0165633802817 10.91138251104419 198.449 19.887 25.03430674846626 163
210 3.2 25.670781250000005 9.320642821629765 198.449 19.887 25.332341880341886 234
220 0.1 21.404 0.0 198.449 19.887 25.373056390977446 266
230 0 0 0 198.449 19.887 25.35819101123596 267
240 1.4 65.5800714285714 62.642513126315514 198.449 19.887 25.35819101123596 267
250 12.1 283.33221487603277 365.38487799362554 1848.284 19.887 27.36212811387901 281
260 13.7 61.68715328467153 95.80836795188738 1848.284 19.887 104.40785074626858 402
270 1.2 26.77558333333333 8.572280895015957 1848.284 19.887 93.54934322820031 539
280 0 0 0 1848.284 19.887 92.09510526315783 551
290 0 0 0 1848.284 19.887 92.09510526315783 551
300 3.3 1141.190575757576 1724.4563500304043 5003.27 0.717 92.09510526315783 551
310 22.9 2100.542812227072 1640.1293640304452 7957.739 0.717 151.37618493150683 584
320 23.9 1742.8295564853565 814.1912881275862 7957.739 0.717 700.4034391143905 813
330 2.4 275.0154999999999 194.15312718637833 7957.739 0.717 937.2283840304179 1052
340 0 0 0 7957.739 0.717 922.4578364312264 1076
350 0 0 0 7957.739 0.717 922.4578364312264 1076
360 0 0 0 7957.739 0.717 922.4578364312264 1076
361 0 0 0 7957.739 0.717 922.4578364312264 1076
