0 0.9 13.86811111111111 0.35048742074255 14.516 13.419 0 0
10 0.7 14.686285714285715 3.5589886490520932 23.382 12.886 13.86811111111111 9
20 0 0 0 23.382 12.886 14.2260625 16
30 0 0 0 23.382 12.886 14.2260625 16
40 2.4 13.505749999999997 0.8407309939372203 23.382 12.079 14.2260625 16
50 1.1 13.239818181818181 0.24394478443131282 23.382 12.079 13.793874999999996 40
60 0 0 0 23.382 12.079 13.674372549019607 51
70 0 0 0 23.382 12.079 13.674372549019607 51
80 1.9 14.543526315789473 5.493856955664889 37.351 11.676 13.674372549019607 51
90 4.3 13.2596511627907 1.4514390755179871 37.351 11.676 13.910285714285713 70
100 0.9 12.461444444444444 0.6149188042355421 37.351 11.306 13.662699115044248 113
110 0 0 0 37.351 11.306 13.574081967213115 122
120 0 0 0 37.351 11.306 13.574081967213115 122
130 2.3 13.236347826086954 0.7075944926110824 37.351 11.306 13.574081967213115 122
140 10 14.815400000000002 12.383641504016495 133.065 11.306 13.520510344827585 145
150 2.1 13.110809523809529 0.7728514068384377 133.065 11.306 14.049036734693878 245
160 0 0 0 133.065 11.306 13.974966165413536 266
170 0 0 0 133.065 11.306 13.974966165413536 266
180 5.1 18.219941176470584 23.78354377477704 136.688 11.306 13.974966165413536 266
190 19.1 16.48953403141361 16.142527712549 142.636 10.978 14.65791167192429 317
200 2.1 32.6714761904762 50.75894858626178 222.078 10.978 15.346572834645668 508
210 0 0 0 222.078 10.978 16.034328922495273 529
220 0 0 0 222.078 10.978 16.034328922495273 529
230 0 0 0 222.078 10.978 16.034328922495273 529
240 30.6 22.782447712418307 32.68419188709773 244.717 10.878 16.034328922495273 529
250 26.6 114.06023684210516 178.7364214595074 1445.819 10.878 18.507292215568864 835
260 0 0 0 1445.819 10.878 41.592744777475 1101
270 0 0 0 1445.819 10.878 41.592744777475 1101
280 0 0 0 1445.819 10.878 41.592744777475 1101
290 24.5 19.8307387755102 28.47402719108593 1445.819 10.878 41.592744777475 1101
300 65.2 844.156884969325 868.163762053562 3804.848 1.527 37.63160698365525 1346
310 18.9 1437.278878306878 919.3152178113188 3916.968 1.527 300.82203803803793 1998
320 0 0 0 3916.968 1.527 399.0343575674438 2187
330 0 0 0 3916.968 1.527 399.0343575674438 2187
340 0 0 0 3916.968 1.527 399.0343575674438 2187
350 0 0 0 3916.968 1.527 399.0343575674438 2187
360 0 0 0 3916.968 1.527 399.0343575674438 2187
361 0 0 0 3916.968 1.527 399.0343575674438 2187
