10 0.1 9.421 0 9.421 9.421 0 0
20 0.2 9.688500000000001 0.2124999999999999 9.901 9.421 9.421 1
30 0.1 9.974 0.0 9.974 9.421 9.599333333333334 3
40 0 0 0 9.974 9.421 9.693000000000001 4
50 0.7 9.682 0.2705660732612278 9.974 9.08 9.693000000000001 4
60 0.3 10.032000000000002 0.3084066579480187 10.26 9.08 9.686 11
70 0.2 9.335999999999999 0.3059999999999996 10.26 9.03 9.760142857142856 14
80 0 0 0 10.26 9.03 9.707125 16
90 0.6 9.384166666666667 0.5841915829208392 10.378 8.802 9.707125 16
100 1.5 9.724799999999997 0.5894478998746768 11.117 8.789 9.619045454545455 22
110 0.8 9.584000000000001 0.2912893750207864 11.117 8.789 9.661918918918918 37
120 0.1 24.735 0.0 24.735 8.789 9.648066666666667 45
130 0.1 15.082 0.0 24.735 8.789 9.97604347826087 46
140 0.7 10.70442857142857 3.4601176634470048 24.735 8.727 10.08468085106383 47
150 2.3 9.521173913043478 0.6332001985891851 24.735 8.413 10.16501851851852 54
160 1.3 10.541538461538462 2.39993046743457 24.735 8.413 9.972701298701299 77
170 0.4 11.72775 3.0670583117215098 24.735 8.413 10.054866666666667 90
180 0 0 0 24.735 8.413 10.126053191489364 94
190 1.8 20.27233333333333 30.76591815629756 139.428 8.413 10.126053191489364 94
200 5 13.460760000000002 21.050833054831816 157.63 8.177 11.75670535714286 112
210 1.6 10.10625 0.9251882578697155 157.63 8.177 12.28264814814815 162
220 0.1 10.113 0.0 157.63 8.177 12.087016853932585 178
230 0 0 0 157.63 8.177 12.075988826815642 179
240 0.6 12.945500000000001 6.065516376753645 157.63 8.177 12.075988826815642 179
250 6.7 84.68397014925374 98.056462748639 481.593 8.177 12.104189189189187 185
260 10.2 23.711500000000008 33.89479887417226 481.593 8.177 31.401194444444446 252
270 1.5 10.431733333333332 1.3616690477335363 481.593 8.177 29.1855197740113 354
280 0.2 9.8995 0.2134999999999998 481.593 8.177 28.42317073170732 369
290 0 0 0 481.593 8.177 28.32331266846362 371
300 2.8 1070.2957142857144 769.6687872094658 2512.911 0.884 28.32331266846362 371
310 13.1 646.262297709924 563.6493043811635 2512.911 0.731 101.4441829573935 399
320 18 609.6253277777778 447.72382781651896 2512.911 0.731 236.10677358490577 530
330 3 42.392366666666675 30.614171173367122 2512.911 0.731 330.80161830985924 710
340 0 0 0 2512.911 0.731 319.10935135135145 740
350 0 0 0 2512.911 0.731 319.10935135135145 740
360 0 0 0 2512.911 0.731 319.10935135135145 740
361 0 0 0 2512.911 0.731 319.10935135135145 740
