10 0.1 22.405 0 22.405 22.405 0 0
20 0.2 21.942 0.15899999999999892 22.405 21.783 22.405 1
30 0.1 21.126 0.0 22.405 21.126 22.096333333333334 3
40 0 0 0 22.405 21.126 21.85375 4
50 0.3 21.287000000000003 0.4182853890188696 22.405 20.785 21.85375 4
60 0.6 22.86616666666667 2.973230813815541 29.404 20.462 21.610857142857146 7
70 0.2 21.345 0.1620000000000017 29.404 20.462 22.19023076923077 13
80 0.1 21.581 0.0 29.404 20.462 22.077533333333335 15
90 0.4 21.637999999999998 1.5547822998735217 29.404 20.112 22.0465 16
100 0.8 21.859625 1.4899087167927434 29.404 20.112 21.964800000000004 20
110 1.5 21.160733333333337 0.8388111799180755 29.404 19.706 21.93475 28
120 0.3 21.340000000000003 0.796174603965738 29.404 19.706 21.664744186046512 43
130 0.1 32.83 0.0 32.83 19.706 21.643565217391306 46
140 0.3 22.438333333333333 1.5657861355313587 32.83 19.706 21.881574468085105 47
150 1.1 23.844818181818184 5.330818508160088 39.259 19.706 21.91498 50
160 2.5 22.12288 2.3839785958770685 39.259 19.706 22.262983606557377 61
170 0.8 22.437250000000006 1.9284968077494973 39.259 19.706 22.22225581395349 86
180 0 0 0 39.259 19.706 22.24055319148936 94
190 0.7 45.65528571428571 44.71925015571925 149.793 19.706 22.24055319148936 94
200 4.2 24.146999999999995 5.15170048208772 149.793 19.706 23.863356435643563 101
210 3.1 24.313870967741927 7.435005927680285 149.793 19.706 23.946664335664334 143
220 0.4 21.12925 0.12320181613921155 149.793 19.706 24.012086206896548 174
230 0.1 28.291 0.0 149.793 19.706 23.94730337078651 178
240 0.1 25.817 0.0 149.793 19.706 23.97156983240223 179
250 3.4 386.93597058823536 350.9178527774141 1437.542 19.706 23.981822222222217 180
260 10.1 52.089297029702955 63.1542354788788 1437.542 19.706 81.64743457943925 214
270 4.5 24.75626666666667 5.7727706592627115 1437.542 19.706 72.17006349206349 315
280 1 22.059 0.4315493019343215 1437.542 19.706 66.24333888888889 360
290 0.1 22.346 0.0 1437.542 19.706 65.04916756756757 370
300 0.5 1207.4532 1473.5208553722473 3971.622 0.934 64.93406469002696 371
310 7 1901.7216714285714 1599.3809160850485 5925.768 0.704 80.12713829787234 376
320 18.9 1367.171941798942 756.1781873646005 5925.768 0.704 366.0276255605381 446
330 9.8 199.91368367346936 96.20591116301564 5925.768 0.704 664.0060125984253 635
340 0.7 88.72585714285715 45.7810170686141 5925.768 0.704 601.9581978171897 733
350 0 0 0 5925.768 0.704 597.1032972972973 740
360 0 0 0 5925.768 0.704 597.1032972972973 740
361 0 0 0 5925.768 0.704 597.1032972972973 740
