0 4.3 89.61302325581396 81.46842866982087 325.876 6.662 0 0
10 7.2 163.59411111111112 111.99975503216707 431.626 6.662 89.61302325581396 43
20 11.6 269.68319827586214 221.95340230782912 821.441 6.662 135.93161739130434 115
30 7.3 458.3928219178082 387.3361791422665 1645.979 6.662 203.09691341991342 231
40 0 0 0 1645.979 6.662 264.4015230263158 304
50 0 0 0 1645.979 6.662 264.4015230263158 304
60 0.4 60011.91075 9.363498020904467 60023.189 6.662 264.4015230263158 304
70 1.7 60001.80188235295 1.8992551754425313 60023.189 6.662 1040.3432012987014 308
80 1.7 60001.802 1.9135555141896718 60023.189 6.662 4124.48104 325
90 3.2 59791.75740625001 645.1696486872127 60023.189 6.662 6902.00869005848 342
100 0.9 60002.64199999999 2.65475749049193 60023.189 6.662 11427.334783422462 374
110 0 0 0 60023.189 6.662 12568.791088772849 383
120 0 0 0 60023.189 6.662 12568.791088772849 383
130 0 0 0 60023.189 6.662 12568.791088772849 383
140 0 0 0 60023.189 6.662 12568.791088772849 383
150 0.3 52915.090000000004 1538.943009731248 60023.189 6.662 12568.791088772849 383
160 0.1 60007.302 0.0 60023.189 6.662 12882.363360103629 386
170 0 0 0 60023.189 6.662 13004.133227390184 387
180 0 0 0 60023.189 6.662 13004.133227390184 387
190 0 0 0 60023.189 6.662 13004.133227390184 387
200 1.1 14389.374454545457 23398.359316479306 60023.189 6.662 13004.133227390184 387
210 0 0 0 60023.189 6.662 13042.418788944728 398
218 0.1 21.311 0.0 60023.189 6.662 13042.418788944728 398
