10 0.1 433 0 433 433 0 0
20 0.1 519.0 0.0 519 433 433.0 1
30 0.1 898.0 0.0 898 433 476.0 2
40 0.1 385.0 0.0 898 385 616.6666666666666 3
50 0.1 7.0 0.0 898 7 558.75 4
60 0.1 0.0 0.0 898 0 448.4 5
70 0.1 10.0 0.0 898 0 373.6666666666667 6
80 0.1 33.0 0.0 898 0 321.7142857142857 7
90 0.1 40.0 0.0 898 0 285.625 8
100 0.1 74.0 0.0 898 0 258.3333333333333 9
110 0.1 10.0 0.0 898 0 239.9 10
120 0.1 12.0 0.0 898 0 219.0 11
130 0.1 0.0 0.0 898 0 201.75 12
140 0.1 1.0 0.0 898 0 186.23076923076923 13
150 0.1 27.0 0.0 898 0 173.0 14
160 0.1 5.0 0.0 898 0 163.26666666666668 15
170 0.1 0.0 0.0 898 0 153.375 16
180 0.1 0.0 0.0 898 0 144.35294117647058 17
190 0.1 1.0 0.0 898 0 136.33333333333334 18
200 0.1 0.0 0.0 898 0 129.21052631578948 19
210 0.1 281.0 0.0 898 0 122.75 20
218 0.1 0.0 0.0 898 0 130.28571428571428 21
