0 0.5 77.1774 25.266681733856547 109.769 52.409 0 0
10 1.9 232.09521052631575 84.16658215116207 431.772 52.409 77.1774 5
20 2 352.8260999999999 164.35333930617293 710.952 52.409 199.82066666666663 24
30 2.7 761.5684444444443 360.6408941705014 1646.119 52.409 269.36859090909087 44
40 0 0 0 1646.119 52.409 456.54318309859144 71
50 0 0 0 1646.119 52.409 456.54318309859144 71
60 0 0 0 1646.119 52.409 456.54318309859144 71
70 0 0 0 1646.119 52.409 456.54318309859144 71
80 0 0 0 1646.119 52.409 456.54318309859144 71
90 0.1 58096.738 0.0 58096.738 52.409 456.54318309859144 71
100 0.3 60003.073333333334 1.625034426984253 60005.354 52.409 1257.1014444444443 72
110 0 0 0 60005.354 52.409 3606.9403199999997 75
120 0 0 0 60005.354 52.409 3606.9403199999997 75
130 0 0 0 60005.354 52.409 3606.9403199999997 75
140 0 0 0 60005.354 52.409 3606.9403199999997 75
150 0.3 52915.24133333333 1538.9189209410044 60005.354 52.409 3606.9403199999997 75
160 0 0 0 60005.354 52.409 5503.413435897435 78
170 0 0 0 60005.354 52.409 5503.413435897435 78
180 0 0 0 60005.354 52.409 5503.413435897435 78
190 0 0 0 60005.354 52.409 5503.413435897435 78
200 0 0 0 60005.354 52.409 5503.413435897435 78
210 0 0 0 60005.354 52.409 5503.413435897435 78
218 0 0 0 60005.354 52.409 5503.413435897435 78
