0 4.8 48
10 5.1 99
20 2.1 120
30 1.3 133
40 0.9 142
50 2.1 163
60 13.7 300
70 9.6 396
80 4.7 443
90 1.6 459
100 1 469
110 4.9 518
120 16.6 684
130 16.6 850
140 6.9 919
150 1.9 938
160 1.5 953
170 1.7 970
180 0.9 979
190 0.3 982
200 1.2 994
210 1.5 1009
220 0.7 1016
230 0.5 1021
240 2.2 1043
250 20 1243
260 34.3 1586
270 25 1836
280 1 1846
290 3.7 1883
300 9.1 1974
310 7 2044
320 4.6 2090
330 1.5 2105
340 0.7 2112
350 0.1 2113
360 0.3 2116
370 1.3 2129
380 0.2 2131
390 0 2131
400 0 2131
410 0 2131
420 0 2131
430 0 2131
440 0 2131
450 0 2131
460 0.3 2134
470 11.4 2248
480 36.5 2613
490 33.8 2951
500 2.6 2977
510 1.3 2990
520 0.6 2996
530 2.8 3024
540 2.4 3048
550 1 3058
560 6.2 3120
570 0.9 3129
580 0.1 3130
590 1.6 3146
600 0.7 3153
610 0.7 3160
620 1.7 3177
630 1.5 3192
640 1.5 3207
650 0.1 3208
660 0 3208
670 0 3208
680 3.8 3246
690 0.2 3248
700 18.3 3431
710 42.8 3859
720 28.2 4141
730 0.4 4145
740 0.1 4146
750 1.2 4158
760 0.3 4161
770 1.9 4180
780 3.2 4212
790 3.7 4249
800 0.1 4250
810 0.2 4252
820 0.2 4254
830 0.2 4256
840 0.6 4262
850 0.5 4267
860 0.2 4269
870 0.1 4270
880 0 4270
890 0.2 4272
900 0.1 4273
910 0.2 4275
920 0.6 4281
930 1.3 4294
940 0 4294
950 0 4294
960 1.2 4306
962 0.3 4309
