480 24.9 249
490 75.4 1003
500 71.2 1715
510 21.3 1928
520 4.1 1969
530 0.3 1972
540 0 1972
550 2.4 1996
560 0.4 2000
570 0 2000
580 0 2000
590 0 2000
600 0 2000
610 0 2000
620 0 2000
630 0 2000
640 0 2000
650 0 2000
660 0 2000
670 0 2000
680 0 2000
690 0 2000
700 0 2000
710 140.4 3404
720 269.4 6098
730 129.8 7396
740 23.2 7628
750 2.9 7657
760 2.2 7679
770 0.2 7681
780 3.9 7720
790 0 7720
800 0 7720
810 0 7720
820 0 7720
830 0 7720
840 0 7720
850 0.9 7729
860 0 7729
870 0 7729
880 0 7729
890 0 7729
900 0 7729
910 0 7729
920 0 7729
930 0 7729
940 0 7729
950 0 7729
960 0 7729
962 0 7729
