0 2.5 5.4016399999999996 15.240545512231511 73.353 0.761 0 0
10 0.5 84.1734 99.38700836145539 222.514 0.761 5.4016399999999996 25
20 0 0 0 222.514 0.761 18.530266666666666 30
30 0 0 0 222.514 0.761 18.530266666666666 30
40 0 0 0 222.514 0.761 18.530266666666666 30
50 1.1 0.8486363636363637 0.07520671237846303 222.514 0.72 18.530266666666666 30
60 4.9 2.017836734693877 5.620377525074703 222.514 0.639 13.786414634146343 41
70 0 0 0 222.514 0.639 7.379077777777777 90
80 0 0 0 222.514 0.639 7.379077777777777 90
90 0 0 0 222.514 0.639 7.379077777777777 90
100 0 0 0 222.514 0.639 7.379077777777777 90
110 2.9 3.240241379310344 7.1288753799681 222.514 0.639 7.379077777777777 90
120 6.4 10.208656249999997 30.266466638126694 222.514 0.639 6.370453781512604 119
130 1.3 53.36507692307692 78.97521409760985 248.631 0.639 7.712775956284151 183
140 0 0 0 248.631 0.639 10.740734693877549 196
150 0 0 0 248.631 0.639 10.740734693877549 196
160 0 0 0 248.631 0.639 10.740734693877549 196
170 0 0 0 248.631 0.639 10.740734693877549 196
180 0 0 0 248.631 0.639 10.740734693877549 196
190 0 0 0 248.631 0.639 10.740734693877549 196
200 0 0 0 248.631 0.639 10.740734693877549 196
210 0 0 0 248.631 0.639 10.740734693877549 196
220 0 0 0 248.631 0.639 10.740734693877549 196
230 0 0 0 248.631 0.639 10.740734693877549 196
240 0 0 0 248.631 0.639 10.740734693877549 196
250 13.5 8.77656296296297 28.85210390521196 248.631 0.56 10.740734693877549 196
260 9.9 3.023030303030302 6.626516613834538 248.631 0.547 9.93963746223565 331
270 0 0 0 248.631 0.547 8.347209302325581 430
280 0 0 0 248.631 0.547 8.347209302325581 430
290 0 0 0 248.631 0.547 8.347209302325581 430
300 0 0 0 248.631 0.547 8.347209302325581 430
310 0 0 0 248.631 0.547 8.347209302325581 430
320 0.1 7.059 0.0 248.631 0.547 8.347209302325581 430
330 0 0 0 248.631 0.547 8.34422041763341 431
340 0 0 0 248.631 0.547 8.34422041763341 431
350 0 0 0 248.631 0.547 8.34422041763341 431
360 0.1 0.89 0.0 248.631 0.547 8.34422041763341 431
370 0.5 0.8454 0.03784494682252837 248.631 0.547 8.326965277777777 432
380 1.1 1.8304545454545453 3.110253347284996 248.631 0.547 8.241363844393591 437
390 1.5 1.0132666666666668 0.7043422905251553 248.631 0.547 8.083953124999999 448
400 2 2.50345 6.933782456026436 248.631 0.547 7.8548812095032385 463
410 0.6 0.8463333333333333 0.030499544623194354 248.631 0.547 7.633289855072463 483
420 0.1 0.869 0.0 248.631 0.547 7.550014314928424 489
430 0.2 0.8755 0.01949999999999999 248.631 0.547 7.536379591836734 490
440 0.1 0.881 0.0 248.631 0.547 7.509302845528455 492
450 0 0 0 248.631 0.547 7.495858012170385 493
460 0 0 0 248.631 0.547 7.495858012170385 493
470 9.9 2.839171717171718 6.205678435860265 248.631 0.547 7.495858012170385 493
480 32.3 6.820842105263158 27.57552564442608 248.631 0.472 6.7171216216216205 592
490 6.5 10.51912307692308 33.906460953406096 248.631 0.472 6.753735519125683 915
500 3.4 1.6787058823529417 1.6759646130163504 248.631 0.472 7.003480612244898 980
510 1.3 3.081769230769231 7.861565435750803 248.631 0.472 6.824937869822485 1014
520 0.4 4.85875 6.833790140727178 248.631 0.472 6.777555988315482 1027
530 0 0 0 248.631 0.472 6.770111542192047 1031
540 0 0 0 248.631 0.472 6.770111542192047 1031
550 1 10.5426 13.080925886190167 248.631 0.472 6.770111542192047 1031
560 1.2 1.3943333333333336 1.769090412864444 248.631 0.472 6.806350624399617 1041
570 0.2 0.8255 0.023499999999999965 248.631 0.472 6.744675213675214 1053
580 0.1 0.862 0.0 248.631 0.472 6.73345402843602 1055
590 0 0 0 248.631 0.472 6.72789393939394 1056
600 0 0 0 248.631 0.472 6.72789393939394 1056
610 0 0 0 248.631 0.472 6.72789393939394 1056
620 2.6 3.342538461538461 5.331342306303568 248.631 0.472 6.72789393939394 1056
630 1.1 0.8787272727272726 0.0566762591135604 248.631 0.472 6.64654528650647 1082
640 0 0 0 248.631 0.472 6.588497712717292 1093
650 0 0 0 248.631 0.472 6.588497712717292 1093
660 0 0 0 248.631 0.472 6.588497712717292 1093
670 0 0 0 248.631 0.472 6.588497712717292 1093
680 0 0 0 248.631 0.472 6.588497712717292 1093
690 0 0 0 248.631 0.472 6.588497712717292 1093
700 22.2 2.0221126126126134 4.720614661737991 248.631 0.472 6.588497712717292 1093
710 59.1 2.1545752961082862 5.46188663821667 248.631 0.472 5.817594676806084 1315
720 17.5 4.141302857142856 19.580892456378933 248.631 0.472 4.681789611752359 1906
730 9.8 15.373714285714293 44.26211775714012 248.631 0.472 4.636337818356557 2081
740 1.5 2.1916000000000007 4.935119165059071 248.631 0.472 5.119248737953188 2179
750 0.3 0.8656666666666667 0.03362869145371095 248.631 0.472 5.099232907930719 2194
760 0.1 10.189 0.0 248.631 0.472 5.093451979972689 2197
770 0.2 1.263 0.4589999999999999 248.631 0.472 5.095770245677888 2198
780 1.8 20.36605555555555 48.876140031571666 248.631 0.472 5.092285909090908 2200
790 0.3 71.32333333333334 96.46328023081576 248.631 0.472 5.216238954012622 2218
800 0 0 0 248.631 0.472 5.305532642953623 2221
810 0 0 0 248.631 0.472 5.305532642953623 2221
820 0 0 0 248.631 0.472 5.305532642953623 2221
830 0.2 6.183 5.2219999999999995 248.631 0.472 5.305532642953623 2221
840 0.6 0.9654999999999999 0.22530035508183294 248.631 0.472 5.306322087269454 2223
850 4 12.652599999999998 32.101593690812294 248.631 0.472 5.294637505607894 2229
860 0.2 0.8 0.012999999999999928 248.631 0.472 5.424350374614366 2269
870 0 0 0 248.631 0.472 5.420277851166885 2271
880 0 0 0 248.631 0.472 5.420277851166885 2271
890 0 0 0 248.631 0.472 5.420277851166885 2271
900 0 0 0 248.631 0.472 5.420277851166885 2271
910 0 0 0 248.631 0.472 5.420277851166885 2271
920 0.6 1.7269999999999996 2.0184825158189175 248.631 0.472 5.420277851166885 2271
930 0 0 0 248.631 0.472 5.410545893719805 2277
940 0.1 0.864 0.0 248.631 0.472 5.410545893719805 2277
950 0 0 0 248.631 0.472 5.4085500438981535 2278
960 0 0 0 248.631 0.472 5.4085500438981535 2278
962 0 0 0 248.631 0.472 5.4085500438981535 2278
