0 0.1 5.637295881402219 0 5.637295881402219 5.637295881402219 0 0
10 0.1 0.5499999999999999 0.0 5.637295881402219 0.5499999999999999 5.637295881402219 1
20 0.1 0.7992007992007992 0.0 5.637295881402219 0.5499999999999999 3.0936479407011093 2
30 0.1 0.845771144278607 0.0 5.637295881402219 0.5499999999999999 2.328832226867673 3
40 0.1 0.4497751124437781 0.0 5.637295881402219 0.4497751124437781 1.9580669562204063 4
50 0.1 0.24975024975024976 0.0 5.637295881402219 0.24975024975024976 1.6564085874650807 5
60 0.1 0.2997002997002997 0.0 5.637295881402219 0.24975024975024976 1.4219655311792756 6
70 0.1 0.4495504495504496 0.0 5.637295881402219 0.24975024975024976 1.261641926682279 7
80 0.1 0.6490264603095357 0.0 5.637295881402219 0.24975024975024976 1.1601304920408002 8
90 0.1 0.6986027944111777 0.0 5.637295881402219 0.24975024975024976 1.103341155181771 9
100 0.1 0.5489021956087825 0.0 5.637295881402219 0.24975024975024976 1.0628673191047115 10
110 0.1 0.29985007496251875 0.0 5.637295881402219 0.24975024975024976 1.016143216968718 11
120 0.1 0.400200100050025 0.0 5.637295881402219 0.24975024975024976 0.9564521218015347 12
130 0.1 0.7984031936127743 0.0 5.637295881402219 0.24975024975024976 0.9136635047437263 13
140 0.1 0.6009013520280421 0.0 5.637295881402219 0.24975024975024976 0.9054306253772297 14
150 0.1 0.44932601098352476 0.0 5.637295881402219 0.24975024975024976 0.8851286738206172 15
160 0.1 0.3 0.0 5.637295881402219 0.24975024975024976 0.8578910073932989 16
170 0.1 0.44999999999999996 0.0 5.637295881402219 0.24975024975024976 0.8250738893113402 17
180 0.1 0.75 0.0 5.637295881402219 0.24975024975024976 0.8042364510162657 18
190 0.1 0.35000000000000003 0.0 5.637295881402219 0.24975024975024976 0.8013819009627781 19
200 0.1 0.2001000500250125 0.0 5.637295881402219 0.2001000500250125 0.7788128059146391 20
210 0.1 0.6996501749125438 0.0 5.637295881402219 0.2001000500250125 0.7512550556341807 21
220 0.1 0.4008016032064128 0.0 5.637295881402219 0.2001000500250125 0.7489093792377427 22
230 0.1 0.24975024975024976 0.0 5.637295881402219 0.2001000500250125 0.7337742585407284 23
240 0.1 0.1 0.0 5.637295881402219 0.1 0.7136065915077917 24
250 0.1 0.39980009995002497 0.0 5.637295881402219 0.1 0.6890623278474801 25
260 0.1 1.3493253373313343 0.0 5.637295881402219 0.1 0.6779368575437318 26
270 0.1 1.3916500994035785 0.0 5.637295881402219 0.1 0.7028030975358652 27
280 0.1 0.897308075772682 0.0 5.637295881402219 0.1 0.7274047761739978 28
290 0.1 0.1500750375187594 0.0 5.637295881402219 0.1 0.733263510642918 29
300 0.1 0.25012506253126565 0.0 5.637295881402219 0.1 0.7138238948721126 30
310 0.1 0.3498250874562719 0.0 5.637295881402219 0.1 0.6988658680224079 31
320 0.1 0.897308075772682 0.0 5.637295881402219 0.1 0.6879583436297161 32
330 0.1 0.3001500750375188 0.0 5.637295881402219 0.1 0.6943022749067757 33
340 0.1 0.3 0.0 5.637295881402219 0.1 0.6827095631459151 34
350 0.1 0.2 0.0 5.637295881402219 0.1 0.671775004198889 35
360 0.1 0.15 0.0 5.637295881402219 0.1 0.658670142971142 36
370 0.1 0.1998001998001998 0.0 5.637295881402219 0.1 0.6449223012692192 37
380 0.1 0.10010010010010009 0.0 5.637295881402219 0.1 0.6332085617568767 38
390 0.1 0.24975024975024976 0.0 5.637295881402219 0.1 0.6195391140220875 39
400 0.1 0.4992511233150275 0.0 5.637295881402219 0.1 0.6102943924152916 40
410 0.1 0.24987506246876562 0.0 5.637295881402219 0.1 0.6075860199982119 41
420 0.1 0.05002501250625312 0.0 5.637295881402219 0.05002501250625312 0.5990690924379871 42
430 0.1 0.0998502246630055 0.0 5.637295881402219 0.05002501250625312 0.5863006254628305 43
440 0.1 0.35000000000000003 0.0 5.637295881402219 0.05002501250625312 0.5752449345355617 44
450 0.1 0.15 0.0 5.637295881402219 0.05002501250625312 0.5702394915458826 45
460 0.1 0.29925187032418954 0.0 5.637295881402219 0.05002501250625312 0.5611038504253199 46
470 0.1 0.15 0.0 5.637295881402219 0.05002501250625312 0.5555325316997639 47
480 0.1 1.14598903836572 0.0 5.637295881402219 0.05002501250625312 0.5470839372893521 48
490 0.1 5.792832596956308 0.0 5.792832596956308 0.05002501250625312 0.5593064903725433 49
500 0.1 5.943025540275049 0.0 5.943025540275049 0.05002501250625312 0.6639770125042186 50
510 0.1 2.9925187032418954 0.0 5.943025540275049 0.05002501250625312 0.7674877679507055 51
520 0.1 0.7496251874062968 0.0 5.943025540275049 0.05002501250625312 0.8102768243986131 52
530 0.1 0.5491762356465303 0.0 5.943025540275049 0.05002501250625312 0.8091324538893241 53
540 0.1 0.49975012493753124 0.0 5.943025540275049 0.05002501250625312 0.8043184498477908 54
550 0.1 0.5994005994005994 0.0 5.943025540275049 0.05002501250625312 0.7987808439403316 55
560 0.1 1.05 0.0 5.943025540275049 0.05002501250625312 0.7952204824306934 56
570 0.1 1.245019920318725 0.0 5.943025540275049 0.05002501250625312 0.7996902985284006 57
580 0.1 0.2997002997002997 0.0 5.943025540275049 0.05002501250625312 0.80736839545582 58
590 0.1 0.0 0.0 5.943025540275049 0.0 0.7987638514599636 59
600 0.1 0.39920159680638717 0.0 5.943025540275049 0.0 0.7854511206022976 60
610 0.1 0.050075112669003496 0.0 5.943025540275049 0.0 0.7791191611958073 61
620 0.1 0.399400898652022 0.0 5.943025540275049 0.0 0.7673603862195685 62
630 0.1 1.0983524712930606 0.0 5.943025540275049 0.0 0.7615197594327819 63
640 0.1 0.5480817140009965 0.0 5.943025540275049 0.0 0.7667827705555988 64
650 0.1 0.29985007496251875 0.0 5.943025540275049 0.0 0.7634181389162972 65
660 0.1 0.04997501249375312 0.0 5.943025540275049 0.0 0.756394380371543 66
670 0.1 0.1 0.0 5.943025540275049 0.0 0.7458508077166507 67
680 0.1 0.1 0.0 5.943025540275049 0.0 0.7363530017208175 68
690 0.1 0.6982543640897756 0.0 5.943025540275049 0.0 0.7271304944495014 69
700 0.1 0.14992503748125938 0.0 5.943025540275049 0.0 0.7267179783015053 70
710 0.1 2.139303482587065 0.0 5.943025540275049 0.0 0.7185941340646005 71
720 0.1 10.247524752475247 0.0 10.247524752475247 0.0 0.7383262083496347 72
730 0.1 10.977443609022556 0.0 10.977443609022556 0.0 0.8685892021047801 73
740 0.1 4.230960676953709 0.0 10.977443609022556 0.0 1.005195342738804 74
750 0.1 1.0479041916167664 0.0 10.977443609022556 0.0 1.048205547195003 75
760 0.1 0.35000000000000003 0.0 10.977443609022556 0.0 1.048201581990026 76
770 0.1 0.25012506253126565 0.0 10.977443609022556 0.0 1.0391340289771684 77
780 0.1 0.49975012493753124 0.0 10.977443609022556 0.0 1.0290185294073493 78
790 0.1 2.0367610531544957 0.0 10.977443609022556 0.0 1.0223189293507693 79
800 0.1 0.6982543640897756 0.0 10.977443609022556 0.0 1.034999455898316 80
810 0.1 0.14985014985014986 0.0 10.977443609022556 0.0 1.0308421090858648 81
820 0.1 0.1 0.0 10.977443609022556 0.0 1.0200983047049414 82
830 0.1 0.05002501250625312 0.0 10.977443609022556 0.0 1.0090127829615083 83
840 0.1 0.1 0.0 10.977443609022556 0.0 0.9975962618846601 84
850 0.1 0.7984031936127743 0.0 10.977443609022556 0.0 0.9870363058624876 85
860 0.1 1.0967098703888334 0.0 10.977443609022556 0.0 0.9848428975805141 86
870 0.1 0.2 0.0 10.977443609022556 0.0 0.986128724854173 87
880 0.1 0.09995002498750624 0.0 10.977443609022556 0.0 0.9771954438899211 88
890 0.1 0.1 0.0 10.977443609022556 0.0 0.967338753789894 89
900 0.1 0.0 0.0 10.977443609022556 0.0 0.9577016565255617 90
910 0.1 0.14992503748125938 0.0 10.977443609022556 0.0 0.9471774624978083 91
920 0.1 0.3498250874562719 0.0 10.977443609022556 0.0 0.9385116752693675 92
930 0.1 0.10010010010010009 0.0 10.977443609022556 0.0 0.9321817119595492 93
940 0.1 0.1998001998001998 0.0 10.977443609022556 0.0 0.9233297799184913 94
950 0.1 0.0 0.0 10.977443609022556 0.0 0.9157136790751408 95
960 0.1 0.04992511233150275 0.0 10.977443609022556 0.0 0.906174994918108 96
962 0.1 0.4 0.0 10.977443609022556 0.0 0.8973476765409266 97
