0 0.1 0.03125 0 0.03125 0.03125 0 0
10 0.1 0.01953125 0.0 0.03125 0.01953125 0.03125 1
20 0.1 0.01953125 0.0 0.03125 0.01953125 0.025390625 2
30 0.1 0.01953125 0.0 0.03125 0.01953125 0.0234375 3
40 0.1 0.01171875 0.0 0.03125 0.01171875 0.0224609375 4
50 0.1 0.01171875 0.0 0.03125 0.01171875 0.0203125 5
60 0.1 0.01171875 0.0 0.03125 0.01171875 0.018880208333333332 6
70 0.1 0.01171875 0.0 0.03125 0.01171875 0.017857142857142856 7
80 0.1 0.01171875 0.0 0.03125 0.01171875 0.01708984375 8
90 0.1 0.0 0.0 0.03125 0.0 0.016493055555555556 9
100 0.1 0.0 0.0 0.03125 0.0 0.01484375 10
110 0.1 0.0 0.0 0.03125 0.0 0.013494318181818182 11
120 0.1 0.0 0.0 0.03125 0.0 0.012369791666666666 12
130 0.1 0.0 0.0 0.03125 0.0 0.01141826923076923 13
140 0.1 0.0 0.0 0.03125 0.0 0.010602678571428572 14
150 0.1 0.0 0.0 0.03125 0.0 0.009895833333333333 15
160 0.1 0.0 0.0 0.03125 0.0 0.00927734375 16
170 0.1 0.0 0.0 0.03125 0.0 0.008731617647058824 17
180 0.1 0.0 0.0 0.03125 0.0 0.008246527777777778 18
190 0.1 0.0 0.0 0.03125 0.0 0.0078125 19
200 0.1 0.0 0.0 0.03125 0.0 0.007421875 20
210 0.1 0.0 0.0 0.03125 0.0 0.007068452380952381 21
220 0.1 0.0 0.0 0.03125 0.0 0.006747159090909091 22
230 0.1 0.0 0.0 0.03125 0.0 0.006453804347826087 23
240 0.1 0.0 0.0 0.03125 0.0 0.006184895833333333 24
250 0.1 0.0 0.0 0.03125 0.0 0.0059375 25
260 0.1 0.0 0.0 0.03125 0.0 0.005709134615384615 26
270 0.1 0.0 0.0 0.03125 0.0 0.005497685185185185 27
280 0.1 0.0 0.0 0.03125 0.0 0.005301339285714286 28
290 0.1 0.0 0.0 0.03125 0.0 0.0051185344827586205 29
300 0.1 0.0 0.0 0.03125 0.0 0.0049479166666666664 30
310 0.1 0.0 0.0 0.03125 0.0 0.004788306451612903 31
320 0.1 0.0 0.0 0.03125 0.0 0.004638671875 32
330 0.1 0.0 0.0 0.03125 0.0 0.004498106060606061 33
340 0.1 0.0 0.0 0.03125 0.0 0.004365808823529412 34
350 0.1 0.0 0.0 0.03125 0.0 0.004241071428571428 35
360 0.1 0.0 0.0 0.03125 0.0 0.004123263888888889 36
370 0.1 0.0 0.0 0.03125 0.0 0.004011824324324324 37
380 0.1 0.0 0.0 0.03125 0.0 0.00390625 38
390 0.1 0.0 0.0 0.03125 0.0 0.0038060897435897435 39
400 0.1 0.0 0.0 0.03125 0.0 0.0037109375 40
410 0.1 0.0 0.0 0.03125 0.0 0.003620426829268293 41
420 0.1 0.0 0.0 0.03125 0.0 0.0035342261904761905 42
430 0.1 0.078125 0.0 0.078125 0.0 0.0034520348837209303 43
440 0.1 0.0703125 0.0 0.078125 0.0 0.005149147727272727 44
450 0.1 0.05859375 0.0 0.078125 0.0 0.006597222222222222 45
460 0.1 0.05078125 0.0 0.078125 0.0 0.00772758152173913 46
470 0.1 0.0390625 0.0 0.078125 0.0 0.008643617021276596 47
480 0.1 0.03125 0.0 0.078125 0.0 0.00927734375 48
490 0.1 0.109375 0.0 0.109375 0.0 0.00972576530612245 49
500 0.1 0.08984375 0.0 0.109375 0.0 0.01171875 50
510 0.1 0.078125 0.0 0.109375 0.0 0.013250612745098039 51
520 0.1 0.05859375 0.0 0.109375 0.0 0.014498197115384616 52
530 0.1 0.05078125 0.0 0.109375 0.0 0.015330188679245283 53
540 0.1 0.05078125 0.0 0.109375 0.0 0.015986689814814815 54
550 0.1 0.0390625 0.0 0.109375 0.0 0.016619318181818183 55
560 0.1 0.03125 0.0 0.109375 0.0 0.017020089285714288 56
570 0.1 0.03125 0.0 0.109375 0.0 0.017269736842105265 57
580 0.1 0.01953125 0.0 0.109375 0.0 0.017510775862068964 58
590 0.1 0.01953125 0.0 0.109375 0.0 0.017545021186440676 59
600 0.1 0.01953125 0.0 0.109375 0.0 0.017578125 60
610 0.1 0.01171875 0.0 0.109375 0.0 0.01761014344262295 61
620 0.1 0.01171875 0.0 0.109375 0.0 0.017515120967741934 62
630 0.1 0.01171875 0.0 0.109375 0.0 0.01742311507936508 63
640 0.1 0.01171875 0.0 0.109375 0.0 0.017333984375 64
650 0.1 0.0 0.0 0.109375 0.0 0.017247596153846155 65
660 0.1 0.0 0.0 0.109375 0.0 0.01698626893939394 66
670 0.1 0.0 0.0 0.109375 0.0 0.01673274253731343 67
680 0.1 0.0 0.0 0.109375 0.0 0.016486672794117647 68
690 0.1 0.0 0.0 0.109375 0.0 0.016247735507246376 69
700 0.1 0.0 0.0 0.109375 0.0 0.016015625 70
710 0.1 0.0 0.0 0.109375 0.0 0.01579005281690141 71
720 0.1 0.0 0.0 0.109375 0.0 0.015570746527777778 72
730 0.1 0.0 0.0 0.109375 0.0 0.015357448630136987 73
740 0.1 0.0 0.0 0.109375 0.0 0.015149915540540541 74
750 0.1 0.0 0.0 0.109375 0.0 0.014947916666666667 75
760 0.1 0.0 0.0 0.109375 0.0 0.014751233552631578 76
770 0.1 0.0 0.0 0.109375 0.0 0.01455965909090909 77
780 0.1 0.0 0.0 0.109375 0.0 0.014372996794871794 78
790 0.1 0.0 0.0 0.109375 0.0 0.014191060126582278 79
800 0.1 0.0 0.0 0.109375 0.0 0.014013671875 80
810 0.1 0.0 0.0 0.109375 0.0 0.013840663580246914 81
820 0.1 0.0 0.0 0.109375 0.0 0.013671875 82
830 0.1 0.0 0.0 0.109375 0.0 0.013507153614457831 83
840 0.1 0.0 0.0 0.109375 0.0 0.013346354166666666 84
850 0.1 0.0 0.0 0.109375 0.0 0.013189338235294118 85
860 0.1 0.0 0.0 0.109375 0.0 0.013035973837209303 86
870 0.1 0.0 0.0 0.109375 0.0 0.012886135057471264 87
880 0.1 0.0 0.0 0.109375 0.0 0.012739701704545454 88
890 0.1 0.0 0.0 0.109375 0.0 0.012596558988764045 89
900 0.1 0.0 0.0 0.109375 0.0 0.012456597222222223 90
910 0.1 0.0 0.0 0.109375 0.0 0.012319711538461538 91
920 0.1 0.0 0.0 0.109375 0.0 0.012185801630434782 92
930 0.1 0.0 0.0 0.109375 0.0 0.012054771505376344 93
940 0.1 0.0 0.0 0.109375 0.0 0.01192652925531915 94
950 0.1 0.0 0.0 0.109375 0.0 0.011800986842105263 95
960 0.1 0.0 0.0 0.109375 0.0 0.011678059895833334 96
962 0.1 0.0 0.0 0.109375 0.0 0.011557667525773196 97
