10 0.1 472 0 472 472 0 0
20 0.1 473.0 0.0 473 472 472.0 1
30 0.1 390.0 0.0 473 390 472.5 2
40 0.1 389.0 0.0 473 389 445.0 3
50 0.1 453.0 0.0 473 389 431.0 4
60 0.1 334.0 0.0 473 334 435.4 5
70 0.1 950.0 0.0 950 334 418.5 6
80 0.1 743.0 0.0 950 334 494.42857142857144 7
90 0.1 601.0 0.0 950 334 525.5 8
100 0.1 399.0 0.0 950 334 533.8888888888889 9
110 0.1 319.0 0.0 950 319 520.4 10
120 0.1 715.0 0.0 950 319 502.09090909090907 11
130 0.1 1332.0 0.0 1332 319 519.8333333333334 12
140 0.1 1174.0 0.0 1332 319 582.3076923076923 13
150 0.1 495.0 0.0 1332 319 624.5714285714286 14
160 0.1 296.0 0.0 1332 296 615.9333333333333 15
170 0.1 366.0 0.0 1332 296 595.9375 16
180 0.1 679.0 0.0 1332 296 582.4117647058823 17
190 0.1 265.0 0.0 1332 265 587.7777777777778 18
200 0.1 162.0 0.0 1332 162 570.7894736842105 19
210 0.1 557.0 0.0 1332 162 550.35 20
220 0.1 485.0 0.0 1332 162 550.6666666666666 21
230 0.1 273.0 0.0 1332 162 547.6818181818181 22
240 0.1 153.0 0.0 1332 153 535.7391304347825 23
250 0.1 1015.0 0.0 1332 153 519.7916666666666 24
260 0.1 1970.0 0.0 1970 153 539.6 25
270 0.1 2310.0 0.0 2310 153 594.6153846153846 26
280 0.1 1718.0 0.0 2310 153 658.1481481481482 27
290 0.1 77.0 0.0 2310 77 696.0 28
300 0.1 447.0 0.0 2310 77 674.6551724137931 29
310 0.1 726.0 0.0 2310 77 667.0666666666667 30
320 0.1 1005.0 0.0 2310 77 668.9677419354839 31
330 0.1 448.0 0.0 2310 77 679.46875 32
340 0.1 285.0 0.0 2310 77 672.4545454545455 33
350 0.1 120.0 0.0 2310 77 661.0588235294117 34
360 0.1 25.0 0.0 2310 25 645.6 35
370 0.1 38.0 0.0 2310 25 628.3611111111111 36
380 0.1 137.0 0.0 2310 25 612.4054054054054 37
390 0.1 111.0 0.0 2310 25 599.8947368421053 38
400 0.1 188.0 0.0 2310 25 587.3589743589745 39
410 0.1 96.0 0.0 2310 25 577.3750000000001 40
420 0.1 28.0 0.0 2310 25 565.6341463414635 41
430 0.1 7.0 0.0 2310 7 552.8333333333334 42
440 0.1 28.0 0.0 2310 7 540.1395348837209 43
450 0.1 48.0 0.0 2310 7 528.5 44
460 0.1 38.0 0.0 2310 7 517.8222222222222 45
470 0.1 141.0 0.0 2310 7 507.39130434782606 46
480 0.1 1620.0 0.0 2310 7 499.59574468085106 47
490 0.1 3648.0 0.0 3648 7 522.9375 48
500 0.1 3462.0 0.0 3648 7 586.7142857142857 49
510 0.1 1207.0 0.0 3648 7 644.2199999999999 50
520 0.1 493.0 0.0 3648 7 655.2549019607843 51
530 0.1 204.0 0.0 3648 7 652.1346153846154 52
540 0.1 350.0 0.0 3648 7 643.6792452830189 53
550 0.1 275.0 0.0 3648 7 638.2407407407408 54
560 0.1 420.0 0.0 3648 7 631.6363636363636 55
570 0.1 561.0 0.0 3648 7 627.8571428571429 56
580 0.1 68.0 0.0 3648 7 626.6842105263158 57
590 0.1 34.0 0.0 3648 7 617.051724137931 58
600 0.1 174.0 0.0 3648 7 607.1694915254237 59
610 0.1 69.0 0.0 3648 7 599.95 60
620 0.1 86.0 0.0 3648 7 591.2459016393443 61
630 0.1 465.0 0.0 3648 7 583.0967741935484 62
640 0.1 141.0 0.0 3648 7 581.2222222222222 63
650 0.1 86.0 0.0 3648 7 574.34375 64
660 0.1 1.0 0.0 3648 1 566.8307692307692 65
670 0.1 0.0 0.0 3648 0 558.2575757575758 66
680 0.1 83.0 0.0 3648 0 549.9253731343283 67
690 0.1 1081.0 0.0 3648 0 543.0588235294117 68
700 0.1 87.0 0.0 3648 0 550.8550724637681 69
710 0.1 2185.0 0.0 3648 0 544.2285714285714 70
720 0.1 7046.0 0.0 7046 0 567.3380281690141 71
730 0.1 5342.0 0.0 7046 0 657.3194444444446 72
740 0.1 1788.0 0.0 7046 0 721.4931506849316 73
750 0.1 347.0 0.0 7046 0 735.9054054054055 74
760 0.1 188.0 0.0 7046 0 730.7200000000001 75
770 0.1 110.0 0.0 7046 0 723.5789473684212 76
780 0.1 290.0 0.0 7046 0 715.6103896103897 77
790 0.1 772.0 0.0 7046 0 710.1538461538463 78
800 0.1 193.0 0.0 7046 0 710.9367088607597 79
810 0.1 16.0 0.0 7046 0 704.4625000000002 80
820 0.1 5.0 0.0 7046 0 695.9629629629632 81
830 0.1 13.0 0.0 7046 0 687.5365853658539 82
840 0.1 33.0 0.0 7046 0 679.409638554217 83
850 0.1 287.0 0.0 7046 0 671.7142857142859 84
860 0.1 394.0 0.0 7046 0 667.1882352941178 85
870 0.1 31.0 0.0 7046 0 664.011627906977 86
880 0.1 13.0 0.0 7046 0 656.7356321839083 87
890 0.1 7.0 0.0 7046 0 649.4204545454547 88
900 0.1 24.0 0.0 7046 0 642.2022471910115 89
910 0.1 48.0 0.0 7046 0 635.3333333333336 90
920 0.1 123.0 0.0 7046 0 628.8791208791212 91
930 0.1 154.0 0.0 7046 0 623.380434782609 92
940 0.1 79.0 0.0 7046 0 618.3333333333336 93
950 0.1 6.0 0.0 7046 0 612.5957446808513 94
960 0.1 0.0 0.0 7046 0 606.2105263157898 95
962 0.1 445.0 0.0 7046 0 599.8958333333337 96
