10 0.6 10459.883666666667 2606.934074368694 15830.78 7561.102 0 0
20 0.9 18510.34022222222 3046.738297085691 25470.371 7561.102 10459.883666666667 6
30 0.2 26867.7685 2037.262499999998 28905.031 7561.102 15290.157599999999 15
40 0.7 42282.328285714284 3541.910462432737 48288.452 7561.102 16652.229470588234 17
50 0.6 43366.68633333334 2032.2925937611014 48288.452 7561.102 24127.674958333333 24
60 0.2 7662.125 2245.75 48288.452 5416.375 27975.477233333335 30
70 2.6 14253.422499999999 3564.698326516816 48288.452 5416.375 26705.89271875 32
80 1.3 20803.1 3228.95059027921 48288.452 5416.375 21123.750896551726 58
90 0.6 31078.3585 4336.808744952514 48288.452 5416.375 21065.040169014086 71
100 0.4 41891.6515 3990.5758415662567 48701.433 5416.375 21845.298740259743 77
110 0.9 48895.905333333336 3029.8982972463677 54278.341 5416.375 22835.242086419756 81
120 0.1 10943.053 0.0 54278.341 5416.375 25441.308411111113 90
130 3 14632.058533333331 3865.0696617687736 54278.341 5416.375 25281.986923076925 91
140 2.3 19647.894 4485.526892956772 54278.341 5416.375 22641.508809917355 121
150 1.1 27206.079727272725 3991.704873698869 54278.341 5416.375 22163.362 144
160 0.3 34795.52766666666 3658.8751927994085 54278.341 5416.375 22521.23229032258 155
170 0.1 59483.756 0.0 59483.756 5416.375 22754.28853164557 158
180 0 0 0 59483.756 5416.375 22985.291471698114 159
190 0 0 0 59483.756 5416.375 22985.291471698114 159
200 0 0 0 59483.756 5416.375 22985.291471698114 159
210 0.1 97192.37 0.0 97192.37 5416.375 22985.291471698114 159
220 0.4 106099.109 3874.7659439217186 111380.91 5416.375 23449.0857125 160
230 0.5 114445.356 5910.785294963534 122454.475 5416.375 25464.939939024393 164
240 2.3 121058.82452173914 3967.1036160958056 129555.289 5416.375 28097.496627218938 169
250 0.4 122246.41750000001 1675.4188637210223 129555.289 5416.375 39233.48903125001 192
260 0.6 13976.1795 2737.6478138366488 129555.289 5416.375 40927.630428571436 196
270 3.7 19847.083729729733 2848.7064754609914 129555.289 5416.375 40127.09228217822 202
280 0.4 24718.0435 5146.09413211469 129555.289 5416.375 36987.50936820084 239
290 0.7 39738.21228571429 3029.7160791918027 129555.289 5416.375 36785.54285185185 243
300 3.4 45616.925617647066 3093.2087856061953 129555.289 5416.375 36868.217596 250
310 2.8 54636.806749999996 4389.925577895988 129555.289 5416.375 37915.59813380282 284
320 3.4 64408.890852941186 4685.4150865780075 129555.289 5416.375 39416.2194198718 312
330 1 71534.03340000001 2593.1922120752706 129555.289 5416.375 41872.14667052023 346
340 0.1 82837.865 0.0 129555.289 5416.375 42705.34573595506 356
350 0 0 0 129555.289 5416.375 42817.76175630252 357
360 0 0 0 129555.289 5416.375 42817.76175630252 357
370 0.8 112274.54662500002 2220.5467791322258 129555.289 5416.375 42817.76175630252 357
380 0.3 126883.94466666668 7917.814621707619 137027.529 5416.375 44340.10224657534 365
390 0 0 0 137027.529 5416.375 45013.01400543479 368
400 0 0 0 137027.529 5416.375 45013.01400543479 368
410 0 0 0 137027.529 5416.375 45013.01400543479 368
420 0.1 176323.907 0.0 176323.907 5416.375 45013.01400543479 368
430 0.5 184423.71719999998 2669.9021659033388 188258.555 5416.375 45368.87008401084 369
440 1.1 192363.16627272728 3130.344093585352 196809.505 5416.375 47227.89210427807 374
450 1.5 199127.1873333333 3049.2494299705636 205643.955 5416.375 51374.61422337662 385
460 2.3 202542.04178260866 4540.969919543622 209852.857 5416.375 56915.335714999994 400
470 0.7 208853.74114285715 2640.7880235114026 212946.402 5416.375 64833.572687943255 423
480 0 0 0 212946.402 5416.375 67178.08705813953 430
490 3.3 16021.935030303031 3702.3902685670046 212946.402 5313.097 67178.08705813953 430
500 14.4 21121.952034722224 4779.392409581711 212946.402 5313.097 63531.968231101506 463
510 8.2 28758.576939024395 4733.655788619741 212946.402 5313.097 53470.942971993405 607
520 1.7 39840.42070588233 3869.9524484430494 212946.402 5313.097 50529.84861103047 689
530 0.5 50988.6588 6785.128811481603 212946.402 5313.097 50272.45445467422 706
540 0.8 61920.854374999995 6051.441201198256 212946.402 5313.097 50277.49105344585 711
550 2 75355.64685000002 4551.120958453061 212946.402 5313.097 50407.041688456186 719
560 3.1 80549.26829032261 4997.873244694198 212946.402 5313.097 51082.24074560216 739
570 0.5 89883.66339999999 4588.6961446147025 212946.402 5313.097 52268.57562077922 770
580 0.1 99434.809 0.0 212946.402 5313.097 52511.25360645162 775
590 0.9 111377.4508888889 3572.2490035341484 212946.402 5313.097 52571.72210567011 776
600 0.4 117518.99975 3161.3251564976085 212946.402 5313.097 53245.927913375795 785
610 1.4 131954.95828571427 4086.6034579648363 212946.402 5313.097 53571.77365145754 789
620 2.4 139876.84887499994 5065.900381047318 212946.402 5313.097 54938.354703611454 803
630 1.6 148998.90512500002 4181.5807181152295 212946.402 5313.097 57403.31704957678 827
640 1.8 156539.8477222222 3475.6953627913826 212946.402 5313.097 59141.78609964412 843
650 0 0 0 212946.402 5313.097 61177.98250987224 861
660 0 0 0 212946.402 5313.097 61177.98250987224 861
670 0 0 0 212946.402 5313.097 61177.98250987224 861
680 3.7 202217.62891891898 4131.78699131876 212946.402 5313.097 61177.98250987224 861
690 0.2 206379.7045 3598.7755000000107 212946.402 5313.097 66989.19288530067 898
700 0.1 212032.371 0.0 212946.402 5313.097 67298.94957777778 900
710 1.2 10528.655166666666 2142.1923480955147 212946.402 5305.044 67459.58600554938 901
720 22.4 14890.918687499998 3782.3049219523978 212946.402 5305.044 66711.31528258488 913
730 35.8 19703.8402067039 4537.880978637922 212946.402 5305.044 56502.195812664904 1137
740 11.3 27450.032929203535 4515.816798987718 212946.402 5305.044 47690.28189498328 1495
750 0.9 38074.49666666667 5135.472560886917 212946.402 5305.044 46267.92609079602 1608
760 0.6 50447.79266666667 6176.182232325474 212946.402 5305.044 46222.322587507726 1617
770 0.1 64610.329 0.0 212946.402 5305.044 46237.94354898336 1623
780 2.5 71972.91488 4053.0567461795445 212946.402 5305.044 46249.256594211816 1624
790 1.5 80505.48646666667 5440.748861887435 212946.402 5305.044 46639.2453493026 1649
800 0.1 88030.624 0.0 212946.402 5305.044 46944.52997475961 1664
810 0.2 94356.5575 4025.280499999997 212946.402 5305.044 46969.2063075075 1665
820 0.1 118047.101 0.0 212946.402 5305.044 47026.05975824834 1667
830 0.1 131666.256 0.0 212946.402 5305.044 47068.63832014387 1668
840 2 133987.68435 3854.1240407818877 212946.402 5305.044 47119.32592810065 1669
850 2.2 140554.6997727272 3875.334553395327 212946.402 5305.044 48147.96249911189 1689
860 0.4 146543.65749999997 4621.976293334739 212946.402 5305.044 49336.12627469315 1711
870 0.1 157909.068 0.0 212946.402 5305.044 49562.84937959182 1715
880 0.1 161804.238 0.0 212946.402 5305.044 49625.98820163169 1716
890 0.3 184515.89666666664 5044.964394128346 212946.402 5305.044 49691.32206872451 1717
900 0.7 190252.1372857143 4606.240773697678 212946.402 5305.044 49926.48121046511 1720
910 4.6 201890.05482608694 3939.6918258877836 212946.402 5305.044 50495.25920266357 1727
920 1.6 210321.602625 3876.2786836029168 219014.017 5305.044 54423.15576142131 1773
930 1.5 215953.0511333333 3697.7139735467235 223512.664 5305.044 55817.440361654546 1789
940 0 0 0 223512.664 5305.044 57148.9448858093 1804
950 0.1 231953.371 0.0 231953.371 5305.044 57148.9448858093 1804
960 1 246546.39080000002 2767.064597517904 251059.507 5305.044 57245.78944321329 1805
962 0.1 249594.766 0.0 251059.507 5305.044 58288.767963085396 1815
