0 29.659375 29.659375
10 47.18046875 76.83984375
20 18.80703125 95.646875
30 11.14921875 106.79609375
40 3.796875 110.59296875
50 1.81796875 112.4109375
60 93.1671875 205.578125
70 78.134375 283.7125
80 33.25625 316.96875
90 8.446875 325.415625
100 8.09140625 333.50703125
110 13.18046875 346.6875
120 121.53828125 468.22578125
130 140.38046875 608.60625
140 44.8375 653.44375
150 15.74296875 669.18671875
160 11.4265625 680.61328125
170 16.3734375 696.98671875
180 6.7125 703.69921875
190 3.9 707.59921875
200 6.44765625 714.046875
210 18.50625 732.553125
220 5.22109375 737.77421875
230 0 737.77421875
240 0 737.77421875
250 108.11328125 845.8875
260 271.0703125 1116.9578125
270 226.47421875 1343.43203125
280 21.42109375 1364.853125
290 14.60234375 1379.45546875
300 42.41875 1421.87421875
310 42.7140625 1464.58828125
320 30.84296875 1495.43125
330 22.040625 1517.471875
340 10.5109375 1527.9828125
350 3.07265625 1531.05546875
360 5.015625 1536.07109375
370 9.44609375 1545.5171875
380 7.63828125 1553.15546875
390 9.83828125 1562.99375
400 10.0578125 1573.0515625
410 2.6578125 1575.709375
420 0.53984375 1576.24921875
430 1.0765625 1577.32578125
440 0.5421875 1577.86796875
450 0 1577.86796875
460 0 1577.86796875
470 38.7703125 1616.63828125
480 298.95234375 1915.590625
490 550.3578125 2465.9484375
500 286.928125 2752.8765625
510 92.95625 2845.8328125
520 19.15 2864.9828125
530 18.12421875 2883.10703125
540 14.38203125 2897.4890625
550 33.65859375 2931.14765625
560 57.16875 2988.31640625
570 8.78828125 2997.1046875
580 1.1421875 2998.246875
590 5.1890625 3003.4359375
600 4.84140625 3008.27734375
610 2.7484375 3011.02578125
620 27.890625 3038.91640625
630 14.625 3053.54140625
640 3.9875 3057.52890625
650 0 3057.52890625
660 0 3057.52890625
670 0 3057.52890625
680 1.0671875 3058.59609375
690 1.41328125 3060.009375
700 68.7890625 3128.7984375
710 607.25390625 3736.05234375
720 1005.30859375 4741.3609375
730 386.99921875 5128.36015625
740 68.29921875 5196.659375
750 20.3859375 5217.0453125
760 9.93515625 5226.98046875
770 12.9109375 5239.89140625
780 63.884375 5303.77578125
790 43.60390625 5347.3796875
800 0.7625 5348.1421875
810 0.78125 5348.9234375
820 0.6359375 5349.559375
830 1.86484375 5351.42421875
840 5.6 5357.02421875
850 41.64609375 5398.6703125
860 9.74921875 5408.41953125
870 1.3 5409.71953125
880 0.44453125 5410.1640625
890 1.29375 5411.4578125
900 1.6140625 5413.071875
910 2.7359375 5415.8078125
920 12.44296875 5428.25078125
930 3.30390625 5431.5546875
940 0.7796875 5432.334375
950 0.95078125 5433.28515625
960 3.8796875 5437.16484375
962 0 5437.16484375
