10 0.6 44.621 62.18878600680352 183.574 13.027 0 0
20 0 0 0 183.574 13.027 44.621 6
30 0 0 0 183.574 13.027 44.621 6
40 0 0 0 183.574 13.027 44.621 6
50 0 0 0 183.574 13.027 44.621 6
60 0.1 11.397 0.0 183.574 11.397 44.621 6
70 0.2 20.5625 1.2895000000000003 183.574 11.397 39.87471428571428 7
80 0 0 0 183.574 11.397 35.58311111111111 9
90 0 0 0 183.574 11.397 35.58311111111111 9
100 0 0 0 183.574 11.397 35.58311111111111 9
110 0 0 0 183.574 11.397 35.58311111111111 9
120 0.2 272.78900000000004 253.93 526.719 11.397 35.58311111111111 9
130 0.6 51.54866666666666 46.027157015058926 526.719 9.792 78.71145454545454 11
140 0.4 87.21449999999999 115.4978830812496 526.719 9.792 69.12458823529411 17
150 0 0 0 526.719 9.792 72.5702857142857 21
160 0 0 0 526.719 9.792 72.5702857142857 21
170 0 0 0 526.719 9.792 72.5702857142857 21
180 0 0 0 526.719 9.792 72.5702857142857 21
190 0 0 0 526.719 9.792 72.5702857142857 21
200 0 0 0 526.719 9.792 72.5702857142857 21
210 0 0 0 526.719 9.792 72.5702857142857 21
220 0 0 0 526.719 9.792 72.5702857142857 21
230 0 0 0 526.719 9.792 72.5702857142857 21
240 0 0 0 526.719 9.792 72.5702857142857 21
250 0 0 0 526.719 9.792 72.5702857142857 21
260 0.6 1401.6815 398.1815627071608 1805.889 9.792 72.5702857142857 21
270 1.2 1053.2728333333337 659.5849558967409 2225.222 9.792 367.9283333333333 27
280 0.1 3433.716 0.0 3433.716 9.792 578.8035641025642 39
290 0.2 16944.522 1101.8740000000003 18046.396 9.792 650.1763750000001 40
300 0.5 16823.868199999997 5723.016801503045 22073.921 9.792 1426.0975952380952 42
310 0.2 5424.795 186.96200000000022 22073.921 9.792 3064.1582978723404 47
320 0 0 0 22073.921 9.792 3160.5108163265304 49
330 0 0 0 22073.921 9.792 3160.5108163265304 49
340 0 0 0 22073.921 9.792 3160.5108163265304 49
350 0 0 0 22073.921 9.792 3160.5108163265304 49
360 0 0 0 22073.921 9.792 3160.5108163265304 49
370 0 0 0 22073.921 9.792 3160.5108163265304 49
380 0 0 0 22073.921 9.792 3160.5108163265304 49
390 0 0 0 22073.921 9.792 3160.5108163265304 49
400 0 0 0 22073.921 9.792 3160.5108163265304 49
410 0 0 0 22073.921 9.792 3160.5108163265304 49
420 0 0 0 22073.921 9.792 3160.5108163265304 49
430 0 0 0 22073.921 9.792 3160.5108163265304 49
440 0 0 0 22073.921 9.792 3160.5108163265304 49
450 0 0 0 22073.921 9.792 3160.5108163265304 49
460 0 0 0 22073.921 9.792 3160.5108163265304 49
470 0 0 0 22073.921 9.792 3160.5108163265304 49
480 0.1 0.498 0.0 22073.921 0.498 3160.5108163265304 49
490 1.6 855.4534375000002 1146.1681245050268 22073.921 0.401 3097.31056 50
500 1.9 1470.151105263158 3138.6736323874115 22073.921 0.401 2553.8300454545456 66
510 0.4 0.567 0.04378926809162262 22073.921 0.401 2311.5959294117647 85
520 0.1 25398.751 0.0 25398.751 0.401 2207.7294606741575 89
530 0.2 16846.3095 16845.693499999998 33692.003 0.401 2465.407477777778 90
540 0.1 41762.756 0.0 41762.756 0.401 2778.0357826086956 92
550 0 0 0 41762.756 0.401 3197.226322580645 93
560 0.4 11580.578249999999 10566.638411222284 41762.756 0.401 3197.226322580645 93
570 0 0 0 41762.756 0.401 3542.9315567010312 97
580 0 0 0 41762.756 0.401 3542.9315567010312 97
590 0 0 0 41762.756 0.401 3542.9315567010312 97
600 0 0 0 41762.756 0.401 3542.9315567010312 97
610 0.1 45404.749 0.0 45404.749 0.401 3542.9315567010312 97
620 0 0 0 45404.749 0.401 3970.092959183674 98
630 0 0 0 45404.749 0.401 3970.092959183674 98
640 0 0 0 45404.749 0.401 3970.092959183674 98
650 0 0 0 45404.749 0.401 3970.092959183674 98
660 0 0 0 45404.749 0.401 3970.092959183674 98
670 0 0 0 45404.749 0.401 3970.092959183674 98
680 0 0 0 45404.749 0.401 3970.092959183674 98
690 0 0 0 45404.749 0.401 3970.092959183674 98
700 0 0 0 45404.749 0.401 3970.092959183674 98
710 0.9 400.38188888888885 748.7287043157362 45404.749 0.401 3970.092959183674 98
720 4.3 161.14769767441868 445.231239608872 45404.749 0.377 3669.8368878504675 107
730 2.6 358.2759615384615 1787.4152570040364 45404.749 0.377 2664.0126533333337 150
740 0.1 0.534 0.0 45404.749 0.377 2323.3924602272727 176
750 0 0 0 45404.749 0.377 2310.268966101695 177
760 0.1 0.626 0.0 45404.749 0.377 2310.268966101695 177
770 0.2 53260.2335 728.584499999999 53988.818 0.377 2297.2934438202246 178
780 0.2 28473.608 28472.936999999998 56946.545 0.377 2863.548333333333 180
790 0.1 5077.832 0.0 56946.545 0.377 3144.9775604395604 182
800 0 0 0 56946.545 0.377 3155.5396065573773 183
810 0 0 0 56946.545 0.377 3155.5396065573773 183
820 0 0 0 56946.545 0.377 3155.5396065573773 183
830 0.1 48413.807 0.0 56946.545 0.377 3155.5396065573773 183
840 0 0 0 56946.545 0.377 3401.508451086957 184
850 0.3 59811.14133333333 266.33890249371234 60000.926 0.377 3401.508451086957 184
860 0 0 0 60000.926 0.377 4306.475823529412 187
870 0 0 0 60000.926 0.377 4306.475823529412 187
880 0 0 0 60000.926 0.377 4306.475823529412 187
890 0 0 0 60000.926 0.377 4306.475823529412 187
900 0 0 0 60000.926 0.377 4306.475823529412 187
910 0.1 58786.999 0.0 60000.926 0.377 4306.475823529412 187
920 0 0 0 60000.926 0.377 4596.265840425532 188
930 0 0 0 60000.926 0.377 4596.265840425532 188
940 0 0 0 60000.926 0.377 4596.265840425532 188
950 0 0 0 60000.926 0.377 4596.265840425532 188
960 0 0 0 60000.926 0.377 4596.265840425532 188
962 0 0 0 60000.926 0.377 4596.265840425532 188
