0 0.1 1592.198 0 1592.198 1592.198 0 0
10 0.3 6467.283666666666 2759.3643184758253 8668.304 1592.198 1592.198 1
20 0.7 10444.043857142857 1166.7585049382908 12820.317 1592.198 5248.51225 4
30 0.2 13122.9585 228.89849999999979 13351.857 1592.198 8554.759636363637 11
40 0 0 0 13351.857 1592.198 9257.559461538462 13
50 0 0 0 13351.857 1592.198 9257.559461538462 13
60 0.1 2004.524 0.0 13351.857 1592.198 9257.559461538462 13
70 0.3 5120.527999999999 2790.046705968319 13351.857 1592.198 8739.4855 14
80 0.8 12737.291000000001 1128.4578457568757 13912.94 1592.198 8100.845941176471 17
90 0.2 14370.981 1335.1930000000007 15706.174 1592.198 9584.50836 25
100 0 0 0 15706.174 1592.198 9939.061888888888 27
110 0 0 0 15706.174 1592.198 9939.061888888888 27
120 0.1 1372.071 0.0 15706.174 1372.071 9939.061888888888 27
130 0.2 10283.627 2174.8969999999995 15706.174 1372.071 9633.097928571427 28
140 0.3 20633.042333333335 1938.972324652475 22358.519 1372.071 9676.466533333332 30
150 0.1 31873.788 0.0 31873.788 1372.071 10672.51887878788 33
160 1.1 34804.49836363637 2405.675999870128 38053.996 1372.071 11296.085617647059 34
170 1.5 38157.339133333335 1977.7235342933009 42072.344 1372.071 17042.586511111116 45
180 0.5 37901.437000000005 2748.4698286033267 42072.344 1372.071 22321.274666666675 60
190 0 0 0 42072.344 1372.071 23519.7486923077 65
200 0 0 0 42072.344 1372.071 23519.7486923077 65
210 0 0 0 42072.344 1372.071 23519.7486923077 65
220 0 0 0 42072.344 1372.071 23519.7486923077 65
230 0 0 0 42072.344 1372.071 23519.7486923077 65
240 0 0 0 42072.344 1372.071 23519.7486923077 65
250 0 0 0 42072.344 1372.071 23519.7486923077 65
260 0.1 8169.161 0.0 42072.344 1372.071 23519.7486923077 65
270 0 0 0 42072.344 1372.071 23287.16403030304 66
280 0 0 0 42072.344 1372.071 23287.16403030304 66
290 0.2 39283.194 1396.4519999999993 42072.344 1372.071 23287.16403030304 66
300 0.2 44585.9865 2988.9815000000017 47574.968 1372.071 23757.635500000008 68
310 1.2 52362.27966666666 2304.653010539704 55695.316 1372.071 24352.731242857153 70
320 1.6 58519.034999999996 1750.0957838434183 60008.257 1372.071 28451.689548780494 82
330 2.3 60003.26595652174 2.513595475709803 60012.936 1372.071 33360.64390816327 98
340 0.4 60003.166 0.9735460954672958 60012.936 1372.071 38424.943966942155 121
350 0.1 60004.315 0.0 60012.936 1372.071 39115.447072 125
360 0.2 60002.567500000005 1.0445000000017899 60012.936 1372.071 39281.231738095245 126
370 0 0 0 60012.936 1372.071 39605.002609375006 128
380 0 0 0 60012.936 1372.071 39605.002609375006 128
390 0 0 0 60012.936 1372.071 39605.002609375006 128
400 0 0 0 60012.936 1372.071 39605.002609375006 128
410 0 0 0 60012.936 1372.071 39605.002609375006 128
420 0 0 0 60012.936 1372.071 39605.002609375006 128
430 0 0 0 60012.936 1372.071 39605.002609375006 128
440 0 0 0 60012.936 1372.071 39605.002609375006 128
450 0 0 0 60012.936 1372.071 39605.002609375006 128
460 0 0 0 60012.936 1372.071 39605.002609375006 128
470 0 0 0 60012.936 1372.071 39605.002609375006 128
480 0.6 1379.4546666666665 3083.0464032945115 60012.936 0.551 39605.002609375006 128
490 3.6 1.310888888888889 1.7182987028158887 60012.936 0.5 37893.41091044777 134
500 3.6 692.8328055555555 4094.2734235841585 60012.936 0.5 29869.20149411765 170
510 0.6 11606.041833333335 16441.864316097544 60012.936 0.5 24770.418616504856 206
520 0.5 16606.7238 20338.452595705803 60012.936 0.5 24397.84191509434 212
530 0.3 49628.90233333333 1511.3648870327625 60012.936 0.5 24218.32306451613 217
540 0.2 56550.0025 1967.4444999999996 60012.936 0.5 24564.830963636367 220
550 3.6 59952.519861111105 247.83689910023384 60012.936 0.5 24852.985662162166 222
560 0 0 0 60012.936 0.5 29750.59508527132 258
570 0 0 0 60012.936 0.5 29750.59508527132 258
580 0 0 0 60012.936 0.5 29750.59508527132 258
590 0.3 60004.048 2.0521846895459808 60012.936 0.5 29750.59508527132 258
600 0 0 0 60012.936 0.5 30098.33592337165 261
610 0 0 0 60012.936 0.5 30098.33592337165 261
620 0 0 0 60012.936 0.5 30098.33592337165 261
630 0 0 0 60012.936 0.5 30098.33592337165 261
640 0 0 0 60012.936 0.5 30098.33592337165 261
650 0 0 0 60012.936 0.5 30098.33592337165 261
660 0 0 0 60012.936 0.5 30098.33592337165 261
670 0 0 0 60012.936 0.5 30098.33592337165 261
680 0 0 0 60012.936 0.5 30098.33592337165 261
690 0 0 0 60012.936 0.5 30098.33592337165 261
700 0 0 0 60012.936 0.5 30098.33592337165 261
710 2.8 0.6682142857142858 0.15287514913971395 60012.936 0.5 30098.33592337165 261
720 13.7 0.8913868613138686 1.0325882387361773 60012.936 0.5 27182.29891349481 289
730 4.2 0.6843571428571426 0.09815168567763137 60012.936 0.5 18440.86034272301 426
740 0.2 0.8915 0.038500000000000006 60012.936 0.5 16785.97275427351 468
750 0.2 20799.709 20798.834 60012.936 0.5 16714.54687659575 470
760 0.3 15545.642999999998 21983.828204723777 60012.936 0.5 16731.856885593224 472
770 1.1 59481.9510909091 976.5919007911186 60012.936 0.5 16724.365008421057 475
780 3.9 55388.49623076923 15989.039809602273 60012.936 0.5 17692.12930246914 486
790 0 0 0 60012.936 0.5 20492.43084571429 525
800 0 0 0 60012.936 0.5 20492.43084571429 525
810 0.2 60006.2015 0.5645000000004075 60012.936 0.5 20492.43084571429 525
820 0 0 0 60012.936 0.5 20642.38822960152 527
830 0.1 60001.454 0.0 60012.936 0.5 20642.38822960152 527
840 0.1 60002.105 0.0 60012.936 0.5 20716.931914772733 528
850 0.4 60003.635500000004 0.7122859327553609 60012.936 0.5 20791.195001890366 529
860 0.1 60002.002 0.0 60012.936 0.5 21085.472228893064 533
870 0 0 0 60012.936 0.5 21158.34962546817 534
880 0 0 0 60012.936 0.5 21158.34962546817 534
890 0.1 60005.449 0.0 60012.936 0.5 21158.34962546817 534
900 0 0 0 60012.936 0.5 21230.96102616823 535
910 0.1 60001.261 0.0 60012.936 0.5 21230.96102616823 535
920 0 0 0 60012.936 0.5 21303.293675373137 536
930 0 0 0 60012.936 0.5 21303.293675373137 536
940 0 0 0 60012.936 0.5 21303.293675373137 536
950 0 0 0 60012.936 0.5 21303.293675373137 536
960 0 0 0 60012.936 0.5 21303.293675373137 536
962 0 0 0 60012.936 0.5 21303.293675373137 536
