10 0.6 7.074333333333333 1.9713035168526318 10.362 4.905 0 0
20 0 0 0 10.362 4.905 7.074333333333333 6
30 0 0 0 10.362 4.905 7.074333333333333 6
40 0 0 0 10.362 4.905 7.074333333333333 6
50 0 0 0 10.362 4.905 7.074333333333333 6
60 0 0 0 10.362 4.905 7.074333333333333 6
70 0.3 7.038 0.3180324930988446 10.362 4.905 7.074333333333333 6
80 0 0 0 10.362 4.905 7.062222222222222 9
90 0 0 0 10.362 4.905 7.062222222222222 9
100 0 0 0 10.362 4.905 7.062222222222222 9
110 0 0 0 10.362 4.905 7.062222222222222 9
120 0.1 177.487 0.0 177.487 4.905 7.062222222222222 9
130 0.6 6.305666666666667 0.6401272442951392 177.487 4.905 24.1047 10
140 0.5 5.4626 0.276310405160573 177.487 4.905 17.430062500000002 16
150 0 0 0 177.487 4.905 14.580666666666668 21
160 0 0 0 177.487 4.905 14.580666666666668 21
170 0 0 0 177.487 4.905 14.580666666666668 21
180 0 0 0 177.487 4.905 14.580666666666668 21
190 0 0 0 177.487 4.905 14.580666666666668 21
200 0 0 0 177.487 4.905 14.580666666666668 21
210 0 0 0 177.487 4.905 14.580666666666668 21
220 0 0 0 177.487 4.905 14.580666666666668 21
230 0 0 0 177.487 4.905 14.580666666666668 21
240 0 0 0 177.487 4.905 14.580666666666668 21
250 0 0 0 177.487 4.905 14.580666666666668 21
260 0.2 166.1945 47.9895 214.184 4.905 14.580666666666668 21
270 1.2 818.5514166666666 372.29434488485447 1424.526 4.905 27.76447826086957 23
280 0.2 3615.7415 158.53949999999986 3774.281 4.905 298.89142857142855 35
290 0.1 20824.087 0.0 20824.087 4.905 478.1806216216215 37
300 0.5 13833.918 6286.4345891718285 21679.638 4.905 1013.5992105263157 38
310 0.6 5167.886 761.065952053872 21679.638 4.905 2504.3339534883717 43
320 0 0 0 21679.638 4.905 2830.483183673469 49
330 0 0 0 21679.638 4.905 2830.483183673469 49
340 0 0 0 21679.638 4.905 2830.483183673469 49
350 0 0 0 21679.638 4.905 2830.483183673469 49
360 0 0 0 21679.638 4.905 2830.483183673469 49
370 0 0 0 21679.638 4.905 2830.483183673469 49
380 0 0 0 21679.638 4.905 2830.483183673469 49
390 0 0 0 21679.638 4.905 2830.483183673469 49
400 0 0 0 21679.638 4.905 2830.483183673469 49
410 0 0 0 21679.638 4.905 2830.483183673469 49
420 0 0 0 21679.638 4.905 2830.483183673469 49
430 0 0 0 21679.638 4.905 2830.483183673469 49
440 0 0 0 21679.638 4.905 2830.483183673469 49
450 0 0 0 21679.638 4.905 2830.483183673469 49
460 0 0 0 21679.638 4.905 2830.483183673469 49
470 0 0 0 21679.638 4.905 2830.483183673469 49
480 0 0 0 21679.638 4.905 2830.483183673469 49
490 1.3 1394.1014615384618 927.1787297011556 21679.638 0.514 2830.483183673469 49
500 1.7 512.6371176470587 2048.115971977945 21679.638 0.514 2529.3063709677417 62
510 0.8 0.7134999999999999 0.0466985010466075 21679.638 0.514 2095.3395696202533 79
520 0.1 0.662 0.0 21679.638 0.514 1902.7302758620692 87
530 0.1 0.738 0.0 21679.638 0.514 1881.1158636363639 88
540 0.2 36415.8635 1886.2545000000027 38302.118 0.514 1859.9880224719104 89
550 0 0 0 38302.118 0.514 2619.4578131868134 91
560 0.5 10725.202000000001 8927.444345622773 38302.118 0.514 2619.4578131868134 91
570 0 0 0 38302.118 0.514 3041.6319895833335 96
580 0 0 0 38302.118 0.514 3041.6319895833335 96
590 0 0 0 38302.118 0.514 3041.6319895833335 96
600 0 0 0 38302.118 0.514 3041.6319895833335 96
610 0.1 44235.352 0.0 44235.352 0.514 3041.6319895833335 96
620 0.1 12091.442 0.0 44235.352 0.514 3466.309515463918 97
630 0 0 0 44235.352 0.514 3554.3210714285715 98
640 0 0 0 44235.352 0.514 3554.3210714285715 98
650 0 0 0 44235.352 0.514 3554.3210714285715 98
660 0 0 0 44235.352 0.514 3554.3210714285715 98
670 0 0 0 44235.352 0.514 3554.3210714285715 98
680 0 0 0 44235.352 0.514 3554.3210714285715 98
690 0 0 0 44235.352 0.514 3554.3210714285715 98
700 0 0 0 44235.352 0.514 3554.3210714285715 98
710 0.8 236.76937499999997 624.803510866804 44235.352 0.483 3554.3210714285715 98
720 3.6 309.66944444444454 582.3983493175461 44235.352 0.47 3303.9398113207553 106
730 3 0.6527999999999999 0.25817182908546266 44235.352 0.467 2544.8290140845074 142
740 0.4 0.6647500000000001 0.07138758645590984 44235.352 0.467 2101.0773488372092 172
750 0 0 0 44235.352 0.467 2053.340698863636 176
760 0.1 0.638 0.0 44235.352 0.467 2053.340698863636 176
770 0 0 0 44235.352 0.467 2041.7435084745762 177
780 0.3 25191.276 22282.08961892849 56701.4 0.467 2041.7435084745762 177
790 0.2 5660.934 308.28099999999995 56701.4 0.467 2427.56905 180
800 0 0 0 56701.4 0.467 2463.100532967033 182
810 0 0 0 56701.4 0.467 2463.100532967033 182
820 0 0 0 56701.4 0.467 2463.100532967033 182
830 0 0 0 56701.4 0.467 2463.100532967033 182
840 0 0 0 56701.4 0.467 2463.100532967033 182
850 0.4 19827.255500000003 24497.783843398433 60003.158 0.467 2463.100532967033 182
860 0 0 0 60003.158 0.467 2836.523220430108 186
870 0 0 0 60003.158 0.467 2836.523220430108 186
880 0 0 0 60003.158 0.467 2836.523220430108 186
890 0 0 0 60003.158 0.467 2836.523220430108 186
900 0 0 0 60003.158 0.467 2836.523220430108 186
910 0.1 59998.32 0.0 60003.158 0.467 2836.523220430108 186
920 0.1 7918.697 0.0 60003.158 0.467 3142.201278074866 187
930 0 0 0 60003.158 0.467 3167.608170212766 188
940 0 0 0 60003.158 0.467 3167.608170212766 188
950 0 0 0 60003.158 0.467 3167.608170212766 188
960 0 0 0 60003.158 0.467 3167.608170212766 188
962 0 0 0 60003.158 0.467 3167.608170212766 188
