0 0.1 63.759 0 63.759 63.759 0 0
10 0.2 150.94899999999998 60.98299999999999 211.932 63.759 63.759 1
20 0.2 81.87549999999999 1.8375000000000021 211.932 63.759 121.88566666666667 3
30 0 0 0 211.932 63.759 105.88159999999998 5
40 0 0 0 211.932 63.759 105.88159999999998 5
50 0 0 0 211.932 63.759 105.88159999999998 5
60 0.5 288.8914 220.08189998325622 564.369 63.759 105.88159999999998 5
70 1.3 104.09338461538462 33.90304224728663 564.369 63.759 197.38649999999998 10
80 0.5 91.84840000000001 7.146390686213573 564.369 63.759 144.65560869565215 23
90 0 0 0 564.369 63.759 135.22574999999998 28
100 0 0 0 564.369 63.759 135.22574999999998 28
110 0 0 0 564.369 63.759 135.22574999999998 28
120 0.7 142.90400000000002 84.5635333394788 564.369 18.671 135.22574999999998 28
130 1.5 481.5453333333331 592.3189916904196 1756.879 18.671 136.76139999999998 35
140 0.4 144.23450000000003 17.289434700128286 1756.879 18.671 240.1965799999999 50
150 0.1 126.303 0.0 1756.879 18.671 233.08827777777768 54
160 0 0 0 1756.879 18.671 231.14672727272716 55
170 0 0 0 1756.879 18.671 231.14672727272716 55
180 0 0 0 1756.879 18.671 231.14672727272716 55
190 0 0 0 1756.879 18.671 231.14672727272716 55
200 0 0 0 1756.879 18.671 231.14672727272716 55
210 0 0 0 1756.879 18.671 231.14672727272716 55
220 0 0 0 1756.879 18.671 231.14672727272716 55
230 0 0 0 1756.879 18.671 231.14672727272716 55
240 0 0 0 1756.879 18.671 231.14672727272716 55
250 0 0 0 1756.879 18.671 231.14672727272716 55
260 1.9 2553.85194736842 851.0961563123341 3960.153 18.671 231.14672727272716 55
270 2.5 1483.0773599999998 978.1408413955884 3960.153 18.671 827.5169864864862 74
280 0 0 0 3960.153 18.671 993.0625353535349 99
290 0.4 17730.158 2529.4393211893826 20886.019 18.671 993.0625353535349 99
300 0.7 13550.082857142857 6781.615759604079 21395.954 18.671 1643.0468252427181 103
310 0.3 5306.441333333333 553.2443373949303 21395.954 18.671 2400.7673 110
320 0 0 0 21395.954 18.671 2477.9090884955754 113
330 0 0 0 21395.954 18.671 2477.9090884955754 113
340 0 0 0 21395.954 18.671 2477.9090884955754 113
350 0 0 0 21395.954 18.671 2477.9090884955754 113
360 0 0 0 21395.954 18.671 2477.9090884955754 113
370 0 0 0 21395.954 18.671 2477.9090884955754 113
380 0 0 0 21395.954 18.671 2477.9090884955754 113
390 0 0 0 21395.954 18.671 2477.9090884955754 113
400 0 0 0 21395.954 18.671 2477.9090884955754 113
410 0 0 0 21395.954 18.671 2477.9090884955754 113
420 0 0 0 21395.954 18.671 2477.9090884955754 113
430 0 0 0 21395.954 18.671 2477.9090884955754 113
440 0 0 0 21395.954 18.671 2477.9090884955754 113
450 0 0 0 21395.954 18.671 2477.9090884955754 113
460 0 0 0 21395.954 18.671 2477.9090884955754 113
470 0 0 0 21395.954 18.671 2477.9090884955754 113
480 0.4 2473.04025 2495.3848487424116 21395.954 0.478 2477.9090884955754 113
490 5.3 1993.305641509435 2130.4879276641764 21395.954 0.425 2477.742632478633 117
500 4.6 39.97139130434783 262.9627484837116 21395.954 0.407 2326.7122764705887 170
510 1.1 1730.3069999999998 5469.7031259754185 21395.954 0.407 1839.7211620370374 216
520 0.1 0.959 0.0 21395.954 0.407 1834.4191541850223 227
530 0.3 33326.242999999995 844.762725798593 34126.401 0.407 1826.3776622807018 228
540 0.4 40250.92575 1719.740648444899 41827.585 0.407 2235.4668225108226 231
550 0.1 37433.571 0.0 41827.585 0.407 2882.5384638297874 235
560 0.8 20300.999000000003 7217.383045651954 41827.585 0.407 3028.9411440677964 236
570 0.3 7974.0233333333335 2591.8782014498465 41827.585 0.407 3595.2381229508196 244
580 0 0 0 41827.585 0.407 3648.421748987854 247
590 0.1 27059.102 0.0 41827.585 0.407 3648.421748987854 247
600 0.3 34287.76466666668 379.3396674699601 41827.585 0.407 3742.8196532258057 248
610 0 0 0 41827.585 0.407 4107.898677290836 251
620 0.1 48297.083 0.0 48297.083 0.407 4107.898677290836 251
630 0 0 0 48297.083 0.407 4283.252583333333 252
640 0 0 0 48297.083 0.407 4283.252583333333 252
650 0 0 0 48297.083 0.407 4283.252583333333 252
660 0 0 0 48297.083 0.407 4283.252583333333 252
670 0 0 0 48297.083 0.407 4283.252583333333 252
680 0 0 0 48297.083 0.407 4283.252583333333 252
690 0 0 0 48297.083 0.407 4283.252583333333 252
700 0 0 0 48297.083 0.407 4283.252583333333 252
710 1.3 301.5234615384615 1040.9213269142217 48297.083 0.407 4283.252583333333 252
720 15.7 377.5000955414013 952.926045605473 48297.083 0.407 4087.9224754716975 265
730 6.7 141.39640298507467 1144.1351394470255 48297.083 0.407 2707.504670616113 422
740 0.4 0.6012500000000001 0.05913702309044643 48297.083 0.407 2355.911104294478 489
750 0.1 27791.984 0.0 48297.083 0.407 2336.801085192697 493
760 0.1 0.615 0.0 48297.083 0.407 2388.3297955465578 494
770 0.2 53323.643 794.8970000000027 54118.54 0.407 2383.506129292928 495
780 0.8 28289.453625000002 23988.0758769011 57014.108 0.407 2588.496619718309 497
790 0.6 6226.842166666666 1237.8338616606857 57014.108 0.407 2995.640493069306 505
800 0 0 0 57014.108 0.407 3033.5802387475533 511
810 0 0 0 57014.108 0.407 3033.5802387475533 511
820 0.1 37975.743 0.0 57014.108 0.407 3033.5802387475533 511
830 0 0 0 57014.108 0.407 3101.8266503906243 512
840 0.3 57034.24333333334 649.536269053717 57495.781 0.407 3101.8266503906243 512
850 0.4 52932.424 11353.757029652783 60007.562 0.407 3415.9960679611645 515
860 0 0 0 60007.562 0.407 3797.6255703275524 519
870 0 0 0 60007.562 0.407 3797.6255703275524 519
880 0 0 0 60007.562 0.407 3797.6255703275524 519
890 0 0 0 60007.562 0.407 3797.6255703275524 519
900 0 0 0 60007.562 0.407 3797.6255703275524 519
910 0.1 60003.16 0.0 60007.562 0.407 3797.6255703275524 519
920 0.1 59998.983 0.0 60007.562 0.407 3905.7131365384607 520
930 0 0 0 60007.562 0.407 4013.37776199616 521
940 0 0 0 60007.562 0.407 4013.37776199616 521
950 0 0 0 60007.562 0.407 4013.37776199616 521
960 0 0 0 60007.562 0.407 4013.37776199616 521
962 0 0 0 60007.562 0.407 4013.37776199616 521
