0 1.5 17.027399999999997 10.178220969632495 42.835 9.682 0 0
10 0.2 149.058 102.841 251.899 9.682 17.027399999999997 15
20 0 0 0 251.899 9.682 32.560411764705876 17
30 0 0 0 251.899 9.682 32.560411764705876 17
40 0 0 0 251.899 9.682 32.560411764705876 17
50 1 9.382700000000002 0.5172111851072053 251.899 8.465 32.560411764705876 17
60 3.1 26.355838709677414 40.050104946177 251.899 7.756 23.97607407407407 27
70 0 0 0 251.899 7.756 25.248017241379305 58
80 0 0 0 251.899 7.756 25.248017241379305 58
90 0 0 0 251.899 7.756 25.248017241379305 58
100 0 0 0 251.899 7.756 25.248017241379305 58
110 1.7 14.086647058823528 9.169486963268454 251.899 7.756 25.248017241379305 58
120 3.3 79.44448484848485 134.1177971746369 657.837 7.756 22.718106666666664 75
130 0.6 296.6145 215.91247296049542 657.837 7.756 40.05116666666667 108
140 0 0 0 657.837 7.756 53.5545 114
150 0 0 0 657.837 7.756 53.5545 114
160 0 0 0 657.837 7.756 53.5545 114
170 0 0 0 657.837 7.756 53.5545 114
180 0 0 0 657.837 7.756 53.5545 114
190 0 0 0 657.837 7.756 53.5545 114
200 0 0 0 657.837 7.756 53.5545 114
210 0 0 0 657.837 7.756 53.5545 114
220 0 0 0 657.837 7.756 53.5545 114
230 0 0 0 657.837 7.756 53.5545 114
240 0 0 0 657.837 7.756 53.5545 114
250 8 454.7124125 538.9552910540376 1849.815 7.694 53.5545 114
260 6.7 1051.9926865671641 430.4579172830695 2334.564 7.694 218.9804432989691 194
270 0 0 0 2334.564 7.694 432.81883524904214 261
280 0 0 0 2334.564 7.694 432.81883524904214 261
290 0 0 0 2334.564 7.694 432.81883524904214 261
300 0 0 0 2334.564 7.694 432.81883524904214 261
310 0 0 0 2334.564 7.694 432.81883524904214 261
320 0 0 0 2334.564 7.694 432.81883524904214 261
330 0 0 0 2334.564 7.694 432.81883524904214 261
340 0 0 0 2334.564 7.694 432.81883524904214 261
350 0 0 0 2334.564 7.694 432.81883524904214 261
360 0 0 0 2334.564 7.694 432.81883524904214 261
370 0 0 0 2334.564 7.694 432.81883524904214 261
380 0 0 0 2334.564 7.694 432.81883524904214 261
390 0 0 0 2334.564 7.694 432.81883524904214 261
400 0 0 0 2334.564 7.694 432.81883524904214 261
410 0 0 0 2334.564 7.694 432.81883524904214 261
420 0 0 0 2334.564 7.694 432.81883524904214 261
430 0 0 0 2334.564 7.694 432.81883524904214 261
440 0 0 0 2334.564 7.694 432.81883524904214 261
450 0 0 0 2334.564 7.694 432.81883524904214 261
460 0 0 0 2334.564 7.694 432.81883524904214 261
470 4.7 74.97231914893618 94.48349556361376 2334.564 7.353 432.81883524904214 261
480 18.1 1570.2235801104991 1270.4030071617572 4074.048 1.166 378.21238636363637 308
490 6.7 2571.615268656717 1330.6323630065312 4378.722 1.161 819.4271635991828 489
500 0 0 0 4378.722 1.161 1030.572133093526 556
510 0 0 0 4378.722 1.161 1030.572133093526 556
520 0 0 0 4378.722 1.161 1030.572133093526 556
530 0 0 0 4378.722 1.161 1030.572133093526 556
540 0 0 0 4378.722 1.161 1030.572133093526 556
550 0 0 0 4378.722 1.161 1030.572133093526 556
560 0 0 0 4378.722 1.161 1030.572133093526 556
570 0 0 0 4378.722 1.161 1030.572133093526 556
580 0 0 0 4378.722 1.161 1030.572133093526 556
590 0 0 0 4378.722 1.161 1030.572133093526 556
600 0 0 0 4378.722 1.161 1030.572133093526 556
610 0 0 0 4378.722 1.161 1030.572133093526 556
620 0 0 0 4378.722 1.161 1030.572133093526 556
630 0 0 0 4378.722 1.161 1030.572133093526 556
640 0 0 0 4378.722 1.161 1030.572133093526 556
650 0 0 0 4378.722 1.161 1030.572133093526 556
660 0 0 0 4378.722 1.161 1030.572133093526 556
670 0 0 0 4378.722 1.161 1030.572133093526 556
680 0 0 0 4378.722 1.161 1030.572133093526 556
690 0 0 0 4378.722 1.161 1030.572133093526 556
700 8.3 347.97736144578323 397.0694774492813 4378.722 1.161 1030.572133093526 556
710 37.7 1245.6138912466836 1506.3310603925543 5117.555 1.005 941.909588419406 639
720 8.7 1049.0021494252871 1094.6476295613838 5117.555 1.005 1054.6030157480316 1016
730 0 0 0 5117.555 1.005 1054.161242973708 1103
740 0 0 0 5117.555 1.005 1054.161242973708 1103
750 0 0 0 5117.555 1.005 1054.161242973708 1103
760 0 0 0 5117.555 1.005 1054.161242973708 1103
770 0 0 0 5117.555 1.005 1054.161242973708 1103
780 0 0 0 5117.555 1.005 1054.161242973708 1103
790 0 0 0 5117.555 1.005 1054.161242973708 1103
800 0 0 0 5117.555 1.005 1054.161242973708 1103
810 0 0 0 5117.555 1.005 1054.161242973708 1103
820 0 0 0 5117.555 1.005 1054.161242973708 1103
830 0 0 0 5117.555 1.005 1054.161242973708 1103
840 0 0 0 5117.555 1.005 1054.161242973708 1103
850 0 0 0 5117.555 1.005 1054.161242973708 1103
860 0 0 0 5117.555 1.005 1054.161242973708 1103
870 0 0 0 5117.555 1.005 1054.161242973708 1103
880 0 0 0 5117.555 1.005 1054.161242973708 1103
890 0 0 0 5117.555 1.005 1054.161242973708 1103
900 0 0 0 5117.555 1.005 1054.161242973708 1103
910 0 0 0 5117.555 1.005 1054.161242973708 1103
920 0 0 0 5117.555 1.005 1054.161242973708 1103
930 0 0 0 5117.555 1.005 1054.161242973708 1103
940 0 0 0 5117.555 1.005 1054.161242973708 1103
950 0 0 0 5117.555 1.005 1054.161242973708 1103
960 0 0 0 5117.555 1.005 1054.161242973708 1103
962 0 0 0 5117.555 1.005 1054.161242973708 1103
