0 0.1 32.824 0 32.824 32.824 0 0
10 0.3 33.330000000000005 4.091874142737041 39.089 29.96 32.824 1
20 0.7 39.357142857142854 7.869987700636087 54.96 29.96 33.203500000000005 4
30 0.2 39.7615 2.464500000000001 54.96 29.96 37.119454545454545 11
40 0 0 0 54.96 29.96 37.52592307692308 13
50 0 0 0 54.96 29.96 37.52592307692308 13
60 0.1 7.873 0.0 54.96 7.873 37.52592307692308 13
70 0.3 34.056000000000004 9.208308096496335 54.96 7.873 35.40785714285714 14
80 0.8 38.44625 4.806805559568641 54.96 7.873 35.169294117647055 17
90 0.2 34.1895 5.257500000000003 54.96 7.873 36.21791999999999 25
100 0 0 0 54.96 7.873 36.06766666666666 27
110 0 0 0 54.96 7.873 36.06766666666666 27
120 0.1 20.479 0.0 54.96 7.873 36.06766666666666 27
130 0.2 36.253 1.8969999999999985 54.96 7.873 35.51092857142857 28
140 0.3 38.80566666666667 0.8274790363239145 54.96 7.873 35.5604 30
150 0.1 28.307 0.0 54.96 7.873 35.85542424242424 33
160 1.1 51.59118181818182 11.253921222224415 65.945 7.873 35.63341176470588 34
170 1.5 48.82059999999999 15.720286909171431 86.911 7.873 39.534200000000006 45
180 0.5 53.89979999999999 22.113429344179067 96.628 7.873 41.8558 60
190 0 0 0 96.628 7.873 42.78226153846153 65
200 0 0 0 96.628 7.873 42.78226153846153 65
210 0 0 0 96.628 7.873 42.78226153846153 65
220 0 0 0 96.628 7.873 42.78226153846153 65
230 0 0 0 96.628 7.873 42.78226153846153 65
240 0 0 0 96.628 7.873 42.78226153846153 65
250 0 0 0 96.628 7.873 42.78226153846153 65
260 0.1 1289.929 0.0 1289.929 7.873 42.78226153846153 65
270 0 0 0 1289.929 7.873 61.67842424242424 66
280 0 0 0 1289.929 7.873 61.67842424242424 66
290 0 0 0 1289.929 7.873 61.67842424242424 66
300 0.3 7252.952999999999 2175.3532406376357 9996.545 7.873 61.67842424242424 66
310 0.7 4788.724142857143 626.5025136407054 9996.545 7.873 374.34253623188397 69
320 1.4 3774.081000000001 568.8030795263985 9996.545 7.873 780.9303157894736 76
330 2.7 3813.579296296297 1909.8562883016607 9996.545 7.873 1246.5315333333335 90
340 0.6 4768.543833333333 293.12431015436454 9996.545 7.873 1838.9271709401714 117
350 0.2 9622.325499999999 407.99750000000085 10030.323 7.873 1981.8353008130086 123
360 0 0 0 10030.323 7.873 2104.083144 125
370 0.3 8911.421666666667 6491.380441351559 18091.558 7.873 2104.083144 125
380 0 0 0 18091.558 7.873 2263.6301406250004 128
390 0 0 0 18091.558 7.873 2263.6301406250004 128
400 0 0 0 18091.558 7.873 2263.6301406250004 128
410 0 0 0 18091.558 7.873 2263.6301406250004 128
420 0 0 0 18091.558 7.873 2263.6301406250004 128
430 0 0 0 18091.558 7.873 2263.6301406250004 128
440 0 0 0 18091.558 7.873 2263.6301406250004 128
450 0 0 0 18091.558 7.873 2263.6301406250004 128
460 0 0 0 18091.558 7.873 2263.6301406250004 128
470 0 0 0 18091.558 7.873 2263.6301406250004 128
480 0.6 1.7418333333333333 1.8709841810008858 18091.558 0.543 2263.6301406250004 128
490 3.6 79.95650000000002 468.36683094762026 18091.558 0.483 2162.351559701493 134
500 3.6 1.0669444444444447 1.3889039632515279 18091.558 0.472 1721.3737823529416 170
510 0.4 0.53925 0.021878928218722213 18091.558 0.472 1420.7376359223304 206
520 0.3 0.5636666666666666 0.031201851796897485 18091.558 0.472 1393.6862380952382 210
530 0 0 0 18091.558 0.472 1374.0647934272301 213
540 0 0 0 18091.558 0.472 1374.0647934272301 213
550 1.6 4750.042 12565.069858054158 38435.274 0.472 1374.0647934272301 213
560 2.9 12621.678068965515 8739.475695492136 38435.274 0.472 1609.9409301310045 229
570 0 0 0 38435.274 0.472 2847.6943294573643 258
580 0 0 0 38435.274 0.472 2847.6943294573643 258
590 0 0 0 38435.274 0.472 2847.6943294573643 258
600 0 0 0 38435.274 0.472 2847.6943294573643 258
610 0 0 0 38435.274 0.472 2847.6943294573643 258
620 0.3 32186.013333333336 607.2054724090978 38435.274 0.472 2847.6943294573643 258
630 0 0 0 38435.274 0.472 3184.91638697318 261
640 0 0 0 38435.274 0.472 3184.91638697318 261
650 0 0 0 38435.274 0.472 3184.91638697318 261
660 0 0 0 38435.274 0.472 3184.91638697318 261
670 0 0 0 38435.274 0.472 3184.91638697318 261
680 0 0 0 38435.274 0.472 3184.91638697318 261
690 0 0 0 38435.274 0.472 3184.91638697318 261
700 0 0 0 38435.274 0.472 3184.91638697318 261
710 2.8 0.5409642857142857 0.07049796458199403 38435.274 0.463 3184.91638697318 261
720 13.6 14.151323529411771 151.64765762275673 38435.274 0.441 2876.3955847750867 289
730 4.2 0.7776190476190481 1.1327295090133256 38435.274 0.441 1960.4774211764704 425
740 0.2 0.5509999999999999 0.017999999999999933 38435.274 0.441 1784.230329764454 467
750 0.1 0.542 0.0 38435.274 0.441 1776.6240213219617 469
760 0.2 0.5295000000000001 0.016499999999999987 38435.274 0.441 1772.8451234042552 470
770 0.2 26276.345 26275.792999999998 52552.138 0.441 1765.335311440678 472
780 3.6 7377.851138888889 6903.240110447275 52552.138 0.441 1868.757293248945 474
790 1.5 6238.893933333334 796.4776262672601 52552.138 0.441 2257.634505882353 510
800 0 0 0 52552.138 0.441 2371.3847752380952 525
810 0 0 0 52552.138 0.441 2371.3847752380952 525
820 0 0 0 52552.138 0.441 2371.3847752380952 525
830 0 0 0 52552.138 0.441 2371.3847752380952 525
840 0 0 0 52552.138 0.441 2371.3847752380952 525
850 0.3 37447.19266666667 12038.954795676473 52552.138 0.441 2371.3847752380952 525
860 0.3 12657.583999999997 2414.1316095699217 52552.138 0.441 2570.6791382575757 528
870 0.1 23891.158 0.0 52552.138 0.441 2627.6673013182676 531
880 0 0 0 52552.138 0.441 2667.6362687969927 532
890 0 0 0 52552.138 0.441 2667.6362687969927 532
900 0.1 53878.095 0.0 53878.095 0.441 2667.6362687969927 532
910 0 0 0 53878.095 0.441 2763.715928705441 533
920 0.3 32662.548666666666 20153.321870188716 60003.083 0.441 2763.715928705441 533
930 0 0 0 60003.083 0.441 2931.0601417910448 536
940 0 0 0 60003.083 0.441 2931.0601417910448 536
950 0 0 0 60003.083 0.441 2931.0601417910448 536
960 0 0 0 60003.083 0.441 2931.0601417910448 536
962 0 0 0 60003.083 0.441 2931.0601417910448 536
