20 0.1 37.051 0 37.051 37.051 0 0
30 0.8 49.896874999999994 42.937801487842556 161.375 21.71 37.051 1
40 0.4 35.842999999999996 3.189335981046838 161.375 21.71 48.46955555555555 9
50 0 0 0 161.375 21.71 44.58446153846153 13
60 0 0 0 161.375 21.71 44.58446153846153 13
70 0 0 0 161.375 21.71 44.58446153846153 13
80 0.3 32.34433333333333 3.0261168002720726 161.375 21.71 44.58446153846153 13
90 0.3 35.079 5.393446084523945 161.375 21.71 42.2894375 16
100 0.7 32.24628571428571 4.446971640960868 161.375 21.71 41.15094736842105 19
110 0.1 32.52 0.0 161.375 21.71 38.753538461538454 26
120 0 0 0 161.375 21.71 38.52266666666666 27
130 0 0 0 161.375 21.71 38.52266666666666 27
140 0.1 34.993 0.0 161.375 21.71 38.52266666666666 27
150 0 0 0 161.375 21.71 38.396607142857135 28
160 0 0 0 161.375 21.71 38.396607142857135 28
170 0.1 41.168 0.0 161.375 21.71 38.396607142857135 28
180 0.1 31.918 0.0 161.375 21.71 38.49217241379309 29
190 0.4 118.46075000000002 128.17735816316195 340.396 21.71 38.273033333333316 30
200 0.8 39.736625 6.292457269173545 340.396 21.71 47.706882352941165 34
210 1.9 42.27463157894736 7.09180675672936 340.396 21.71 46.18873809523809 42
220 0.4 44.96424999999999 9.123052377768085 340.396 21.71 44.96959016393442 61
230 0 0 0 340.396 21.71 44.96926153846153 65
240 0 0 0 340.396 21.71 44.96926153846153 65
250 0 0 0 340.396 21.71 44.96926153846153 65
260 0 0 0 340.396 21.71 44.96926153846153 65
270 0 0 0 340.396 21.71 44.96926153846153 65
280 0 0 0 340.396 21.71 44.96926153846153 65
290 0 0 0 340.396 21.71 44.96926153846153 65
300 0 0 0 340.396 21.71 44.96926153846153 65
310 0 0 0 340.396 21.71 44.96926153846153 65
320 0.1 0.583 0.0 340.396 0.583 44.96926153846153 65
330 0 0 0 340.396 0.583 44.29674242424242 66
340 0 0 0 340.396 0.583 44.29674242424242 66
350 0 0 0 340.396 0.583 44.29674242424242 66
360 0.1 0.559 0.0 340.396 0.559 44.29674242424242 66
370 0.6 0.6163333333333333 0.032190405748021025 340.396 0.559 43.64394029850746 67
380 1.1 0.6518181818181819 0.14315841078508937 340.396 0.559 40.10742465753424 73
390 2.1 0.6265238095238095 0.13092186657465704 340.396 0.543 34.940619047619045 84
400 1.6 0.6331874999999999 0.10387264964248287 340.396 0.543 28.0778 105
410 0.3 0.5986666666666666 0.013274871834493268 340.396 0.543 24.44876033057851 121
420 0.1 0.619 0.0 340.396 0.543 23.87174193548387 124
430 0.2 0.567 0.0010000000000000009 340.396 0.543 23.685719999999996 125
440 0.1 0.653 0.0 340.396 0.543 23.321645669291335 127
450 0 0 0 340.396 0.543 23.144546874999996 128
460 0 0 0 340.396 0.543 23.144546874999996 128
470 0 0 0 340.396 0.543 23.144546874999996 128
480 0.1 3.963 0.0 340.396 0.543 23.144546874999996 128
490 1.7 0.974 1.654611523626512 340.396 0.47 22.99585271317829 129
500 3.9 0.6024102564102564 0.11622849245735149 340.396 0.457 20.431664383561642 146
510 0.8 0.5692499999999999 0.04162255998854466 340.396 0.457 16.25144324324324 185
520 0.2 0.6174999999999999 0.015500000000000042 340.396 0.457 15.601404145077717 193
530 0 0 0 340.396 0.457 15.447723076923074 195
540 0 0 0 340.396 0.457 15.447723076923074 195
550 1.5 0.615 0.054657722845602226 340.396 0.457 15.447723076923074 195
560 0.9 2008.3689999999997 5678.801429828695 18070.445 0.457 14.388242857142854 210
570 0.1 0.596 0.0 18070.445 0.457 96.33265753424655 219
580 0.1 0.617 0.0 18070.445 0.457 95.89749090909089 220
590 0 0 0 18070.445 0.457 95.46635746606333 221
600 0 0 0 18070.445 0.457 95.46635746606333 221
610 0 0 0 18070.445 0.457 95.46635746606333 221
620 3.4 0.8917941176470588 1.3351137818754 18070.445 0.457 95.46635746606333 221
630 0.3 0.602 0.013952299690970912 18070.445 0.457 82.85641568627449 255
640 0 0 0 18070.445 0.457 81.89996899224805 258
650 0 0 0 18070.445 0.457 81.89996899224805 258
660 0 0 0 18070.445 0.457 81.89996899224805 258
670 0 0 0 18070.445 0.457 81.89996899224805 258
680 0.2 8.5625 0.17849999999999966 18070.445 0.457 81.89996899224805 258
690 0.1 23.789 0.0 18070.445 0.457 81.3358346153846 260
700 0 0 0 18070.445 0.457 81.11534865900381 261
710 0.8 1.191125 1.3692021798752 18070.445 0.457 81.11534865900381 261
720 9.3 0.9458172043010753 1.3364714893534206 18070.445 0.42 78.73842007434942 269
730 7.8 0.5504743589743589 0.08219016791266559 18070.445 0.406 58.753027624309375 362
740 0.8 0.6391249999999999 0.04925808943716756 18070.445 0.406 48.43530227272726 440
750 0.2 0.6114999999999999 0.01849999999999999 18070.445 0.406 47.58179910714285 448
760 0.2 0.642 0.01100000000000001 18070.445 0.406 47.37304222222222 450
770 0.2 0.6315 0.053500000000000075 18070.445 0.406 47.16626769911504 452
780 1.8 0.6718333333333333 0.1861905386067366 18070.445 0.406 46.961268722466954 454
790 0.2 0.6275 0.005500000000000033 18070.445 0.406 45.19599364406779 472
800 0 0 0 18070.445 0.406 45.00794092827004 474
810 0 0 0 18070.445 0.406 45.00794092827004 474
820 0 0 0 18070.445 0.406 45.00794092827004 474
830 0.2 0.5625 0.024499999999999966 18070.445 0.406 45.00794092827004 474
840 0.8 0.62275 0.018450948485105055 18070.445 0.406 44.82119537815126 476
850 3.8 0.624105263157895 0.12098603431229141 18070.445 0.406 44.09064256198347 484
860 0.3 4435.021333333333 6271.235761442735 18070.445 0.406 40.926411877394635 522
870 0 0 0 18070.445 0.406 66.03552571428571 525
880 0 0 0 18070.445 0.406 66.03552571428571 525
890 0 0 0 18070.445 0.406 66.03552571428571 525
900 0 0 0 18070.445 0.406 66.03552571428571 525
910 0 0 0 18070.445 0.406 66.03552571428571 525
920 0.6 0.5761666666666666 0.0249226581425194 18070.445 0.406 66.03552571428571 525
930 0.1 0.581 0.0 18070.445 0.406 65.29587193973634 531
940 0 0 0 18070.445 0.406 65.17422744360901 532
950 0 0 0 18070.445 0.406 65.17422744360901 532
960 0.4 20.72725 7.839676950455292 18070.445 0.406 65.17422744360901 532
962 0 0 0 18070.445 0.406 64.84253358208953 536
