0 0.1 9.563 0 9.563 9.563 0 0
10 0.2 32.830999999999996 3.0789999999999997 35.91 9.563 9.563 1
20 0.2 31.717 1.8410000000000002 35.91 9.563 25.075 3
30 0 0 0 35.91 9.563 27.7318 5
40 0 0 0 35.91 9.563 27.7318 5
50 0 0 0 35.91 9.563 27.7318 5
60 0.1 35.979 0.0 35.979 9.563 27.7318 5
70 1.6 28.137625 8.280708181331775 53.014 9.563 29.10633333333333 6
80 0.6 25.751499999999997 2.799964032507085 53.014 9.563 28.40181818181818 22
90 0 0 0 53.014 9.563 27.833892857142853 28
100 0 0 0 53.014 9.563 27.833892857142853 28
110 0 0 0 53.014 9.563 27.833892857142853 28
120 0.3 24.252 11.266758569644892 53.014 8.328 27.833892857142853 28
130 1.8 46.848722222222214 51.09563709555462 255.332 8.328 27.487258064516126 31
140 0.5 35.883399999999995 7.566798678437271 255.332 8.328 34.599632653061214 49
150 0.1 49.796 0.0 255.332 8.328 34.718499999999985 54
160 0 0 0 255.332 8.328 34.99263636363635 55
170 0 0 0 255.332 8.328 34.99263636363635 55
180 0 0 0 255.332 8.328 34.99263636363635 55
190 0 0 0 255.332 8.328 34.99263636363635 55
200 0 0 0 255.332 8.328 34.99263636363635 55
210 0 0 0 255.332 8.328 34.99263636363635 55
220 0 0 0 255.332 8.328 34.99263636363635 55
230 0 0 0 255.332 8.328 34.99263636363635 55
240 0 0 0 255.332 8.328 34.99263636363635 55
250 0 0 0 255.332 8.328 34.99263636363635 55
260 0.5 1192.9998 354.95812826326426 1812.139 8.328 34.99263636363635 55
270 2.9 1115.5807241379312 685.2344443403845 2687.103 8.328 131.4932333333333 60
280 0 0 0 2687.103 8.328 452.15095505617984 89
290 0 0 0 2687.103 8.328 452.15095505617984 89
300 1 10095.059299999999 4832.269496738753 21697.271 8.328 452.15095505617984 89
310 0.9 5279.864888888889 376.13568305021835 21697.271 8.328 1426.182101010101 99
320 0.5 4221.6198 634.1061123535715 21697.271 8.328 1747.322333333333 108
330 0 0 0 21697.271 8.328 1856.8045221238935 113
340 0 0 0 21697.271 8.328 1856.8045221238935 113
350 0 0 0 21697.271 8.328 1856.8045221238935 113
360 0 0 0 21697.271 8.328 1856.8045221238935 113
370 0 0 0 21697.271 8.328 1856.8045221238935 113
380 0 0 0 21697.271 8.328 1856.8045221238935 113
390 0 0 0 21697.271 8.328 1856.8045221238935 113
400 0 0 0 21697.271 8.328 1856.8045221238935 113
410 0 0 0 21697.271 8.328 1856.8045221238935 113
420 0 0 0 21697.271 8.328 1856.8045221238935 113
430 0 0 0 21697.271 8.328 1856.8045221238935 113
440 0 0 0 21697.271 8.328 1856.8045221238935 113
450 0 0 0 21697.271 8.328 1856.8045221238935 113
460 0 0 0 21697.271 8.328 1856.8045221238935 113
470 0 0 0 21697.271 8.328 1856.8045221238935 113
480 0 0 0 21697.271 8.328 1856.8045221238935 113
490 2.7 319.5738888888889 692.8234875873445 21697.271 0.463 1856.8045221238935 113
500 5.5 73.49383636363642 375.2386887955095 21697.271 0.46 1560.338614285714 140
510 1.6 1195.5751249999998 4627.960230976465 21697.271 0.46 1140.9721384615382 195
520 0.2 0.5235000000000001 0.017499999999999988 21697.271 0.46 1145.1126492890992 211
530 0.1 38477.394 0.0 38477.394 0.46 1134.365333333333 213
540 0.1 38279.209 0.0 38477.394 0.46 1308.8654672897194 214
550 0.1 37292.113 0.0 38477.394 0.46 1480.820553488372 215
560 2 14114.073400000003 10769.625275308135 42150.029 0.46 1646.613574074074 216
570 0 0 0 42150.029 0.46 2703.177966101695 236
580 0 0 0 42150.029 0.46 2703.177966101695 236
590 0.3 29022.42066666667 1500.6236769779723 42150.029 0.46 2703.177966101695 236
600 0 0 0 42150.029 0.46 3033.545029288703 239
610 0 0 0 42150.029 0.46 3033.545029288703 239
620 0.6 30968.948333333334 15334.466673146095 50635.776 0.46 3033.545029288703 239
630 0.6 5036.954833333333 470.33331159417025 50635.776 0.46 3717.677355102041 245
640 0.1 6805.91 0.0 50635.776 0.46 3749.213868525897 251
650 0 0 0 50635.776 0.46 3761.3436150793655 252
660 0 0 0 50635.776 0.46 3761.3436150793655 252
670 0 0 0 50635.776 0.46 3761.3436150793655 252
680 0 0 0 50635.776 0.46 3761.3436150793655 252
690 0 0 0 50635.776 0.46 3761.3436150793655 252
700 0 0 0 50635.776 0.46 3761.3436150793655 252
710 0.3 0.7479999999999999 0.2295778734982968 50635.776 0.46 3761.3436150793655 252
720 12.2 28.718786885245912 217.99675599914627 50635.776 0.418 3717.1013137254904 255
730 9 110.84566666666667 1037.819240763064 50635.776 0.418 2523.513334217507 377
740 1.5 1.0954666666666666 2.0655623565723906 50635.776 0.418 2058.54526124197 467
750 0 0 0 50635.776 0.418 1994.5167406639005 482
760 0.1 0.505 0.0 50635.776 0.418 1994.5167406639005 482
770 0.3 50540.87733333334 3886.4274840891535 53974.478 0.418 1990.3883519668736 483
780 0.8 17812.7455 17327.965929660706 53974.478 0.418 2290.0827283950616 486
790 0.6 6035.687666666668 1236.7991243532185 53974.478 0.418 2541.461882591093 494
800 0 0 0 53974.478 0.418 2583.3925919999997 500
810 0 0 0 53974.478 0.418 2583.3925919999997 500
820 0 0 0 53974.478 0.418 2583.3925919999997 500
830 0 0 0 53974.478 0.418 2583.3925919999997 500
840 0 0 0 53974.478 0.418 2583.3925919999997 500
850 0.7 42858.69928571429 27105.330358520376 60004.162 0.418 2583.3925919999997 500
860 0.1 11538.882 0.0 60004.162 0.418 3139.4619151873767 507
870 0.1 21747.401 0.0 60004.162 0.418 3155.996206692913 508
880 0 0 0 60004.162 0.418 3192.5215599214143 509
890 0 0 0 60004.162 0.418 3192.5215599214143 509
900 0.1 52879.395 0.0 60004.162 0.418 3192.5215599214143 509
910 0.2 60001.4965 1.3125 60004.162 0.418 3289.9468019607843 510
920 0.9 31770.800999999996 24537.643818057713 60004.162 0.418 3511.47629296875 512
930 0 0 0 60004.162 0.418 3999.6412111324375 521
940 0 0 0 60004.162 0.418 3999.6412111324375 521
950 0 0 0 60004.162 0.418 3999.6412111324375 521
960 0 0 0 60004.162 0.418 3999.6412111324375 521
962 0 0 0 60004.162 0.418 3999.6412111324375 521
