0 0.8 38.50175 31.43138637472901 117.703 11.616 0 0
10 2 48.529900000000005 33.35907675565977 166.415 11.616 38.50175 8
20 0.2 60.982 8.512 166.415 11.616 45.66471428571429 28
30 0 0 0 166.415 11.616 46.68586666666667 30
40 0 0 0 166.415 11.616 46.68586666666667 30
50 0 0 0 166.415 11.616 46.68586666666667 30
60 3.2 69.994375 98.0409185393878 476.634 10.396 46.68586666666667 30
70 2.4 42.095583333333344 7.088118826110036 476.634 10.396 58.71606451612904 62
80 0.4 41.5385 3.9084397462414566 476.634 10.396 54.07779069767442 86
90 0 0 0 476.634 10.396 53.5204888888889 90
100 0 0 0 476.634 10.396 53.5204888888889 90
110 0.1 17.619 0.0 476.634 10.396 53.5204888888889 90
120 3.6 122.79105555555556 173.49852380655136 760.525 9.672 53.12596703296704 91
130 5.4 97.37644444444443 153.43625546106625 1049.973 9.672 72.87355118110237 127
140 1.4 73.08442857142857 77.07810363957763 1049.973 9.672 80.18380662983425 181
150 0.1 50.821 0.0 1049.973 9.672 79.6741076923077 195
160 0 0 0 1049.973 9.672 79.52689795918367 196
170 0 0 0 1049.973 9.672 79.52689795918367 196
180 0 0 0 1049.973 9.672 79.52689795918367 196
190 0 0 0 1049.973 9.672 79.52689795918367 196
200 0 0 0 1049.973 9.672 79.52689795918367 196
210 0 0 0 1049.973 9.672 79.52689795918367 196
220 0 0 0 1049.973 9.672 79.52689795918367 196
230 0 0 0 1049.973 9.672 79.52689795918367 196
240 0 0 0 1049.973 9.672 79.52689795918367 196
250 1 616.2967000000001 854.2814472815209 2356.681 9.672 79.52689795918367 196
260 8.5 1566.0276117647063 583.2397057513285 2591.363 9.672 105.58368446601942 206
270 10.7 1270.8167289719634 733.8419889045814 3126.015 9.672 532.1738350515466 291
280 0.1 3485.039 0.0 3485.039 9.672 730.7537085427139 398
290 0.9 17151.14577777778 2123.8821696431673 20731.889 9.672 737.6566791979953 399
300 2 16023.017599999997 7370.628013319402 22415.564 9.672 1099.7189387254905 408
310 0.2 5319.608 407.1289999999999 22415.564 9.672 1797.069343457944 428
320 0 0 0 22415.564 9.672 1813.4532441860465 430
330 0 0 0 22415.564 9.672 1813.4532441860465 430
340 0 0 0 22415.564 9.672 1813.4532441860465 430
350 0 0 0 22415.564 9.672 1813.4532441860465 430
360 0 0 0 22415.564 9.672 1813.4532441860465 430
370 0 0 0 22415.564 9.672 1813.4532441860465 430
380 0 0 0 22415.564 9.672 1813.4532441860465 430
390 0 0 0 22415.564 9.672 1813.4532441860465 430
400 0 0 0 22415.564 9.672 1813.4532441860465 430
410 0 0 0 22415.564 9.672 1813.4532441860465 430
420 0 0 0 22415.564 9.672 1813.4532441860465 430
430 0 0 0 22415.564 9.672 1813.4532441860465 430
440 0 0 0 22415.564 9.672 1813.4532441860465 430
450 0 0 0 22415.564 9.672 1813.4532441860465 430
460 0 0 0 22415.564 9.672 1813.4532441860465 430
470 0.2 17.336 7.788 22415.564 9.548 1813.4532441860465 430
480 4.4 1746.1068863636365 1658.3260019097327 22415.564 0.441 1805.1378865740742 432
490 26.6 1498.4121917293228 1594.4326051708586 22415.564 0.381 1799.6812394957983 476
500 10.5 608.339238095238 2097.0021949645325 22415.564 0.377 1691.679128032345 742
510 1.5 4479.0154 7550.600986527733 22415.564 0.377 1557.3807945690671 847
520 0.5 9483.603 11621.839597971277 24371.586 0.377 1608.2213039443152 862
530 1.3 34394.79815384615 1768.5106795955937 38489.812 0.377 1653.6387301038058 867
540 0.3 39873.192 2186.8649688862806 41903.964 0.377 2137.314948863636 880
550 0.1 39543.837 0.0 41903.964 0.377 2265.522911664779 883
560 1.5 18354.618333333336 9783.564084189835 41903.964 0.377 2307.692950226244 884
570 0.1 12949.935 0.0 41903.964 0.377 2575.4392024471636 899
580 0 0 0 41903.964 0.377 2586.9664199999997 900
590 0 0 0 41903.964 0.377 2586.9664199999997 900
600 0 0 0 41903.964 0.377 2586.9664199999997 900
610 0 0 0 41903.964 0.377 2586.9664199999997 900
620 0.1 19702.514 0.0 41903.964 0.377 2586.9664199999997 900
630 0 0 0 41903.964 0.377 2605.962588235294 901
640 0 0 0 41903.964 0.377 2605.962588235294 901
650 0 0 0 41903.964 0.377 2605.962588235294 901
660 0 0 0 41903.964 0.377 2605.962588235294 901
670 0 0 0 41903.964 0.377 2605.962588235294 901
680 0 0 0 41903.964 0.377 2605.962588235294 901
690 0 0 0 41903.964 0.377 2605.962588235294 901
700 0.1 32.639 0.0 41903.964 0.377 2605.962588235294 901
710 17.3 471.1625838150292 1194.575404406895 41903.964 0.373 2603.109679600887 902
720 55 360.91384000000016 803.4351685821559 41903.964 0.365 2260.0149376744184 1075
730 12 0.5394666666666666 0.2337265829030912 41903.964 0.365 1617.2422584615383 1625
740 0.7 0.5379999999999999 0.05027922035990613 41903.964 0.365 1506.0649891117478 1745
750 0.9 21194.571 11330.30357222412 41903.964 0.365 1500.0497557077624 1752
760 0.3 24438.279999999995 17280.043026425614 41903.964 0.365 1600.7031862578078 1761
770 1 53274.20489999999 539.1717825226916 54044.254 0.365 1639.5426026077096 1764
780 1.9 23589.17431578948 25796.868997767204 57196.313 0.365 1930.6060879368654 1774
790 1.6 5704.237999999999 890.5693674103239 57196.313 0.365 2160.1168499721134 1793
800 0 0 0 57196.313 0.365 2191.4634162520724 1809
810 0 0 0 57196.313 0.365 2191.4634162520724 1809
820 0.1 34518.108 0.0 57196.313 0.365 2191.4634162520724 1809
830 0.2 46775.3105 1697.3274999999994 57196.313 0.365 2209.323440883977 1810
840 0 0 0 57196.313 0.365 2258.5132720750544 1812
850 0.3 60003.881 0.6160524869404205 60004.657 0.365 2258.5132720750544 1812
860 0.1 11268.175 0.0 60004.657 0.365 2353.960160881542 1815
870 0 0 0 60004.657 0.365 2358.8688694933912 1816
880 0 0 0 60004.657 0.365 2358.8688694933912 1816
890 0 0 0 60004.657 0.365 2358.8688694933912 1816
900 0 0 0 60004.657 0.365 2358.8688694933912 1816
910 0 0 0 60004.657 0.365 2358.8688694933912 1816
920 0 0 0 60004.657 0.365 2358.8688694933912 1816
930 0 0 0 60004.657 0.365 2358.8688694933912 1816
940 0 0 0 60004.657 0.365 2358.8688694933912 1816
950 0 0 0 60004.657 0.365 2358.8688694933912 1816
960 0 0 0 60004.657 0.365 2358.8688694933912 1816
962 0 0 0 60004.657 0.365 2358.8688694933912 1816
