10 0.2 182.7735 34.66649999999999 217.44 148.107 0 0
20 0.2 240.817 76.75 317.567 148.107 182.7735 2
30 0.1 345.521 0.0 345.521 148.107 211.79525 4
40 0 0 0 345.521 148.107 238.5404 5
50 0 0 0 345.521 148.107 238.5404 5
60 0 0 0 345.521 148.107 238.5404 5
70 1.5 287.57039999999995 88.47466495202642 466.259 113.736 238.5404 5
80 0.5 304.08599999999996 71.97848891717581 466.259 113.736 275.3129 20
90 0.3 409.1553333333333 10.131227445653158 466.259 113.736 281.06752 25
100 0 0 0 466.259 113.736 294.7912142857143 28
110 0 0 0 466.259 113.736 294.7912142857143 28
120 0.1 144.246 0.0 466.259 113.736 294.7912142857143 28
130 1.4 551.5622142857143 181.67289988846065 781.566 113.736 289.59999999999997 29
140 0.9 872.3996666666667 216.83094778856838 1151.309 113.736 374.89002325581396 43
150 0.2 935.929 37.47199999999998 1151.309 113.736 460.9974615384616 52
160 0.1 508.736 0.0 1151.309 113.736 478.58751851851855 54
170 0 0 0 1151.309 113.736 479.1356727272728 55
180 0 0 0 1151.309 113.736 479.1356727272728 55
190 0 0 0 1151.309 113.736 479.1356727272728 55
200 0 0 0 1151.309 113.736 479.1356727272728 55
210 0 0 0 1151.309 113.736 479.1356727272728 55
220 0 0 0 1151.309 113.736 479.1356727272728 55
230 0 0 0 1151.309 113.736 479.1356727272728 55
240 0 0 0 1151.309 113.736 479.1356727272728 55
250 0 0 0 1151.309 113.736 479.1356727272728 55
260 0.4 2477.0715 390.42088134505553 3009.798 113.736 479.1356727272728 55
270 1.4 1831.3839285714287 256.23474041880985 3009.798 113.736 614.5889491525425 59
280 0.2 3501.9269999999997 9.122000000000185 3511.049 113.736 847.946890410959 73
290 0.2 18446.753 2349.3179999999998 20796.071 113.736 918.7196933333336 75
300 1.3 21029.827153846156 4415.980441178117 23493.707 113.736 1373.9932857142858 77
310 0.7 6525.029571428572 218.77751085446008 23493.707 113.736 4213.169288888889 90
320 1.4 5104.631071428571 684.7067213779992 23493.707 113.736 4380.00456701031 97
330 0.2 6975.8385 1395.1754999999996 23493.707 113.736 4471.398900900901 111
340 0 0 0 23493.707 113.736 4515.725265486726 113
350 0 0 0 23493.707 113.736 4515.725265486726 113
360 0 0 0 23493.707 113.736 4515.725265486726 113
370 0 0 0 23493.707 113.736 4515.725265486726 113
380 0 0 0 23493.707 113.736 4515.725265486726 113
390 0 0 0 23493.707 113.736 4515.725265486726 113
400 0 0 0 23493.707 113.736 4515.725265486726 113
410 0 0 0 23493.707 113.736 4515.725265486726 113
420 0 0 0 23493.707 113.736 4515.725265486726 113
430 0 0 0 23493.707 113.736 4515.725265486726 113
440 0 0 0 23493.707 113.736 4515.725265486726 113
450 0 0 0 23493.707 113.736 4515.725265486726 113
460 0 0 0 23493.707 113.736 4515.725265486726 113
470 0 0 0 23493.707 113.736 4515.725265486726 113
480 0 0 0 23493.707 113.736 4515.725265486726 113
490 0.8 1.095875 1.4946136990456766 23493.707 0.423 4515.725265486726 113
500 4.3 683.5770465116279 2499.4060582177203 23493.707 0.42 4217.237371900827 121
510 2.9 526.9101379310343 2784.8894582713096 23493.707 0.42 3290.7288719512203 164
520 0.9 4976.144444444445 9312.001947321343 23493.707 0.42 2875.440046632125 193
530 0.1 33217.531 0.0 33217.531 0.42 2969.0357871287138 202
540 0.1 46878.575 0.0 46878.575 0.42 3118.04315270936 203
550 0.1 49876.817 0.0 49876.817 0.42 3332.5555637254906 204
560 1.2 35935.104666666666 16686.95891577446 52958.16 0.42 3559.600741463415 205
570 0.4 12901.05925 739.1437435260393 52958.16 0.42 5349.951188940093 217
580 0 0 0 52958.16 0.42 5486.622828054299 221
590 0.5 30410.694199999998 1849.5311702445479 52958.16 0.42 5486.622828054299 221
600 0.1 35720.412 0.0 52958.16 0.42 6038.040336283186 226
610 0.2 45784.327000000005 966.4119999999984 52958.16 0.42 6168.799682819383 227
620 0.6 49470.81716666667 9991.908386296973 58048.507 0.42 6514.786820960699 229
630 0.9 24042.60866666667 19960.449176996117 58908.437 0.42 7611.536531914893 235
640 0.7 10459.640571428574 2851.362477573327 58908.437 0.42 8217.600668032786 244
650 0.1 6186.428 0.0 58908.437 0.42 8280.127677290835 251
660 0 0 0 58908.437 0.42 8271.819345238093 252
670 0 0 0 58908.437 0.42 8271.819345238093 252
680 0 0 0 58908.437 0.42 8271.819345238093 252
690 0 0 0 58908.437 0.42 8271.819345238093 252
700 0 0 0 58908.437 0.42 8271.819345238093 252
710 0 0 0 58908.437 0.42 8271.819345238093 252
720 6.2 81.61527419354839 630.3970357413565 58908.437 0.388 8271.819345238093 252
730 11.4 261.23739473684196 1586.9077877860375 58908.437 0.388 6654.645292993629 314
740 4.2 377.8091190476191 2415.374170211495 58908.437 0.388 4951.728235981306 428
750 0.4 0.62325 0.01020722783129681 58908.437 0.388 4542.99503829787 470
760 0.1 0.647 0.0 58908.437 0.388 4504.662786919829 474
770 0 0 0 58908.437 0.388 4495.18064842105 475
780 0.5 36003.422 29392.594737379495 60002.749 0.388 4495.18064842105 475
790 1 31830.819300000003 20411.930840713634 60002.749 0.388 4823.391495833331 480
800 0.1 13254.867 0.0 60002.749 0.388 5374.563491836732 490
810 0.1 20300.835 0.0 60002.749 0.388 5390.612989816698 491
820 0 0 0 60002.749 0.388 5420.918319105688 492
830 0 0 0 60002.749 0.388 5420.918319105688 492
840 0 0 0 60002.749 0.388 5420.918319105688 492
850 0.7 60001.39471428572 2.202576135495067 60004.218 0.388 5420.918319105688 492
860 0.1 59997.636 0.0 60004.218 0.388 6186.576304609215 499
870 0.1 24172.045 0.0 60004.218 0.388 6294.1984239999965 500
880 0 0 0 60004.218 0.388 6329.882748502991 501
890 0.1 42481.494 0.0 60004.218 0.388 6329.882748502991 501
900 0 0 0 60004.218 0.388 6401.8979103585625 502
910 0.4 59910.5265 156.29682307311634 60004.218 0.388 6401.8979103585625 502
920 0.2 60002.508 0.7260000000005675 60004.218 0.388 6824.891021739128 506
930 1.3 11806.042461538462 13943.18423614288 60004.218 0.388 7034.251718503933 508
940 0 0 0 60004.218 0.388 7153.31751439539 521
950 0 0 0 60004.218 0.388 7153.31751439539 521
960 0 0 0 60004.218 0.388 7153.31751439539 521
962 0 0 0 60004.218 0.388 7153.31751439539 521
