0 2.8 28
10 0.2 30
20 0 30
30 0 30
40 0 30
50 1.6 46
60 4.4 90
70 0 90
80 0 90
90 0 90
100 0 90
110 3.1 121
120 6.4 185
130 1.1 196
140 0 196
150 0 196
160 0 196
170 0 196
180 0 196
190 0 196
200 0 196
210 0 196
220 0 196
230 0 196
240 0 196
250 14.4 340
260 9 430
270 0 430
280 0 430
290 0 430
300 0 430
310 0 430
320 0 430
330 0 430
340 0 430
350 0 430
360 0 430
370 0 430
380 0 430
390 0 430
400 0 430
410 0 430
420 0 430
430 0 430
440 0 430
450 0 430
460 0 430
470 11.7 547
480 32.1 868
490 3.3 901
500 0 901
510 0 901
520 0 901
530 0 901
540 0 901
550 0 901
560 0 901
570 0 901
580 0 901
590 0 901
600 0 901
610 0 901
620 0 901
630 0 901
640 0 901
650 0 901
660 0 901
670 0 901
680 0 901
690 0 901
700 22.3 1124
710 61.2 1736
720 8 1816
730 0 1816
740 0 1816
750 0 1816
760 0 1816
770 0 1816
780 0 1816
790 0 1816
800 0 1816
810 0 1816
820 0 1816
830 0 1816
840 0 1816
850 0 1816
860 0 1816
870 0 1816
880 0 1816
890 0 1816
900 0 1816
910 0 1816
920 0 1816
930 0 1816
940 0 1816
950 0 1816
960 0 1816
962 0 1816
