0 4.1 41
10 7.7 118
20 3.4 152
30 0.4 156
40 6.6 222
50 14.1 363
60 9.6 459
70 1.9 478
80 4 518
90 22.1 739
100 27.5 1014
110 9.7 1111
120 1.7 1128
130 27.9 1407
140 59.9 2006
150 33.5 2341
160 6.9 2410
170 1 2420
180 0.2 2422
190 52.3 2945
200 114.2 4087
210 66.6 4753
220 14.9 4902
230 2 4922
240 25.8 5180
250 190.5 7085
260 203.4 9119
270 80.3 9922
280 14.8 10070
290 1.9 10089
300 0.8 10097
310 192.8 12025
320 433.8 16363
330 253.1 18894
340 49.5 19389
350 10.4 19493
360 10 19593
370 24.2 19835
380 7.6 19911
390 1.2 19923
396 0.2 19925
