0 2.4 24
10 5.4 78
20 1.5 93
30 0.3 96
40 2.9 125
50 11.2 237
60 5.4 291
70 1.1 302
80 1.4 316
90 14.5 461
100 19 651
110 4.9 700
120 0.7 707
130 14.2 849
140 44.7 1296
150 19.6 1492
160 3.2 1524
170 0.4 1528
180 0 1528
190 29.3 1821
200 82.1 2642
210 39.2 3034
220 6.4 3098
230 1.1 3109
240 5.3 3162
250 124.5 4407
260 143.6 5843
270 40.9 6252
280 6.8 6320
290 1.4 6334
300 0.4 6338
310 101.9 7357
320 314.6 10503
330 151.7 12020
340 20.9 12229
350 4.2 12271
360 6.1 12332
370 16.6 12498
380 5.1 12549
390 0.7 12556
396 0.1 12557
