0 0.1 0.024403806006332934 0 0.024403806006332934 0.024403806006332934 0 0
10 0.1 0.0270638811687433 0.0 0.0270638811687433 0.024403806006332934 0.024403806006332934 1
20 0.1 0.01665590972496929 0.0 0.0270638811687433 0.01665590972496929 0.025733843587538115 2
30 0.1 0.004164367588727057 0.0 0.0270638811687433 0.004164367588727057 0.022707865633348506 3
40 0.1 0.004163934084923436 0.0 0.0270638811687433 0.004163934084923436 0.018071991122193144 4
50 0.1 0.017698746512305834 0.0 0.0270638811687433 0.004163934084923436 0.015290379714739202 5
60 0.1 0.036438216401361745 0.0 0.036438216401361745 0.004163934084923436 0.015691774181000307 6
70 0.1 0.018739849248323823 0.0 0.036438216401361745 0.004163934084923436 0.018655551641051944 7
80 0.1 0.006245511038940762 0.0 0.036438216401361745 0.004163934084923436 0.01866608884196093 8
90 0.1 0.012492322426841838 0.0 0.036438216401361745 0.004163934084923436 0.017286024641625354 9
100 0.1 0.07809815375964513 0.0 0.07809815375964513 0.004163934084923436 0.016806654420147 10
110 0.1 0.09577546898748673 0.0 0.09577546898748673 0.004163934084923436 0.022378608905555923 11
120 0.1 0.021864523249276388 0.0 0.09577546898748673 0.004163934084923436 0.028495013912383488 12
130 0.1 0.0041645410155233265 0.0 0.09577546898748673 0.004163934084923436 0.027984976169067557 13
140 0.1 0.07706647504191792 0.0 0.09577546898748673 0.004163934084923436 0.02628351651524297 14
150 0.1 0.17081554004791166 0.0 0.17081554004791166 0.004163934084923436 0.029669047083687967 15
160 0.1 0.10932375449008278 0.0 0.17081554004791166 0.004163934084923436 0.03849070289395195 16
170 0.1 0.017698562252089992 0.0 0.17081554004791166 0.004163934084923436 0.042657352987842 17
180 0.1 0.0020821404403727033 0.0 0.17081554004791166 0.0020821404403727033 0.04127075350252244 18
190 0.1 0.0 0.0 0.17081554004791166 0.0 0.039208194920304036 19
200 0.1 0.11250117188720717 0.0 0.17081554004791166 0.0 0.03724778517428883 20
210 0.1 0.3875645940990165 0.0 0.3875645940990165 0.0 0.0408312797796659 21
220 0.1 0.28421217011087396 0.0 0.3875645940990165 0.0 0.05659188497600001 22
230 0.1 0.06558196183754411 0.0 0.3875645940990165 0.0 0.06648841911229889 23
240 0.1 0.020819236974964867 0.0 0.3875645940990165 0.0 0.0664506500591841 24
250 0.1 0.10831415270212566 0.0 0.3875645940990165 0.0 0.06462539353581534 25
260 0.1 0.5745328661995328 0.0 0.5745328661995328 0.0 0.06630573042682728 26
270 0.1 0.6088660911631011 0.0 0.6088660911631011 0.0 0.08512895767766822 27
280 0.1 0.23328230282958937 0.0 0.6088660911631011 0.0 0.10383385530214796 28
290 0.1 0.04372176302804439 0.0 0.6088660911631011 0.0 0.10829759487205974 29
300 0.1 0.01145165320229866 0.0 0.6088660911631011 0.0 0.1061450671439259 30
310 0.1 0.008328821888143923 0.0 0.6088660911631011 0.0 0.10309044088774437 31
320 0.1 0.6780792622497627 0.0 0.6780792622497627 0.0 0.10012914029400685 32
330 0.1 1.4795029370950408 0.0 1.4795029370950408 0.0 0.11764278035327218 33
340 0.1 0.9869415234541912 0.0 1.4795029370950408 0.0 0.15769749084567714 34
350 0.1 0.16556981006331223 0.0 1.4795029370950408 0.0 0.18139017749163466 35
360 0.1 0.046849623120809564 0.0 1.4795029370950408 0.0 0.18095072284084793 36
370 0.1 0.07703117680737001 0.0 1.4795029370950408 0.0 0.17732636879436042 37
380 0.1 0.1051634197894649 0.0 1.4795029370950408 0.0 0.17468702163680805 38
390 0.1 0.024990628514307136 0.0 1.4795029370950408 0.0 0.17290436517918387 39
396 0.1 0.013533631073216944 0.0 1.4795029370950408 0.0 0.16920652176256196 40
