0 0.1 0.0 0 0.0 0.0 0 0
10 0.1 0.0 0.0 0.0 0.0 0.0 1
20 0.1 0.0 0.0 0.0 0.0 0.0 2
30 0.1 0.0 0.0 0.0 0.0 0.0 3
40 0.1 0.0 0.0 0.0 0.0 0.0 4
50 0.1 0.0 0.0 0.0 0.0 0.0 5
60 0.1 0.0 0.0 0.0 0.0 0.0 6
70 0.1 0.0 0.0 0.0 0.0 0.0 7
80 0.1 0.0 0.0 0.0 0.0 0.0 8
90 0.1 0.0 0.0 0.0 0.0 0.0 9
100 0.1 0.0 0.0 0.0 0.0 0.0 10
110 0.1 0.0 0.0 0.0 0.0 0.0 11
120 0.1 0.0 0.0 0.0 0.0 0.0 12
130 0.1 0.0 0.0 0.0 0.0 0.0 13
140 0.1 0.0 0.0 0.0 0.0 0.0 14
150 0.1 0.0 0.0 0.0 0.0 0.0 15
160 0.1 0.0 0.0 0.0 0.0 0.0 16
170 0.1 0.0 0.0 0.0 0.0 0.0 17
180 0.1 0.0 0.0 0.0 0.0 0.0 18
190 0.1 0.0 0.0 0.0 0.0 0.0 19
200 0.1 0.078125 0.0 0.078125 0.0 0.0 20
210 0.1 0.2109375 0.0 0.2109375 0.0 0.003720238095238095 21
220 0.1 0.1796875 0.0 0.2109375 0.0 0.013139204545454546 22
230 0.1 0.1484375 0.0 0.2109375 0.0 0.020380434782608696 23
240 0.1 0.12890625 0.0 0.2109375 0.0 0.025716145833333332 24
250 0.1 0.109375 0.0 0.2109375 0.0 0.02984375 25
260 0.1 0.25 0.0 0.25 0.0 0.03290264423076923 26
270 0.1 0.28125 0.0 0.28125 0.0 0.040943287037037035 27
280 0.1 0.23828125 0.0 0.28125 0.0 0.049525669642857144 28
290 0.1 0.19921875 0.0 0.28125 0.0 0.05603448275862069 29
300 0.1 0.171875 0.0 0.28125 0.0 0.060807291666666666 30
310 0.1 0.140625 0.0 0.28125 0.0 0.06439012096774194 31
320 0.1 0.19921875 0.0 0.28125 0.0 0.0667724609375 32
330 0.1 0.5390625 0.0 0.5390625 0.0 0.07078598484848485 33
340 0.1 0.6796875 0.0 0.6796875 0.0 0.08455882352941177 34
350 0.1 0.5703125 0.0 0.6796875 0.0 0.1015625 35
360 0.1 0.48046875 0.0 0.6796875 0.0 0.11458333333333333 36
370 0.1 0.41015625 0.0 0.6796875 0.0 0.12447212837837837 37
380 0.1 0.421875 0.0 0.6796875 0.0 0.13199013157894737 38
390 0.1 0.3515625 0.0 0.6796875 0.0 0.13942307692307693 39
396 0.1 0.30078125 0.0 0.6796875 0.0 0.1447265625 40
