0 24.10078125 24.10078125
10 57.6625 81.76328125
20 21.59453125 103.3578125
30 3.14765625 106.50546875
40 31.0984375 137.60390625
50 112.5921875 250.19609375
60 68.671875 318.86796875
70 13.35078125 332.21875
80 14.60390625 346.82265625
90 144.88671875 491.709375
100 214.83125 706.540625
110 64.76015625 771.30078125
120 10.5046875 781.80546875
130 148.1953125 930.00078125
140 458.0671875 1388.06796875
150 244.240625 1632.30859375
160 45.02734375 1677.3359375
170 5.9390625 1683.275
180 0.8796875 1684.1546875
190 289.14296875 1973.29765625
200 859.2125 2832.51015625
210 486.0515625 3318.56171875
220 92.50859375 3411.0703125
230 13.6859375 3424.75625
240 71.87421875 3496.63046875
250 1267.0640625 4763.69453125
260 1601.0671875 6364.76171875
270 532.709375 6897.47109375
280 88.66953125 6986.140625
290 14.32734375 7000.46796875
300 4.9390625 7005.40703125
310 1034.24140625 8039.6484375
320 3281.83125 11321.4796875
330 1890.32734375 13211.80703125
340 320.75 13532.55703125
350 54.9828125 13587.53984375
360 51.91171875 13639.4515625
370 142.428125 13781.8796875
380 53.315625 13835.1953125
390 7.98125 13843.1765625
396 1.234375 13844.4109375
