0 125.96640625 125.96640625
10 579.859375 705.82578125
20 301.1078125 1006.93359375
30 9.359375 1016.29296875
40 180.97578125 1197.26875
50 1327.53671875 2524.80546875
60 1031.5015625 3556.30703125
70 254.0265625 3810.33359375
80 86.5359375 3896.86953125
90 1220.11953125 5116.9890625
100 2987.60234375 8104.59140625
110 980.56484375 9085.15625
120 113.24375 9198.4
130 1190.1578125 10388.5578125
140 4998.52578125 15387.08359375
150 4508.2984375 19895.38203125
160 1034.26953125 20929.6515625
170 20.403125 20950.0546875
180 7.65625 20957.7109375
190 1888.4921875 22846.203125
200 9881.171875 32727.375
210 9120.00859375 41847.38359375
220 2043.58359375 43890.9671875
230 125.0421875 44016.009375
240 568.88046875 44584.88984375
250 11871.47421875 56456.3640625
260 24437.50625 80893.8703125
270 12603.88203125 93497.75234375
280 1965.0546875 95462.80703125
290 40.159375 95502.96640625
300 14.384375 95517.35078125
310 7248.4875 102765.83828125
320 39972.28203125 142738.1203125
330 40338.6125 183076.7328125
340 8448.05234375 191524.78515625
350 3065.2109375 194589.99609375
360 5734.11953125 200324.115625
370 11439.91015625 211764.02578125
380 139.45546875 211903.48125
390 21.82734375 211925.30859375
396 3.59609375 211928.9046875
