0 1.1 2217.4351818181817 771.4548121884354 3618.042 1241.336 0 0
10 1.8 3911.210000000001 2933.0663880571014 10585.496 629.552 2217.4351818181817 11
20 0 0 0 10585.496 629.552 3268.7436896551726 29
30 0 0 0 10585.496 629.552 3268.7436896551726 29
40 1.1 2513.1809090909082 885.6692499825363 10585.496 629.552 3268.7436896551726 29
50 4.1 4103.187902439025 2343.04698605558 11041.389 416.911 3060.963925 40
60 0.8 4983.939875 1789.1777627051508 11041.389 416.911 3588.5093950617284 81
70 0 0 0 11041.389 416.911 3713.9413483146072 89
80 0.5 901.4799999999999 420.8674249361668 11041.389 332.659 3713.9413483146072 89
90 5.4 3599.2956481481483 2670.113837552909 11041.389 332.659 3564.3423404255323 94
100 6 4470.348783333335 2942.8430327605715 12923.265 246.662 3577.0955743243244 148
110 0.1 9195.346 0.0 12923.265 246.662 3834.76476923077 208
120 0 0 0 12923.265 246.662 3860.413483253589 209
130 5 2719.06946 1673.9834246770213 12923.265 246.662 3860.413483253589 209
140 15.3 3414.9494901960793 2340.1001532213113 13524.326 179.46 3640.0767992277997 259
150 3.7 7159.469972972972 3090.9010483708244 18428.528 179.46 3556.4736966019423 412
160 0 0 0 18428.528 179.46 3853.379848552339 449
170 0 0 0 18428.528 179.46 3853.379848552339 449
180 0 0 0 18428.528 179.46 3853.379848552339 449
190 11.6 2316.1182499999995 1302.7215495822177 18428.528 154.33 3853.379848552339 449
200 28 3951.8228357142834 2411.018912591874 18428.528 154.33 3537.7650778761063 565
210 6.9 6590.985086956521 3275.3893042285486 18428.528 154.33 3674.9676485207096 845
220 0.2 15938.772 4582.805 20521.577 154.33 3895.10463238512 914
230 0 0 0 20521.577 154.33 3921.400849344978 916
240 1.5 1154.1752666666666 621.6875919822825 20521.577 154.33 3921.400849344978 916
250 47.3 2983.7605940803346 1985.9721926437571 20521.577 144.749 3876.816119226638 931
260 43 4590.395790697673 2863.48616449866 20521.577 144.749 3575.9505470085455 1404
270 3 8633.317699999998 3828.320327975531 20521.577 144.749 3813.7975779716453 1834
280 0 0 0 20521.577 144.749 3891.3649619098696 1864
290 0 0 0 20521.577 144.749 3891.3649619098696 1864
300 0 0 0 20521.577 144.749 3891.3649619098696 1864
310 40.7 2397.0309828009827 1559.8952801806138 20521.577 144.749 3891.3649619098696 1864
320 110.4 3749.6729492753634 2351.515491302201 20521.577 144.749 3623.556098194627 2271
330 30.6 6401.36619934641 3389.806936593346 20521.577 144.749 3664.810321481481 3375
340 1.2 12632.20125 5079.722616602982 20726.652 144.749 3892.2990741646295 3681
350 0 0 0 20726.652 144.749 3920.698431356621 3693
360 0 0 0 20726.652 144.749 3920.698431356621 3693
370 0 0 0 20726.652 144.749 3920.698431356621 3693
380 0 0 0 20726.652 144.749 3920.698431356621 3693
390 0 0 0 20726.652 144.749 3920.698431356621 3693
396 0 0 0 20726.652 144.749 3920.698431356621 3693
