0 0.3 61.686 36.12945966936123 103.414 15.286 0 0
10 0 0 0 103.414 15.286 61.686 3
20 0 0 0 103.414 15.286 61.686 3
30 0 0 0 103.414 15.286 61.686 3
40 0.4 21.39325 5.976780336226185 103.414 15.286 61.686 3
50 0.4 17.75875 2.981064774120146 103.414 15.286 38.66157142857143 7
60 0 0 0 103.414 15.286 31.060545454545448 11
70 0 0 0 103.414 15.286 31.060545454545448 11
80 0.1 15.871 0.0 103.414 15.286 31.060545454545448 11
90 0.8 30.157374999999995 38.16357801273846 131.111 14.868 29.794749999999993 12
100 0 0 0 131.111 14.868 29.93979999999999 20
110 0 0 0 131.111 14.868 29.93979999999999 20
120 0 0 0 131.111 14.868 29.93979999999999 20
130 1.5 15.483200000000004 1.2842032134102976 131.111 14.073 29.93979999999999 20
140 0.9 15.521222222222223 2.1775284551159158 131.111 14.032 23.744114285714282 35
150 0 0 0 131.111 14.032 22.062159090909088 44
160 0 0 0 131.111 14.032 22.062159090909088 44
170 0 0 0 131.111 14.032 22.062159090909088 44
180 0 0 0 131.111 14.032 22.062159090909088 44
190 1.9 16.707789473684212 2.8897734673362856 131.111 13.875 22.062159090909088 44
200 2 17.49735 7.566947999523982 131.111 13.724 20.447349206349205 63
210 0 0 0 131.111 13.724 19.736506024096386 83
220 0 0 0 131.111 13.724 19.736506024096386 83
230 0 0 0 131.111 13.724 19.736506024096386 83
240 2.2 15.661409090909093 2.9397211472440232 131.111 13.199 19.736506024096386 83
250 7.4 20.66406756756756 24.534451245154028 145.331 13.199 18.88267619047619 105
260 1.2 17.126 1.3078974220735613 145.331 13.199 19.619117318435748 179
270 0 0 0 145.331 13.199 19.462481675392663 191
280 0 0 0 145.331 13.199 19.462481675392663 191
290 0 0 0 145.331 13.199 19.462481675392663 191
300 0 0 0 145.331 13.199 19.462481675392663 191
310 9.5 20.944315789473695 24.13408117743918 145.331 13.199 19.462481675392663 191
320 7.5 33.33105333333333 39.22357663579167 277.031 13.199 19.9546993006993 286
330 0 0 0 277.031 13.199 22.733720221606646 361
340 0 0 0 277.031 13.199 22.733720221606646 361
350 0 0 0 277.031 13.199 22.733720221606646 361
360 0 0 0 277.031 13.199 22.733720221606646 361
370 0 0 0 277.031 13.199 22.733720221606646 361
380 0 0 0 277.031 13.199 22.733720221606646 361
390 0 0 0 277.031 13.199 22.733720221606646 361
396 0 0 0 277.031 13.199 22.733720221606646 361
