0 0.1 112.564 0 112.564 112.564 0 0
10 0.3 87.92133333333334 17.876154999203703 113.202 75.245 112.564 1
20 0.2 80.065 8.604 113.202 71.461 94.082 4
30 0 0 0 113.202 71.461 89.40966666666667 6
40 0.1 73.788 0.0 113.202 71.461 89.40966666666667 6
50 1.2 105.43041666666669 67.72281325552754 326.115 71.461 87.178 7
60 0.6 81.47233333333332 9.74401523443436 326.115 70.786 98.70584210526316 19
70 0 0 0 326.115 70.786 94.5698 25
80 0 0 0 326.115 70.786 94.5698 25
90 1.1 79.54436363636363 6.787744936450846 326.115 70.786 94.5698 25
100 2.2 82.95922727272729 14.76005394770819 326.115 70.578 89.97869444444444 36
110 0.2 71.475 1.9430000000000014 326.115 69.532 87.31613793103449 58
120 0 0 0 326.115 69.532 86.7881 60
130 0.9 77.23377777777779 3.439882548956762 326.115 69.532 86.7881 60
140 4 83.60389999999998 20.95791733426774 326.115 69.532 85.54188405797102 69
150 2.7 79.78611111111111 8.394636216649092 326.115 69.532 84.83069724770641 109
160 0.1 81.944 0.0 326.115 69.532 83.82919852941176 136
170 0 0 0 326.115 69.532 83.81543795620436 137
180 0 0 0 326.115 69.532 83.81543795620436 137
190 1.2 79.10816666666665 8.785024064028258 326.115 69.532 83.81543795620436 137
200 7.8 88.25838461538461 25.040867480176544 326.115 69.532 83.4363288590604 149
210 4.9 84.50724489795914 12.461756271432868 326.115 69.532 85.09324669603524 227
220 0.4 72.86449999999999 2.8723796319428283 326.115 69.532 84.98921014492753 276
230 0 0 0 326.115 69.532 84.81599999999999 280
240 0 0 0 326.115 69.532 84.81599999999999 280
250 9.9 92.36176767676767 34.50063593933818 326.115 69.532 84.81599999999999 280
260 15 108.93387333333338 36.862570770958946 351.145 69.532 86.7870580474934 379
270 2.6 94.90973076923076 18.02948129199185 351.145 69.532 93.06687334593573 529
280 0 0 0 351.145 69.532 93.15320540540542 555
290 0 0 0 351.145 69.532 93.15320540540542 555
300 0 0 0 351.145 69.532 93.15320540540542 555
310 4.7 112.13455319148933 50.09449309387486 351.145 69.532 93.15320540540542 555
320 31.7 176.09829652996854 94.44290277292968 584.001 69.532 94.63513787375416 602
330 18.9 205.70576719576712 87.27714094790825 625.138 69.532 122.73505223068557 919
340 0.9 125.24800000000002 20.02559480598101 625.138 69.532 136.88799909747294 1108
350 0 0 0 625.138 69.532 136.79421217547002 1117
360 0 0 0 625.138 69.532 136.79421217547002 1117
370 0 0 0 625.138 69.532 136.79421217547002 1117
380 0 0 0 625.138 69.532 136.79421217547002 1117
390 0 0 0 625.138 69.532 136.79421217547002 1117
396 0 0 0 625.138 69.532 136.79421217547002 1117
