0 1.3 67.883 30.233127380917264 139.056 15.712 0 0
10 0.7 19.389142857142854 6.918840105694253 139.056 14.135 67.883 13
20 0 0 0 139.056 14.135 50.91015 20
30 0 0 0 139.056 14.135 50.91015 20
40 2.4 20.77508333333333 12.986385203732492 139.056 13.943 50.91015 20
50 0.9 18.887444444444444 7.613014428684477 139.056 12.832 34.472840909090905 44
60 0 0 0 139.056 12.832 31.826264150943395 53
70 0 0 0 139.056 12.832 31.826264150943395 53
80 1.8 17.87333333333333 5.473844972026316 139.056 12.832 31.826264150943395 53
90 4.8 16.186770833333345 2.1406456603828605 139.056 12.832 28.288901408450702 71
100 1 15.0988 0.7707532419652865 139.056 12.832 23.407369747899164 119
110 0 0 0 139.056 12.832 22.76329457364341 129
120 0 0 0 139.056 12.832 22.76329457364341 129
130 7.9 17.49321518987342 13.400993168060428 139.056 12.832 22.76329457364341 129
140 6 15.866300000000004 3.1104779605927653 139.056 12.832 20.761677884615384 208
150 0 0 0 139.056 12.832 19.665697761194032 268
160 0 0 0 139.056 12.832 19.665697761194032 268
170 0 0 0 139.056 12.832 19.665697761194032 268
180 0 0 0 139.056 12.832 19.665697761194032 268
190 17.4 16.611557471264362 9.785918072544808 139.056 12.832 19.665697761194032 268
200 11.1 16.887747747747735 11.523577146905952 139.056 12.832 18.46338914027149 442
210 0 0 0 139.056 12.832 18.147121157323685 553
220 0 0 0 139.056 12.832 18.147121157323685 553
230 0 0 0 139.056 12.832 18.147121157323685 553
240 11.4 15.556078947368418 2.6223070301614158 139.056 12.596 18.147121157323685 553
250 37.8 19.645820105820103 19.353940049198133 148.678 12.596 17.704274362818587 667
260 7.3 22.619986301369856 20.95934349626278 148.678 12.596 18.406575119617223 1045
270 0 0 0 148.678 12.596 18.68169051878354 1118
280 0 0 0 148.678 12.596 18.68169051878354 1118
290 0 0 0 148.678 12.596 18.68169051878354 1118
300 0 0 0 148.678 12.596 18.68169051878354 1118
310 59.9 20.435160267111836 23.365173467998762 151.855 12.596 18.68169051878354 1118
320 49.8 33.46595783132529 37.60846977423126 286.195 12.596 19.29341351193942 1717
330 0 0 0 286.195 12.596 22.479836568848746 2215
340 0 0 0 286.195 12.596 22.479836568848746 2215
350 0 0 0 286.195 12.596 22.479836568848746 2215
360 0 0 0 286.195 12.596 22.479836568848746 2215
370 0 0 0 286.195 12.596 22.479836568848746 2215
380 0 0 0 286.195 12.596 22.479836568848746 2215
390 0 0 0 286.195 12.596 22.479836568848746 2215
396 0 0 0 286.195 12.596 22.479836568848746 2215
