10 0.2 123.8065 1.7625000000000028 125.569 122.044 0 0
20 0.1 116.976 0.0 125.569 116.976 123.8065 2
30 0 0 0 125.569 116.976 121.52966666666667 3
40 0 0 0 125.569 116.976 121.52966666666667 3
50 0.3 123.30633333333333 0.9371447178649758 125.569 116.976 121.52966666666667 3
60 0.3 121.48033333333335 0.5394418926590328 125.569 116.976 122.418 6
70 0 0 0 125.569 116.976 122.10544444444446 9
80 0 0 0 125.569 116.976 122.10544444444446 9
90 0.4 133.63825 15.787697668992141 160.981 116.976 122.10544444444446 9
100 0.3 125.01433333333334 1.0262128867291083 160.981 116.976 125.654 13
110 0.4 122.1505 0.8097099789430721 160.981 116.976 125.5340625 16
120 0 0 0 160.981 116.976 124.85735 20
130 0.1 131.273 0.0 160.981 116.976 124.85735 20
140 1 125.35920000000002 0.933066642850337 160.981 116.976 125.16285714285715 21
150 1.1 125.70245454545456 3.6891584742233445 160.981 116.976 125.2261935483871 31
160 0.3 117.391 2.345496535917295 160.981 115.38 125.35092857142858 42
170 0 0 0 160.981 115.38 124.82026666666667 45
180 0 0 0 160.981 115.38 124.82026666666667 45
190 0.1 126.063 0.0 160.981 115.38 124.82026666666667 45
200 2 133.99269999999999 26.633878322730247 248.977 115.38 124.84728260869566 46
210 2.4 127.37104166666667 3.447149577055982 248.977 115.38 127.61862121212121 66
220 0.5 121.0078 1.4664564637247164 248.977 115.38 127.5526 90
230 0 0 0 248.977 115.38 127.20813684210528 95
240 0 0 0 248.977 115.38 127.20813684210528 95
250 1.5 128.3313333333333 3.082491387750429 248.977 115.38 127.20813684210528 95
260 4.5 131.23624444444448 4.900990372275369 248.977 115.38 127.3613 110
270 2.2 127.90377272727274 2.1450701181974217 248.977 115.38 128.48628387096775 155
280 0.3 124.77199999999999 0.7246686599175275 248.977 115.38 128.41388135593223 177
290 0 0 0 248.977 115.38 128.35318333333336 180
300 0 0 0 248.977 115.38 128.35318333333336 180
310 0.2 130.6095 4.412499999999994 248.977 115.38 128.35318333333336 180
320 8 146.60892500000006 40.5450215910582 378.855 115.38 128.37797802197804 182
330 9.3 146.5191290322581 24.55990457987567 378.855 115.38 133.94467938931302 262
340 2.3 134.81617391304349 2.3436456300643016 378.855 115.38 137.2388309859155 355
350 0 0 0 378.855 115.38 137.09142063492064 378
360 0 0 0 378.855 115.38 137.09142063492064 378
370 0 0 0 378.855 115.38 137.09142063492064 378
380 0 0 0 378.855 115.38 137.09142063492064 378
390 0 0 0 378.855 115.38 137.09142063492064 378
396 0 0 0 378.855 115.38 137.09142063492064 378
