10 0.4 22.3155 5.257409842308284 27.85 16.371 0 0
20 0.2 32.911500000000004 3.916500000000002 36.828 16.371 22.3155 4
30 0 0 0 36.828 16.371 25.8475 6
40 0 0 0 36.828 16.371 25.8475 6
50 0.8 21.902874999999998 9.124172886315504 44.427 15.599 25.8475 6
60 0.8 17.381625 1.8883837624738777 44.427 14.19 23.59342857142857 14
70 0.3 21.939666666666668 6.1910860831431584 44.427 14.19 21.33459090909091 22
80 0 0 0 44.427 14.19 21.4072 25
90 0.6 40.63833333333334 51.818601851930445 156.276 14.19 21.4072 25
100 1.8 17.410000000000007 5.526702744152452 156.276 13.414 25.129354838709677 31
110 1.1 16.87081818181818 1.568416504178183 156.276 13.414 22.293673469387755 49
120 0 0 0 156.276 13.414 21.299483333333335 60
130 0.2 16.85 0.8259999999999978 156.276 13.414 21.299483333333335 60
140 2.9 18.298551724137937 7.7180084468245855 156.276 13.414 21.155951612903227 62
150 3.7 15.470810810810812 1.952052804971382 156.276 13.141 20.24535164835165 91
160 0.9 15.012777777777778 1.3880737874861597 156.276 13.141 18.865210937500002 128
170 0 0 0 156.276 13.141 18.612131386861314 137
180 0 0 0 156.276 13.141 18.612131386861314 137
190 0.4 18.473 3.8949933889545947 156.276 13.141 18.612131386861314 137
200 6 20.49846666666667 21.820910456460993 156.276 12.71 18.60818439716312 141
210 6.2 42.32422580645158 107.2869463679017 631.479 12.71 19.172447761194032 201
220 1.6 21.205875000000002 13.605511189748622 631.479 12.71 24.630281368821286 263
230 0.1 16.294 0.0 631.479 12.71 24.433899641577053 279
240 0 0 0 631.479 12.71 24.404828571428563 280
250 4.1 26.304487804878047 31.628097051184085 631.479 12.71 24.404828571428563 280
260 15.5 24.725967741935488 20.09124374172196 631.479 12.71 24.64746417445482 321
270 7.4 19.06386486486487 7.791287128380881 631.479 12.71 24.673027310924365 476
280 0.5 15.4692 0.8668548667452926 631.479 12.71 23.918339999999997 550
290 0 0 0 631.479 12.71 23.842221621621615 555
300 0 0 0 631.479 12.71 23.842221621621615 555
310 1.1 16.15409090909091 1.3563864731199613 631.479 12.71 23.842221621621615 555
320 19.8 41.39511111111112 45.499087007465405 631.479 12.71 23.692805653710238 566
330 29.1 41.38004467353954 29.86548548530426 631.479 12.71 28.28057591623036 764
340 6.1 29.971081967213127 17.737260972217783 631.479 12.71 31.89379431279621 1055
350 0.1 24.588 0.0 631.479 12.71 31.78869982078853 1116
360 0 0 0 631.479 12.71 31.782253357206805 1117
370 0 0 0 631.479 12.71 31.782253357206805 1117
380 0 0 0 631.479 12.71 31.782253357206805 1117
390 0 0 0 631.479 12.71 31.782253357206805 1117
396 0 0 0 631.479 12.71 31.782253357206805 1117
