10 0.6 34.66383333333333 27.11769241299037 90.384 13.301 0 0
20 0.4 18.459500000000002 6.443785707951499 90.384 13.301 34.66383333333333 6
30 0 0 0 90.384 13.301 28.1821 10
40 0.1 25.53 0.0 90.384 13.301 28.1821 10
50 0.7 31.38057142857142 38.79687703505875 126.189 12.615 27.941 11
60 0.5 20.31 12.321739049338774 126.189 12.615 29.27861111111111 18
70 0 0 0 126.189 12.615 27.32891304347826 23
80 0 0 0 126.189 12.615 27.32891304347826 23
90 0.2 14.4225 0.3944999999999994 126.189 12.615 27.32891304347826 23
100 2.2 20.559590909090915 24.25373388809366 129.87 12.615 26.2964 25
110 1.4 13.943857142857143 1.0594759389934834 129.87 11.628 23.61108510638298 47
120 0.2 14.8935 0.2854999999999994 129.87 11.628 21.392377049180325 61
130 0.5 13.762799999999999 0.9642824067668144 129.87 11.628 21.186063492063493 63
140 3.2 21.750406249999997 32.17193546095278 162.867 11.605 20.640235294117648 68
150 2.9 15.672241379310353 6.272471237438611 162.867 11.605 20.99549 100
160 0.5 14.3916 1.108721894795985 162.867 11.605 19.79879069767442 129
170 0 0 0 162.867 11.605 19.59702985074627 134
180 0 0 0 162.867 11.605 19.59702985074627 134
190 0.1 14.02 0.0 162.867 11.605 19.59702985074627 134
200 6.9 17.385188405797106 20.058253872502924 162.867 11.605 19.55571851851852 135
210 6.5 66.53100000000005 164.39058903982777 629.975 11.418 18.821568627450983 204
220 0.5 16.270599999999998 3.307744040883452 629.975 11.418 30.349869888475848 269
230 0.1 14.718 0.0 629.975 11.418 30.0929489051095 274
240 0 0 0 629.975 11.418 30.03704000000001 275
250 5 15.3426 4.028889663418446 629.975 11.418 30.03704000000001 275
260 16.8 22.942261904761907 24.444265633720356 629.975 11.418 27.776356923076932 325
270 7.7 16.067545454545456 3.864032949852302 629.975 11.418 26.129038539553758 493
280 0.5 14.4024 0.9818825999069335 629.975 11.418 24.769854385964916 570
290 0 0 0 629.975 11.418 24.679702608695656 575
300 0 0 0 629.975 11.418 24.679702608695656 575
310 2 16.854400000000002 6.1337652742829984 629.975 11.418 24.679702608695656 575
320 20.3 39.63101970443348 48.39640715229638 629.975 11.418 24.41666722689076 595
330 26.3 37.25222053231937 27.92034196131088 629.975 11.418 28.28698496240601 798
340 5.1 25.501333333333328 6.8801329093029295 629.975 11.418 30.509281809613565 1061
350 0.4 23.28625 2.196433743025271 629.975 11.418 30.27960071942445 1112
360 0 0 0 629.975 11.418 30.254534946236546 1116
370 0 0 0 629.975 11.418 30.254534946236546 1116
380 0 0 0 629.975 11.418 30.254534946236546 1116
390 0 0 0 629.975 11.418 30.254534946236546 1116
396 0 0 0 629.975 11.418 30.254534946236546 1116
