10 0.3 14.39 4.860691788898641 21.261 10.777 0 0
20 0.2 9.691500000000001 0.5574999999999997 21.261 9.134 14.39 3
30 0.2 12.186 0.31400000000000006 21.261 9.134 12.5106 5
40 0 0 0 21.261 9.134 12.417857142857143 7
50 0.3 9.925666666666666 0.7904097390313181 21.261 9.005 12.417857142857143 7
60 0.9 10.339111111111112 0.584927810255143 21.261 9.005 11.6702 10
70 0.2 11.511500000000002 0.8394999999999997 21.261 9.005 11.039684210526318 19
80 0 0 0 21.261 9.005 11.084619047619048 21
90 0.4 10.735999999999999 0.2482156320621254 21.261 9.005 11.084619047619048 21
100 1.4 10.1775 0.570385928247583 21.261 9.005 11.02884 25
110 0.7 9.803714285714287 0.578926275663025 21.261 9.005 10.723230769230769 39
120 0 0 0 21.261 9.005 10.583304347826086 46
130 0.1 9.741 0.0 21.261 9.005 10.583304347826086 46
140 2.3 9.953608695652177 0.7263595791240413 21.261 8.784 10.565382978723404 47
150 1.7 18.357411764705876 30.150601525672112 138.631 8.784 10.36437142857143 70
160 0.2 11.2415 0.037499999999999645 138.631 8.784 11.92622988505747 87
170 0 0 0 138.631 8.784 11.910842696629212 89
180 0 0 0 138.631 8.784 11.910842696629212 89
190 0.5 57.309799999999996 58.00618426133544 138.631 8.784 11.910842696629212 89
200 3.5 20.92694285714286 33.9714324404179 138.631 8.482 14.325680851063828 94
210 4.9 11.00581632653061 5.774493262239709 138.631 8.482 16.116720930232557 129
220 0.4 10.866750000000001 0.6698396729815269 138.631 8.482 14.709786516853931 178
230 0.1 10.51 0.0 138.631 8.482 14.625324175824174 182
240 0 0 0 138.631 8.482 14.60283606557377 183
250 2.1 23.481619047619052 36.234743167660284 138.999 8.482 14.60283606557377 183
260 10.2 15.923127450980394 13.77746996870827 138.999 8.482 15.516828431372549 204
270 5.5 14.054927272727276 16.30427464512916 138.999 8.482 15.652261437908498 306
280 0.2 10.954 0.7420000000000004 138.999 8.482 15.408900277008314 361
290 0 0 0 138.999 8.482 15.384355371900831 363
300 0 0 0 138.999 8.482 15.384355371900831 363
310 0.9 11.174 3.4912243315681293 138.999 8.482 15.384355371900831 363
320 13 23.39352307692307 29.47633647318196 153.432 8.482 15.282491935483874 372
330 18 27.33133888888889 22.797162017127356 183.759 8.482 17.382958167330678 502
340 3.7 17.479810810810807 3.96671016142445 183.759 8.482 20.008630498533726 682
350 0.2 18.511 3.125 183.759 8.482 19.878496522948545 719
360 0 0 0 183.759 8.482 19.87470319001388 721
370 0 0 0 183.759 8.482 19.87470319001388 721
380 0 0 0 183.759 8.482 19.87470319001388 721
390 0 0 0 183.759 8.482 19.87470319001388 721
396 0 0 0 183.759 8.482 19.87470319001388 721
