0 0.1 32.479 0 32.479 32.479 0 0
10 0.3 22.048000000000002 9.396154248769369 35.24 14.07 32.479 1
20 0.2 15.295000000000002 0.4600000000000004 35.24 14.07 24.65575 4
30 0 0 0 35.24 14.07 21.535500000000003 6
40 0.1 14.894 0.0 35.24 14.07 21.535500000000003 6
50 1.2 20.776749999999996 6.94593155649406 35.24 12.014 20.58671428571429 7
60 0.6 15.480333333333334 1.59351358813019 35.24 12.014 20.70673684210526 19
70 0 0 0 35.24 12.014 19.452399999999997 25
80 0 0 0 35.24 12.014 19.452399999999997 25
90 1.1 15.989545454545452 1.2222509312096967 35.24 12.014 19.452399999999997 25
100 2.2 16.583681818181816 3.6323737716460505 35.24 12.014 18.394305555555555 36
110 0.2 16.551000000000002 0.4159999999999977 35.24 12.014 17.707517241379307 58
120 0 0 0 35.24 12.014 17.668966666666666 60
130 0.9 15.573333333333332 1.675061126579498 35.24 12.014 17.668966666666666 60
140 4 16.447250000000004 4.999914593020565 46.297 12.014 17.395623188405796 69
150 2.7 17.440407407407406 6.176578204434934 46.297 12.014 17.04759633027523 109
160 0.1 15.212 0.0 46.297 12.014 17.125580882352942 136
170 0 0 0 46.297 12.014 17.11161313868613 137
180 0 0 0 46.297 12.014 17.11161313868613 137
190 1.2 14.428249999999998 0.7024624693414823 46.297 12.014 17.11161313868613 137
200 7.8 22.185089743589746 25.05216137724315 145.558 12.014 16.8955033557047 149
210 4.9 61.86726530612245 143.98761207043452 605.726 12.014 18.7130704845815 227
220 0.4 15.3585 0.7130464571120176 605.726 12.014 26.374503623188406 276
230 0 0 0 605.726 12.014 26.217132142857146 280
240 0 0 0 605.726 12.014 26.217132142857146 280
250 9.9 23.295181818181828 27.1638023150178 605.726 12.014 26.217132142857146 280
260 15 24.070653333333343 21.0476149318592 605.726 12.014 25.45387862796834 379
270 2.6 19.580999999999996 7.979515075877344 605.726 12.014 25.06165973534972 529
280 0 0 0 605.726 12.014 24.804908108108112 555
290 0 0 0 605.726 12.014 24.804908108108112 555
300 0 0 0 605.726 12.014 24.804908108108112 555
310 4.7 29.30570212765958 38.34868387983514 605.726 12.014 24.804908108108112 555
320 31.5 39.15901587301589 43.21300658737347 605.726 12.014 25.156299003322264 602
330 19.1 50.142015706806305 44.70381435375089 605.726 12.014 29.96639258451473 917
340 0.9 23.974666666666668 1.6869422699731678 605.726 12.014 33.44432039711193 1108
350 0 0 0 605.726 12.014 33.36802059086841 1117
360 0 0 0 605.726 12.014 33.36802059086841 1117
370 0 0 0 605.726 12.014 33.36802059086841 1117
380 0 0 0 605.726 12.014 33.36802059086841 1117
390 0 0 0 605.726 12.014 33.36802059086841 1117
396 0 0 0 605.726 12.014 33.36802059086841 1117
