10 0.2 43.479 6.394999999999998 49.874 37.084 0 0
20 0.3 39.101 4.152056438280511 49.874 35.328 43.479 2
30 0.1 41.992 0.0 49.874 35.328 40.852199999999996 5
40 0.1 57.89 0.0 57.89 35.328 41.04216666666666 6
50 0.2 33.3015 2.0405000000000006 57.89 31.261 43.449 7
60 0.8 37.963375 2.2355540106145937 57.89 31.261 41.193999999999996 9
70 0.3 35.983666666666664 1.5305818791848063 57.89 31.261 39.67370588235294 17
80 0.1 43.475 0.0 57.89 31.261 39.1202 20
90 0.2 35.849000000000004 0.09500000000000064 57.89 31.261 39.32757142857143 21
100 1.1 39.80890909090909 10.541699763360104 72.739 31.261 39.02508695652174 23
110 1.1 37.99372727272728 2.2410826154464254 72.739 31.261 39.27867647058823 34
120 0.1 40.398 0.0 72.739 31.261 38.96457777777778 45
130 0.1 47.528 0.0 72.739 31.261 38.99573913043478 46
140 1.2 49.27308333333334 32.71684255460872 156.56 31.261 39.17727659574468 47
150 2.1 36.855047619047625 3.373375284082136 156.56 30.944 41.23066101694915 59
160 0.7 41.24257142857143 4.388648274066787 156.56 30.944 40.0820625 80
170 0 0 0 156.56 30.944 40.17543678160919 87
180 0.2 45.040000000000006 0.8609999999999989 156.56 30.944 40.17543678160919 87
190 0 0 0 156.56 30.944 40.28475280898876 89
200 2.7 45.680296296296284 31.583161761849798 157.364 30.944 40.28475280898876 89
210 4.7 41.687191489361695 12.834801535383924 157.364 30.944 41.54061206896551 116
220 1.8 39.56844444444444 3.8798655220427167 157.364 30.944 41.58287730061349 163
230 0.2 38.6365 2.3305000000000007 157.364 30.944 41.382546961325964 181
240 0 0 0 157.364 30.944 41.35253551912568 183
250 0.9 65.82833333333332 50.95382945155131 161.57 30.944 41.35253551912568 183
260 7.8 63.167012820512845 42.42654031970832 241.888 30.944 42.49983854166666 192
270 7.5 44.34596 12.518583561452417 241.888 30.944 48.47035555555556 270
280 1.6 38.8816875 4.795664574888839 241.888 30.944 47.57374782608696 345
290 0.2 39.6175 0.3085000000000022 241.888 30.944 47.188504155124654 361
300 0 0 0 241.888 30.944 47.146790633608816 363
310 0.4 38.6025 1.463713855232642 241.888 30.944 47.146790633608816 363
320 7 93.52232857142857 60.078675806864496 321.678 30.944 47.05366485013624 367
330 19.8 115.01534343434331 71.38566253866438 684.281 30.944 54.497157894736844 437
340 6.8 83.14944117647059 15.355725000968317 684.281 30.944 73.36739527559051 635
350 1.5 82.03406666666667 9.468496962500907 684.281 30.944 74.31359601706966 703
360 0.3 80.53466666666667 10.333368741874823 684.281 30.944 74.47488718662949 718
370 0 0 0 684.281 30.944 74.50010124826626 721
380 0 0 0 684.281 30.944 74.50010124826626 721
390 0 0 0 684.281 30.944 74.50010124826626 721
396 0 0 0 684.281 30.944 74.50010124826626 721
