0 0.6 43.66033333333334 23.136334257805167 92.016 20.644 0 0
10 1.8 46.39761111111111 50.94815278969492 221.481 19.22 43.66033333333334 6
20 0.5 27.535199999999996 10.065909028001396 221.481 19.22 45.71329166666667 24
30 0 0 0 221.481 19.22 42.57913793103449 29
40 0.4 20.942500000000003 1.9675922468845033 221.481 19.022 42.57913793103449 29
50 3.9 21.30712820512821 9.135909282576144 221.481 15.963 39.956515151515156 33
60 1.7 23.147823529411763 14.556446622131922 221.481 15.963 29.85476388888889 72
70 0 0 0 221.481 15.963 28.573662921348316 89
80 0.2 18.313499999999998 0.23550000000000093 221.481 15.963 28.573662921348316 89
90 4.3 20.849558139534892 5.6719015362854694 221.481 15.963 28.348164835164834 91
100 6.9 25.13313043478261 25.11720212766775 221.481 15.963 25.941895522388062 134
110 0.6 20.917 1.7130583761214917 221.481 15.963 25.666995073891627 203
120 0 0 0 221.481 15.963 25.53063157894737 209
130 3.5 25.991371428571433 28.24739789390036 221.481 15.832 25.53063157894737 209
140 14.8 23.44409459459459 18.496352823958272 221.481 15.832 25.596721311475417 244
150 5.5 20.57545454545455 5.305547733931418 221.481 15.832 24.783994897959186 392
160 0.2 21.978 0.3389999999999995 221.481 15.832 24.266165548098435 447
170 0 0 0 221.481 15.832 24.255973273942097 449
180 0 0 0 221.481 15.832 24.255973273942097 449
190 7 23.255785714285718 20.039056579513385 221.481 15.832 24.255973273942097 449
200 27.1 25.19356088560885 25.20232018522535 261.547 15.832 24.121073217726398 519
210 11.9 23.411983193277322 18.393296978269284 261.547 15.832 24.488977215189877 790
220 0.7 20.482428571428567 3.2874774896412546 261.547 15.832 24.34798459845985 909
230 0 0 0 261.547 15.832 24.31844432314411 916
240 0.2 18.8285 0.5065000000000017 261.547 15.832 24.31844432314411 916
250 38 25.93393157894733 23.416536837986783 261.547 15.832 24.306483660130723 918
260 49.1 29.741215885947085 21.767985867491834 261.547 15.832 24.782932203389823 1298
270 7.4 25.164189189189205 10.402506556927047 261.547 15.832 26.143757965343774 1789
280 0.1 19.863 0.0 261.547 15.832 26.104848631239943 1863
290 0 0 0 261.547 15.832 26.101500000000005 1864
300 0 0 0 261.547 15.832 26.101500000000005 1864
310 23.4 30.517380341880354 33.094033177115016 261.547 15.832 26.101500000000005 1864
320 107 49.922742990654186 52.25045677085438 511.083 15.832 26.594024308865592 2098
330 49.2 61.226731707317086 43.79394495271593 511.083 15.832 34.473357954545456 3168
340 3.2 35.9503125 5.950283545961801 511.083 15.832 38.069713114754094 3660
350 0.1 34.371 0.0 511.083 15.832 38.05134344528711 3692
360 0 0 0 511.083 15.832 38.05034687246142 3693
370 0 0 0 511.083 15.832 38.05034687246142 3693
380 0 0 0 511.083 15.832 38.05034687246142 3693
390 0 0 0 511.083 15.832 38.05034687246142 3693
396 0 0 0 511.083 15.832 38.05034687246142 3693
