0 2.1 21
10 5.1 72
20 2.7 99
30 0.6 105
40 6 165
50 15 315
60 7.8 393
70 1.8 411
80 3.6 447
90 23.5 682
100 24.7 929
110 8.6 1015
120 0.9 1024
130 5.9 1083
140 50 1583
150 48.6 2069
160 15.6 2225
170 1.6 2241
180 52.8 2769
190 120.1 3970
200 70.5 4675
210 15.7 4832
220 1.8 4850
230 30.3 5153
240 188.4 7037
250 204.3 9080
260 78.4 9864
270 15 10014
280 1.1 10025
290 0.1 10026
300 193.9 11965
310 447.5 16440
320 280.6 19246
330 68.3 19929
340 7.7 20006
350 1.3 20019
360 0.2 20021
370 103 21051
380 723.8 28289
390 789.2 36181
400 300.2 39183
410 50.9 39692
420 5.7 39749
430 0.6 39755
440 0 39755
450 815 47905
460 1797.9 65884
470 1084.9 76733
480 267.2 79405
490 34 79745
500 3.3 79778
510 0.6 79784
520 459.6 84380
530 2250.2 106882
540 1592.5 122807
550 1236.5 135172
560 592.8 141100
570 71.9 141819
580 5.4 141873
590 1.1 141884
592 0 141884
