0 0.3 3
10 1.4 17
20 0.4 21
30 0 21
40 0 21
50 0 21
60 0 21
70 0 21
80 0 21
90 0 21
100 0 21
110 0 21
120 0 21
130 0 21
140 0 21
150 0 21
160 0 21
170 0 21
180 0 21
190 0 21
200 0 21
210 0 21
220 0 21
230 0 21
240 0 21
250 0 21
260 0 21
270 0 21
280 0 21
290 0 21
300 0 21
310 0 21
320 0 21
330 0 21
340 0 21
350 0 21
360 0 21
370 0 21
380 0 21
390 0 21
400 0 21
410 0 21
420 0 21
430 0 21
440 0 21
450 0 21
460 0 21
470 0 21
480 0 21
490 0 21
500 0 21
510 0 21
520 0 21
530 0 21
540 29.6 317
550 28.6 603
560 1.4 617
570 0 617
580 0 617
590 0 617
592 0 617
