0 15 15
10 24 9
20 6 -18
30 0 -6
40 33 33
50 42 9
60 12 -30
70 1 -11
80 25 24
90 87 62
100 50 -37
110 7 -43
120 1 -6
130 44 43
140 189 145
150 92 -97
160 12 -80
170 2 -10
180 275 273
190 363 88
200 105 -258
210 14 -91
220 2 -12
230 226 224
240 746 520
250 469 -277
260 114 -355
270 9 -105
280 2 -7
290 1 -1
300 993 992
310 1371 378
320 478 -893
330 66 -412
340 12 -54
350 1 -11
360 0 -1
370 743 743
380 2872 2129
390 1775 -1097
400 392 -1383
410 53 -339
420 5 -48
430 0 -5
440 0 0
450 4119 4119
460 5525 1406
470 1903 -3622
480 283 -1620
490 29 -254
500 5 -24
510 0 -5
520 3319 3319
530 10028 6709
540 8701 -1327
550 4150 -4551
560 586 -3564
570 50 -536
580 10 -40
590 0 -10
592 0 0
