0 1.6 2.7073750000000003 5.988107880155049 25.875 0.811 0 0
10 1.5 1.0588666666666666 0.2386997742399901 25.875 0.631 2.7073750000000003 16
20 0.3 1.099 0.3416050350916977 25.875 0.631 1.9097096774193552 31
30 0.1 0.794 0.0 25.875 0.631 1.8381764705882355 34
40 3.3 1.103333333333333 0.255153033897445 25.875 0.631 1.8083428571428573 35
50 2.3 1.171086956521739 0.5965943136229669 25.875 0.631 1.4662058823529411 68
60 0 0 0 25.875 0.631 1.3916153846153847 91
70 0 0 0 25.875 0.631 1.3916153846153847 91
80 2.5 1.4542800000000002 2.1263536962603378 25.875 0.631 1.3916153846153847 91
90 7.3 1.0545068493150682 0.32057842086717186 25.875 0.55 1.4051206896551725 116
100 1.3 1.1343846153846153 0.3201659517912399 25.875 0.55 1.2696984126984125 189
110 0 0 0 25.875 0.55 1.2609900990099008 202
120 0 0 0 25.875 0.55 1.2609900990099008 202
130 4.4 1.0655 0.26245601363068266 25.875 0.55 1.2609900990099008 202
140 16 1.2079499999999985 1.894845200801374 25.875 0.55 1.2260243902439023 246
150 1.9 0.9104736842105263 0.25224911838999925 25.875 0.48 1.2189014778325116 406
160 0 0 0 25.875 0.48 1.2051129411764698 425
170 0 0 0 25.875 0.48 1.2051129411764698 425
180 27.7 1.1227075812274365 0.6353380728697374 25.875 0.48 1.2051129411764698 425
190 20.3 1.0937931034482768 0.8938861393377913 25.875 0.48 1.1725968660968655 702
200 0 0 0 25.875 0.48 1.15492044198895 905
210 0 0 0 25.875 0.48 1.15492044198895 905
220 0 0 0 25.875 0.48 1.15492044198895 905
230 22.6 1.0866637168141593 0.5230123708010778 25.875 0.48 1.15492044198895 905
240 60 0.9179899999999996 0.7192200566586003 25.875 0.414 1.141281167108753 1131
250 12.7 1.0943700787401573 0.8948054097452934 25.875 0.414 1.0638838821490466 1731
260 0 0 0 25.875 0.414 1.0659677072120557 1858
270 0 0 0 25.875 0.414 1.0659677072120557 1858
280 0 0 0 25.875 0.414 1.0659677072120557 1858
290 0 0 0 25.875 0.414 1.0659677072120557 1858
300 100.6 0.9353747514910536 0.6362979094272119 25.875 0.414 1.0659677072120557 1858
310 83.1 0.9017557160048134 0.894650723724801 25.875 0.379 1.0200960195530724 2864
320 0 0 0 25.875 0.379 0.9934814614343705 3695
330 0 0 0 25.875 0.379 0.9934814614343705 3695
340 0 0 0 25.875 0.379 0.9934814614343705 3695
350 0 0 0 25.875 0.379 0.9934814614343705 3695
360 0 0 0 25.875 0.379 0.9934814614343705 3695
370 74.3 0.9107187079407806 0.589661757424991 25.875 0.379 0.9934814614343705 3695
380 243.7 0.8443734099302428 0.6874002811844127 25.875 0.368 0.9796255069851283 4438
390 47 0.8315361702127655 0.543081865395543 25.875 0.367 0.9316823272727274 6875
400 0 0 0 25.875 0.367 0.9252740639891084 7345
410 0 0 0 25.875 0.367 0.9252740639891084 7345
420 0 0 0 25.875 0.367 0.9252740639891084 7345
430 0 0 0 25.875 0.367 0.9252740639891084 7345
440 0 0 0 25.875 0.367 0.9252740639891084 7345
450 417.5 0.8163825149700583 1.0271319103344065 27.922 0.298 0.9252740639891084 7345
460 322.5 0.8235277519379838 0.6020962625568012 27.922 0.296 0.8858103298611106 11520
470 0 0 0 27.922 0.296 0.8721879959308235 14745
480 0 0 0 27.922 0.296 0.8721879959308235 14745
490 0 0 0 27.922 0.296 0.8721879959308235 14745
500 0 0 0 27.922 0.296 0.8721879959308235 14745
510 0 0 0 27.922 0.296 0.8721879959308235 14745
520 331.9 0.7787300391684243 0.6018217032421227 27.922 0.275 0.8721879959308235 14745
530 748.6 0.7858674859738188 1.1015850728815135 35.384 0.275 0.8550164415411865 18064
540 118.5 0.8054042194092813 0.5500899392354119 35.384 0.275 0.8347562035225049 25550
550 12.1 0.9258842975206616 0.283410959098097 35.384 0.275 0.8334552085281466 26735
560 2.9 1.0393448275862067 0.49127057478100594 35.384 0.275 0.8338716487935657 26856
570 0 0 0 35.384 0.275 0.8340932862190812 26885
580 0 0 0 35.384 0.275 0.8340932862190812 26885
590 0 0 0 35.384 0.275 0.8340932862190812 26885
592 0 0 0 35.384 0.275 0.8340932862190812 26885
