0 0.1 0.5418634476924533 0 0.5418634476924533 0.5418634476924533 0 0
10 0.1 0.010409943578105808 0.0 0.5418634476924533 0.010409943578105808 0.5418634476924533 1
20 0.1 0.019782599641830826 0.0 0.5418634476924533 0.010409943578105808 0.27613669563527954 2
30 0.1 0.007288326183832411 0.0 0.5418634476924533 0.007288326183832411 0.19068533030412996 3
40 0.1 0.005204917606154294 0.0 0.5418634476924533 0.005204917606154294 0.1448360792740556 4
50 0.1 0.015617028808212474 0.0 0.5418634476924533 0.005204917606154294 0.11690984694047532 5
60 0.1 0.062467464862051014 0.0 0.5418634476924533 0.005204917606154294 0.10002771058509818 6
70 0.1 0.02810918858142295 0.0 0.5418634476924533 0.005204917606154294 0.09466196119609145 7
80 0.1 0.01249310276618117 0.0 0.5418634476924533 0.005204917606154294 0.08634286461925789 8
90 0.1 0.01978136387298282 0.0 0.5418634476924533 0.005204917606154294 0.0781373355244716 9
100 0.1 0.1072313490328357 0.0 0.5418634476924533 0.005204917606154294 0.07230173835932271 10
110 0.1 0.10515685029204452 0.0 0.5418634476924533 0.005204917606154294 0.07547715751146027 11
120 0.1 0.02290688351849731 0.0 0.5418634476924533 0.005204917606154294 0.07795046524317562 12
130 0.1 0.00416345733497096 0.0 0.5418634476924533 0.00416345733497096 0.07371634357204651 13
140 0.1 0.0374839912120865 0.0 0.5418634476924533 0.00416345733497096 0.06874828026939825 14
150 0.1 0.20723122422626733 0.0 0.5418634476924533 0.00416345733497096 0.06666399433224413 15
160 0.1 0.17805637410581338 0.0 0.5418634476924533 0.00416345733497096 0.07544944620062058 16
170 0.1 0.04788923012857217 0.0 0.5418634476924533 0.00416345733497096 0.0814851478421025 17
180 0.1 0.006245836109260493 0.0 0.5418634476924533 0.00416345733497096 0.07961870796912861 18
190 0.1 0.10936702532107034 0.0 0.5418634476924533 0.00416345733497096 0.07575697787124082 19
200 0.1 0.4542045170430869 0.0 0.5418634476924533 0.00416345733497096 0.07743748024373229 20
210 0.1 0.32700498838819864 0.0 0.5418634476924533 0.00416345733497096 0.09537876771036823 21
220 0.1 0.07600366483424954 0.0 0.5418634476924533 0.00416345733497096 0.10590723228663323 22
230 0.1 0.007286884648616012 0.0 0.5418634476924533 0.00416345733497096 0.10460707718000785 23
240 0.1 0.10831640889444358 0.0 0.5418634476924533 0.00416345733497096 0.10055206915786652 24
250 0.1 0.7435138066238425 0.0 0.7435138066238425 0.00416345733497096 0.1008626427473296 25
260 0.1 0.9483315617249213 0.0 0.9483315617249213 0.00416345733497096 0.12557999520411856 26
270 0.1 0.3603153279806721 0.0 0.9483315617249213 0.00416345733497096 0.15605227544562977 27
280 0.1 0.0562201330543149 0.0 0.9483315617249213 0.00416345733497096 0.16334738446473843 28
290 0.1 0.00520600147850442 0.0 0.9483315617249213 0.00416345733497096 0.15965334131265485 29
300 0.1 0.004163847394992973 0.0 0.9483315617249213 0.00416345733497096 0.15450509665151652 30
310 0.1 0.5234346488712789 0.0 0.9483315617249213 0.00416345733497096 0.14965537893356412 31
320 0.1 1.7818557604985439 0.0 1.7818557604985439 0.00416345733497096 0.16133598111911773 32
330 0.1 1.4132802484705098 0.0 1.7818557604985439 0.00416345733497096 0.21044264110031247 33
340 0.1 0.31658751978672 0.0 1.7818557604985439 0.00416345733497096 0.24582021778767124 34
350 0.1 0.03747813775297743 0.0 1.7818557604985439 0.00416345733497096 0.24784214070192978 35
360 0.1 0.006247006642650396 0.0 1.7818557604985439 0.00416345733497096 0.24199869617557 36
370 0.1 0.003122755519470381 0.0 1.7818557604985439 0.003122755519470381 0.2356270288908965 37
380 0.1 0.32198568257838633 0.0 1.7818557604985439 0.003122755519470381 0.22950849538112214 38
390 0.1 2.4207107574380986 0.0 2.4207107574380986 0.003122755519470381 0.2318797053092571 39
400 0.1 3.6606490660544715 0.0 3.6606490660544715 0.003122755519470381 0.28660048161247814 40
410 0.1 1.2842447889498612 0.0 3.6606490660544715 0.003122755519470381 0.3688943495256975 41
420 0.1 0.19159681366168582 0.0 3.6606490660544715 0.003122755519470381 0.39068840760722523 42
430 0.1 0.024983084369957838 0.0 3.6606490660544715 0.003122755519470381 0.3860583705387243 43
440 0.1 0.0031229830734317418 0.0 3.6606490660544715 0.003122755519470381 0.3778521140348887 44
450 0.1 0.004164367588727057 0.0 3.6606490660544715 0.003122755519470381 0.369524800013523 45
460 0.1 2.271754002987226 0.0 3.6606490660544715 0.003122755519470381 0.3615821819173318 46
470 0.1 7.784000250289397 0.0 7.784000250289397 0.003122755519470381 0.4022241355571168 47
480 0.1 6.369632830275325 0.0 7.784000250289397 0.003122755519470381 0.5560111379473726 48
490 0.1 1.2920651142419155 0.0 7.784000250289397 0.003122755519470381 0.6746564786071269 49
500 0.1 0.13121719570107473 0.0 7.784000250289397 0.003122755519470381 0.6870046513198226 50
510 0.1 0.019778069244061374 0.0 7.784000250289397 0.003122755519470381 0.6761068580723961 51
520 0.1 0.01249271258432581 0.0 7.784000250289397 0.003122755519470381 0.6634851505949282 52
530 0.1 1.3102621566685777 0.0 7.784000250289397 0.003122755519470381 0.6512022744060489 53
540 0.1 9.558279009126466 0.0 9.558279009126466 0.003122755519470381 0.6634070870405402 54
550 0.1 8.696378422959274 0.0 9.558279009126466 0.003122755519470381 0.8251320310784661 55
560 0.1 9.246414602346805 0.0 9.558279009126466 0.003122755519470381 0.965690002362052 56
570 0.1 3.9035531406760042 0.0 9.558279009126466 0.003122755519470381 1.1109658725372231 57
580 0.1 0.32607563287842484 0.0 9.558279009126466 0.003122755519470381 1.1591139288844436 58
590 0.1 0.05100606868123289 0.0 9.558279009126466 0.003122755519470381 1.1449946357317993 59
592 0.1 0.01249271258432581 0.0 9.558279009126466 0.003122755519470381 1.126761492947623 60
