0 0.1 375578.7109375 0 375578.7109375 375578.7109375 0 0
10 0.1 375573.0546875 0.0 375578.7109375 375573.0546875 375578.7109375 1
20 0.1 375557.3671875 0.0 375578.7109375 375557.3671875 375575.8828125 2
30 0.1 375562.6484375 0.0 375578.7109375 375557.3671875 375569.7109375 3
40 0.1 375566.46875 0.0 375578.7109375 375557.3671875 375567.9453125 4
50 0.1 375557.53515625 0.0 375578.7109375 375557.3671875 375567.65 5
60 0.1 375534.8828125 0.0 375578.7109375 375534.8828125 375565.9641927083 6
70 0.1 375538.125 0.0 375578.7109375 375534.8828125 375561.52399553574 7
80 0.1 375544.7734375 0.0 375578.7109375 375534.8828125 375558.59912109375 8
90 0.1 375550.16015625 0.0 375578.7109375 375534.8828125 375557.06293402775 9
100 0.1 375513.97265625 0.0 375578.7109375 375513.97265625 375556.37265625 10
110 0.1 375510.6328125 0.0 375578.7109375 375510.6328125 375552.51811079547 11
120 0.1 375529.76953125 0.0 375578.7109375 375510.6328125 375549.0276692708 12
130 0.1 375545.078125 0.0 375578.7109375 375510.6328125 375547.54627403844 13
140 0.1 375548.40625 0.0 375578.7109375 375510.6328125 375547.3699776786 14
150 0.1 375471.546875 0.0 375578.7109375 375471.546875 375547.4390625 15
160 0.1 375463.828125 0.0 375578.7109375 375463.828125 375542.69580078125 16
170 0.1 375508.515625 0.0 375578.7109375 375463.828125 375538.0565257353 17
180 0.1 375517.84765625 0.0 375578.7109375 375463.828125 375536.4153645833 18
190 0.1 375447.72265625 0.0 375578.7109375 375447.72265625 375535.4381167763 19
200 0.1 375311.2109375 0.0 375578.7109375 375311.2109375 375531.05234375 20
210 0.1 375352.01171875 0.0 375578.7109375 375311.2109375 375520.58370535716 21
220 0.1 375454.23046875 0.0 375578.7109375 375311.2109375 375512.92134232953 22
230 0.1 375486.14453125 0.0 375578.7109375 375311.2109375 375510.3695652174 23
240 0.1 375467.859375 0.0 375578.7109375 375311.2109375 375509.36018880206 24
250 0.1 375146.66796875 0.0 375578.7109375 375146.66796875 375507.70015625 25
260 0.1 375088.90234375 0.0 375578.7109375 375088.90234375 375493.8143028846 26
270 0.1 375263.96484375 0.0 375578.7109375 375088.90234375 375478.8175636574 27
280 0.1 375369.296875 0.0 375578.7109375 375088.90234375 375471.14425223216 28
290 0.1 375394.5390625 0.0 375578.7109375 375088.90234375 375467.6322737069 29
300 0.1 375397.51171875 0.0 375578.7109375 375088.90234375 375465.19583333336 30
310 0.1 375122.5703125 0.0 375578.7109375 375088.90234375 375463.01247479836 31
320 0.1 374576.421875 0.0 375578.7109375 374576.421875 375452.37365722656 32
330 0.1 374742.92578125 0.0 375578.7109375 374576.421875 375425.82966382575 33
340 0.1 375167.57421875 0.0 375578.7109375 374576.421875 375405.7442555147 34
350 0.1 375244.3125 0.0 375578.7109375 374576.421875 375398.93939732143 35
360 0.1 375260.60546875 0.0 375578.7109375 374576.421875 375394.6442057292 36
370 0.1 375262.03515625 0.0 375578.7109375 374576.421875 375391.0215371622 37
380 0.1 375170.734375 0.0 375578.7109375 374576.421875 375387.62715871714 38
390 0.1 374049.18359375 0.0 375578.7109375 374049.18359375 375382.0658052885 39
400 0.1 373722.0546875 0.0 375578.7109375 373722.0546875 375348.74375 40
410 0.1 374575.38671875 0.0 375578.7109375 373722.0546875 375309.0684070122 41
420 0.1 375010.453125 0.0 375578.7109375 373722.0546875 375291.5997953869 42
430 0.1 375105.29296875 0.0 375578.7109375 373722.0546875 375285.06150072673 43
440 0.1 375136.08984375 0.0 375578.7109375 373722.0546875 375280.9758522727 44
450 0.1 375138.80859375 0.0 375578.7109375 373722.0546875 375277.7561631944 45
460 0.1 373944.0390625 0.0 375578.7109375 373722.0546875 375274.7355638587 46
470 0.1 371870.46875 0.0 375578.7109375 371870.46875 375246.4228723404 47
480 0.1 372522.9140625 0.0 375578.7109375 371870.46875 375176.0904947917 48
490 0.1 374518.4921875 0.0 375578.7109375 371870.46875 375121.9440369898 49
500 0.1 374924.5078125 0.0 375578.7109375 371870.46875 375109.875 50
510 0.1 374994.20703125 0.0 375578.7109375 371870.46875 375106.2403492647 51
520 0.1 375006.38671875 0.0 375578.7109375 371870.46875 375104.0858623798 52
530 0.1 374037.8359375 0.0 375578.7109375 371870.46875 375102.2424823113 53
540 0.1 370493.62109375 0.0 375578.7109375 370493.62109375 375082.53125 54
550 0.1 369088.6640625 0.0 375578.7109375 369088.6640625 374999.09651988634 55
560 0.1 369818.41796875 0.0 375578.7109375 369088.6640625 374893.55308314733 56
570 0.1 373874.80078125 0.0 375578.7109375 369088.6640625 374804.515625 57
580 0.1 374594.0390625 0.0 375578.7109375 369088.6640625 374788.4860587284 58
590 0.1 374749.14453125 0.0 375578.7109375 369088.6640625 374785.19034692796 59
592 0.1 374776.08203125 0.0 375578.7109375 369088.6640625 374784.58958333335 60
