0 0.1 0.0 0 0.0 0.0 0 0
10 0.1 0.0 0.0 0.0 0.0 0.0 1
20 0.1 0.0 0.0 0.0 0.0 0.0 2
30 0.1 0.1484375 0.0 0.1484375 0.0 0.0 3
40 0.1 0.19921875 0.0 0.19921875 0.0 0.037109375 4
50 0.1 0.25 0.0 0.25 0.0 0.06953125 5
60 0.1 0.28125 0.0 0.28125 0.0 0.099609375 6
70 0.1 0.23828125 0.0 0.28125 0.0 0.12555803571428573 7
80 0.1 0.19921875 0.0 0.28125 0.0 0.1396484375 8
90 0.1 0.171875 0.0 0.28125 0.0 0.1462673611111111 9
100 0.1 0.140625 0.0 0.28125 0.0 0.148828125 10
110 0.1 0.12109375 0.0 0.28125 0.0 0.14808238636363635 11
120 0.1 0.1015625 0.0 0.28125 0.0 0.14583333333333334 12
130 0.1 0.08984375 0.0 0.28125 0.0 0.1424278846153846 13
140 0.1 0.0703125 0.0 0.28125 0.0 0.138671875 14
150 0.1 0.05859375 0.0 0.28125 0.0 0.13411458333333334 15
160 0.1 0.05078125 0.0 0.28125 0.0 0.12939453125 16
170 0.1 0.0390625 0.0 0.28125 0.0 0.1247702205882353 17
180 0.1 0.0390625 0.0 0.28125 0.0 0.12000868055555555 18
190 0.1 0.03125 0.0 0.28125 0.0 0.1157483552631579 19
200 0.1 0.01953125 0.0 0.28125 0.0 0.1115234375 20
210 0.1 0.171875 0.0 0.28125 0.0 0.10714285714285714 21
220 0.1 0.140625 0.0 0.28125 0.0 0.11008522727272728 22
230 0.1 0.12109375 0.0 0.28125 0.0 0.11141304347826086 23
240 0.1 0.1015625 0.0 0.28125 0.0 0.11181640625 24
250 0.1 0.16015625 0.0 0.28125 0.0 0.11140625 25
260 0.1 0.140625 0.0 0.28125 0.0 0.11328125 26
270 0.1 0.26953125 0.0 0.28125 0.0 0.11429398148148148 27
280 0.1 0.21875 0.0 0.28125 0.0 0.11983816964285714 28
290 0.1 0.19140625 0.0 0.28125 0.0 0.12324892241379311 29
300 0.1 0.16015625 0.0 0.28125 0.0 0.12552083333333333 30
310 0.1 0.12890625 0.0 0.28125 0.0 0.1266381048387097 31
320 0.1 0.3515625 0.0 0.3515625 0.0 0.126708984375 32
330 0.1 0.2890625 0.0 0.3515625 0.0 0.13352272727272727 33
340 0.1 0.25 0.0 0.3515625 0.0 0.13809742647058823 34
350 0.1 0.2109375 0.0 0.3515625 0.0 0.14129464285714285 35
360 0.1 0.1796875 0.0 0.3515625 0.0 0.14322916666666666 36
370 0.1 0.1484375 0.0 0.3515625 0.0 0.14421452702702703 37
380 0.1 0.12890625 0.0 0.3515625 0.0 0.14432565789473684 38
390 0.1 0.19140625 0.0 0.3515625 0.0 0.14393028846153846 39
400 0.1 0.78125 0.0 0.78125 0.0 0.1451171875 40
410 0.1 0.66015625 0.0 0.78125 0.0 0.16063262195121952 41
420 0.1 0.55859375 0.0 0.78125 0.0 0.17252604166666666 42
430 0.1 0.46875 0.0 0.78125 0.0 0.18150436046511628 43
440 0.1 0.3984375 0.0 0.78125 0.0 0.18803267045454544 44
450 0.1 0.33984375 0.0 0.78125 0.0 0.19270833333333334 45
460 0.1 0.44140625 0.0 0.78125 0.0 0.19590692934782608 46
470 0.1 1.4609375 0.0 1.4609375 0.0 0.20113031914893617 47
480 0.1 1.98046875 0.0 1.98046875 0.0 0.22737630208333334 48
490 0.1 1.75 0.0 1.98046875 0.0 0.26315369897959184 49
500 0.1 1.48046875 0.0 1.98046875 0.0 0.292890625 50
510 0.1 1.26171875 0.0 1.98046875 0.0 0.3161764705882353 51
520 0.1 1.05859375 0.0 1.98046875 0.0 0.33435997596153844 52
530 0.1 0.8984375 0.0 1.98046875 0.0 0.3480247641509434 53
540 0.1 2.1015625 0.0 2.1015625 0.0 0.3582175925925926 54
550 0.1 3.23046875 0.0 3.23046875 0.0 0.3899147727272727 55
560 0.1 4.26171875 0.0 4.26171875 0.0 0.44063895089285715 56
570 0.1 4.53125 0.0 4.53125 0.0 0.5076754385964912 57
580 0.1 3.83984375 0.0 4.53125 0.0 0.5770474137931034 58
590 0.1 3.25 0.0 4.53125 0.0 0.6323490466101694 59
592 0.1 2.75 0.0 4.53125 0.0 0.6759765625 60
