0 4.6 29.780869565217394 43.20164521907888 164.532 1.004 0 0
10 14.5 51.823234482758615 166.82633951177118 1260.303 0.553 29.780869565217394 46
20 6 198.96365000000003 673.7995210166455 3247.698 0.553 46.51460209424083 191
30 1.1 53.14890909090909 47.368899283763945 3247.698 0.553 82.95660557768925 251
40 9.3 64.19302150537638 108.7458248197142 3247.698 0.553 81.70513740458016 262
50 26.2 75.31696946564881 141.17314704929055 3247.698 0.553 77.11745633802819 355
60 11.3 71.46541592920352 144.55400739196 3247.698 0.553 76.3529059967585 617
70 2.6 101.12353846153846 212.23328771447396 3247.698 0.553 75.59634931506847 730
80 4.7 46.368468085106386 48.61368060354461 3247.698 0.553 76.47426851851849 756
90 39.9 49.22387719298249 80.6287487686461 3247.698 0.553 74.71216064757158 803
100 40.3 62.50636972704714 133.59079391230102 3247.698 0.553 66.25140765391015 1202
110 12.6 64.35485714285717 140.17264380674732 3247.698 0.553 65.31106479750778 1605
120 1 167.4362 348.25412365937603 3247.698 0.553 65.2414621606008 1731
130 7.9 33.0816329113924 42.38822402841345 3247.698 0.553 65.82845089029293 1741
140 83.5 42.521808383233505 77.83265411028147 3247.698 0.553 64.40702307692307 1820
150 80.2 66.2540673316708 170.13039818195054 3247.698 0.553 57.52410244821091 2655
160 21.6 83.01395833333336 212.12089062136928 3247.698 0.553 59.549393693954286 3457
170 2.1 90.622 210.4886390057102 3247.698 0.553 60.92928641437516 3673
180 80.3 36.07321917808214 44.91629530445764 3247.698 0.553 61.098086356253376 3694
190 206.6 54.48214278799615 136.02854390244065 3247.698 0.553 56.62955881698909 4497
200 109 64.46107247706425 169.2757486003109 3247.698 0.553 55.95356285235411 6563
210 20.7 93.26825603864735 245.3898021973632 3247.698 0.553 57.165268783483604 7653
220 2.3 50.57956521739131 47.05396298684613 3247.698 0.553 58.116072646310435 7860
230 39.9 32.57662155388469 42.05505999565013 3247.698 0.553 58.094083597615125 7883
240 314 45.70792229299367 99.17857211901453 3247.698 0.553 56.86473472591162 8282
250 344.1 68.65935454809649 182.38731483147131 3247.698 0.553 53.797636928734036 11422
260 114.1 71.90410254163001 195.96536267020156 3247.698 0.553 57.23834003902309 14863
270 18.9 77.77405820105818 195.23699104915497 3247.698 0.553 58.28393082979256 16004
280 1.2 50.13883333333334 25.475269942414524 3247.698 0.553 58.511413944296926 16193
290 0.1 40.88 0.0 3247.698 0.553 58.50521394631287 16205
300 298.9 38.358594178655245 55.167738359829656 3247.698 0.553 58.5041263729483 16206
310 762 57.70405761154873 146.6741805609118 3247.698 0.553 55.367111747851034 19195
320 444.2 82.03874651058119 237.7783005190703 3247.698 0.553 56.031200037292635 26815
330 89.5 75.05673072625707 209.9339100375596 3247.698 0.553 59.727188821704054 31257
340 8.6 64.21012790697678 171.9035716459854 3247.698 0.553 60.15391002114965 32152
350 1.3 41.14153846153847 24.930794820911082 3247.698 0.553 60.16473062845101 32238
360 0.2 54.558 25.470999999999997 3247.698 0.553 60.157062602710106 32251
370 129.4 29.39297527047912 41.98278195527522 3247.698 0.553 60.1567154063189 32253
380 1199.9 50.13254271189257 109.55220607005994 3247.698 0.553 58.970073389572946 33547
390 1332.8 81.2420096038414 218.35386674625542 3247.698 0.553 56.64184411364341 45546
400 439.3 102.0846273617118 296.1222274368091 3275.154 0.553 62.21087298298061 58874
410 65.2 66.86663650306751 193.92458557596058 3275.154 0.553 64.9795423206411 63267
420 6.2 44.32177419354839 36.33225861603652 3275.154 0.553 64.99879145480999 63919
430 0.6 46.60816666666667 18.574983772237566 3275.154 0.553 64.9787546459105 63981
440 0 0 0 3275.154 0.553 64.97703205338584 63987
450 1252.5 43.04258794411135 63.11306000084461 3275.154 0.553 64.97703205338584 63987
460 3083.7 100.59307461815294 245.64899323124487 5507.96 0.553 61.38636768088658 76512
470 1699.6 183.24705212991245 490.45169144273206 5507.96 0.553 72.64885938387853 107349
480 362.4 113.22502593818993 345.65641153710806 5507.96 0.553 87.76588768346107 124345
490 38.4 71.07011718749999 221.8475487284153 5507.96 0.553 88.48687414920776 127969
500 3.6 41.752416666666676 35.195843321789354 5507.96 0.553 88.43476757847475 128353
510 0.6 47.14933333333334 19.735323497616037 5507.96 0.553 88.42167794748747 128389
520 579 34.20873523316056 50.038442086655756 5507.96 0.553 88.41974925814844 128395
530 3818.6 132.39489079767387 258.78691844675063 5507.96 0.553 86.0805774341392 134185
540 3024.8 1099.465161663582 1475.8927946741012 10658.01 0.252 96.34076255866673 172371
550 2048.9 1695.9426352189003 2494.279358596048 20936.474 0.252 246.09230029266737 202619
560 832.2 1072.5255639269444 2581.351939008434 20936.474 0.252 379.2385053247755 223108
570 81.5 69.30443680981607 241.76452524307217 20936.474 0.252 404.1684405176513 231430
580 5.6 45.09051785714285 37.076755135698406 20936.474 0.252 402.9933273267456 232245
590 1.1 55.15963636363637 22.45224259004686 20936.474 0.252 402.90704893220453 232301
592 0 0 0 20936.474 0.252 402.8905830521025 232312
