10 0.1 208 0 208 208 0 0
20 0.1 4445.0 0.0 4445 208 208.0 1
30 0.1 741.0 0.0 4445 208 2326.5 2
40 0.1 61.0 0.0 4445 61 1798.0 3
50 0.1 1993.0 0.0 4445 61 1363.75 4
60 0.1 9714.0 0.0 9714 61 1489.6 5
70 0.1 5840.0 0.0 9714 61 2860.3333333333335 6
80 0.1 1379.0 0.0 9714 61 3286.0 7
90 0.1 390.0 0.0 9714 61 3047.625 8
100 0.1 8031.0 0.0 9714 61 2752.3333333333335 9
110 0.1 17975.0 0.0 17975 61 3280.2 10
120 0.1 6680.0 0.0 17975 61 4616.090909090909 11
130 0.1 95.0 0.0 17975 61 4788.083333333333 12
140 0.1 714.0 0.0 17975 61 4427.076923076923 13
150 0.1 13057.0 0.0 17975 61 4161.857142857143 14
160 0.1 40205.0 0.0 40205 61 4754.866666666667 15
170 0.1 12262.0 0.0 40205 61 6970.5 16
180 0.1 1742.0 0.0 40205 61 7281.764705882353 17
190 0.1 6255.0 0.0 40205 61 6974.0 18
200 0.1 67524.0 0.0 67524 61 6936.1578947368425 19
210 0.1 52453.0 0.0 67524 61 9965.55 20
220 0.1 13311.0 0.0 67524 61 11988.761904761905 21
230 0.1 488.0 0.0 67524 61 12048.863636363636 22
240 0.1 3572.0 0.0 67524 61 11546.217391304348 23
250 0.1 69840.0 0.0 69840 61 11213.958333333334 24
260 0.1 139035.0 0.0 139035 61 13559.0 25
270 0.1 62476.0 0.0 139035 61 18385.0 26
280 0.1 8747.0 0.0 139035 61 20018.0 27
290 0.1 39.0 0.0 139035 39 19615.464285714286 28
300 0.1 10.0 0.0 139035 10 18940.41379310345 29
310 0.1 36561.0 0.0 139035 10 18309.4 30
320 0.1 248062.0 0.0 248062 10 18898.16129032258 31
330 0.1 247714.0 0.0 248062 10 26059.53125 32
340 0.1 41774.0 0.0 248062 10 32776.333333333336 33
350 0.1 1787.0 0.0 248062 10 33040.970588235294 34
360 0.1 30.0 0.0 248062 10 32148.0 35
370 0.1 18.0 0.0 248062 10 31255.833333333332 36
380 0.1 11219.0 0.0 248062 10 30411.567567567567 37
390 0.1 250147.0 0.0 250147 10 29906.5 38
400 0.1 598805.0 0.0 598805 10 35553.692307692305 39
410 0.1 280283.0 0.0 598805 10 49634.975 40
420 0.1 22976.0 0.0 598805 10 55260.53658536585 41
430 0.1 227.0 0.0 598805 10 54491.857142857145 42
440 0.1 29.0 0.0 598805 10 53229.88372093023 43
450 0.1 1.0 0.0 598805 1 52020.77272727273 44
460 0.1 137304.0 0.0 598805 1 50864.77777777778 45
470 0.1 1018921.0 0.0 1018921 1 52743.891304347824 46
480 0.1 1271096.0 0.0 1271096 1 73300.85106382979 47
490 0.1 230628.0 0.0 1271096 1 98254.91666666667 48
500 0.1 15405.0 0.0 1271096 1 100956.40816326531 49
510 0.1 632.0 0.0 1271096 1 99245.38 50
520 0.1 36.0 0.0 1271096 1 97311.7843137255 51
530 0.1 48863.0 0.0 1271096 1 95441.09615384616 52
540 0.1 758303.0 0.0 1271096 1 94562.2641509434 53
550 0.1 1402194.0 0.0 1402194 1 106853.75925925926 54
560 0.1 1828661.0 0.0 1828661 1 130405.4 55
570 0.1 657380.0 0.0 1828661 1 160731.39285714287 56
580 0.1 20204.0 0.0 1828661 1 169444.52631578947 57
590 0.1 187.0 0.0 1828661 1 166871.41379310345 58
592 0.1 57.0 0.0 1828661 1 164046.25423728814 59
