0 12.6796875 12.6796875
10 52.12890625 64.80859375
20 26.84765625 91.65625
30 4.76953125 96.42578125
40 32.18828125 128.6140625
50 115.3390625 243.953125
60 52.90078125 296.85390625
70 11.66640625 308.5203125
80 12.4875 321.0078125
90 162.809375 483.8171875
100 183.25546875 667.07265625
110 57.58125 724.65390625
120 4.7171875 729.37109375
130 20.6296875 750.00078125
140 336.3765625 1086.37734375
150 363.93671875 1450.3140625
160 101.45625 1551.7703125
170 9.28515625 1561.05546875
180 272.7375 1833.79296875
190 895.4125 2729.20546875
200 500.8953125 3230.10078125
210 99.12421875 3329.225
220 10.97265625 3340.19765625
230 100.54375 3440.74140625
240 1252.62734375 4693.36875
250 1559.12734375 6252.49609375
260 524.33671875 6776.8328125
270 92.2171875 6869.05
280 7.1875 6876.2375
290 0.42265625 6876.66015625
300 1027.10234375 7903.7625
310 3265.575 11169.3375
320 2046.5828125 13215.9203125
330 423.34140625 13639.26171875
340 45.1609375 13684.42265625
350 7.14296875 13691.565625
360 1.22890625 13692.79453125
370 312.8640625 14005.65859375
380 4736.85625 18742.51484375
390 6042.7890625 24785.30390625
400 1994.06484375 26779.36875
410 325.29140625 27104.66015625
420 34.4265625 27139.08671875
430 3.3984375 27142.48515625
440 0 27142.48515625
450 4301.790625 31444.27578125
460 13360.79453125 44805.0703125
470 7697.9734375 52503.04375
480 1712.090625 54215.134375
490 200.81796875 54415.95234375
500 19.66640625 54435.61875
510 3.4046875 54439.0234375
520 1392.35859375 55831.38203125
530 16343.284375 72174.66640625
540 14119.084375 86293.75078125
550 8176.965625 94470.71640625
560 3363.7359375 97834.45234375
570 442.9578125 98277.41015625
580 30.4859375 98307.89609375
590 8.22890625 98316.125
592 0 98316.125
