0 0.6 2338.838166666667 1455.1600251507755 4286.884 112.186 0 0
10 2.2 2899.258454545456 2081.2709124087164 7461.924 112.186 2338.838166666667 6
20 0.2 4646.799499999999 283.6365000000003 7461.924 112.186 2779.1683928571438 28
30 0 0 0 7461.924 112.186 2903.677133333334 30
40 1.4 2814.048714285714 1207.1241487792634 7461.924 112.186 2903.677133333334 30
50 3.6 3680.5159722222215 2438.163532751016 8955.807 112.186 2875.1590000000006 44
60 0.5 6006.7696 2175.1978366322087 9306.637 112.186 3237.5696374999998 80
70 0.1 6155.853 0.0 9306.637 112.186 3400.4637529411766 85
80 0.2 954.053 9.134000000000015 9306.637 112.186 3432.503162790698 86
90 5.9 3025.923508474576 1892.1840905424376 9306.637 112.186 3376.17475 88
100 4.7 5688.129914893615 3240.5644263910544 13226.843 112.186 3235.5977210884353 147
110 0.3 13396.410000000002 6610.333304823037 22668.985 112.186 3829.767891752577 194
120 0 0 0 22668.985 112.186 3975.452796954314 197
130 0.7 1254.0335714285716 705.3648719241203 22668.985 112.186 3975.452796954314 197
140 12.4 2958.3207338709676 1918.3964888291018 22668.985 112.186 3882.0707647058816 204
150 8.9 4049.2212359550563 2319.339232134562 22668.985 112.186 3532.8481920731706 328
160 0.3 8707.270333333334 5290.765642985228 22668.985 112.186 3643.057306954436 417
170 0 0 0 22668.985 112.186 3679.2302571428568 420
180 10.4 2561.550048076922 1484.237210172149 22668.985 112.186 3679.2302571428568 420
190 30.6 3988.6202712418326 2392.8738230629288 22668.985 112.186 3457.4005973282437 524
200 6.5 6568.596999999999 3190.7762864873444 22668.985 112.186 3653.2478506024104 830
210 0.5 11460.707799999998 5018.287694097236 22668.985 112.186 3864.977118435755 895
220 0 0 0 22668.985 112.186 3907.175622222223 900
230 2.7 1553.0434444444452 666.47624008714 22668.985 112.186 3907.175622222223 900
240 47.5 3022.5116715789495 1949.4584192849743 22668.985 112.186 3838.6086655879185 927
250 40.9 4515.005704156481 2825.013427212274 22668.985 112.186 3562.1136069900153 1402
260 4.2 9276.78171428571 3599.0461626116953 22668.985 112.186 3777.316736609609 1811
270 0 0 0 22668.985 112.186 3901.9673189422565 1853
280 0 0 0 22668.985 112.186 3901.9673189422565 1853
290 0 0 0 22668.985 112.186 3901.9673189422565 1853
300 40.1 2347.422059850373 1528.4229058539877 22668.985 112.186 3901.9673189422565 1853
310 110.9 3736.803263300269 2355.8352967236933 22668.985 112.186 3625.4044755989357 2254
320 31.9 5960.427573667713 3125.7130896283306 22668.985 112.186 3662.1399069283375 3363
330 0.8 11193.353500000001 5674.963872864324 22668.985 112.186 3861.258257197175 3682
340 0 0 0 22668.985 112.186 3877.154398644986 3690
350 0 0 0 22668.985 112.186 3877.154398644986 3690
360 0 0 0 22668.985 112.186 3877.154398644986 3690
370 8.4 1296.8139166666672 752.2351083578985 22668.985 112.186 3877.154398644986 3690
380 177.5 3055.1707701408536 1984.561932760961 22668.985 112.186 3819.722337042925 3774
390 165.1 4552.392150817685 2789.6040377417526 22668.985 112.186 3575.1595273022194 5549
400 13.8 8604.478695652171 3782.068709045478 22668.985 112.186 3799.2443969444466 7200
410 0.2 16652.552 3199.043 22668.985 112.186 3889.612662578361 7338
420 0 0 0 22668.985 112.186 3893.0903027247973 7340
430 0 0 0 22668.985 112.186 3893.0903027247973 7340
440 0 0 0 22668.985 112.186 3893.0903027247973 7340
450 170.1 2473.571840094061 1535.5221182815683 22668.985 112.186 3893.0903027247973 7340
460 450.3 3865.134530313116 2459.121857635279 22668.985 112.186 3626.0179761088384 9041
470 116.9 6467.163661248925 3260.2036810247314 22668.985 112.186 3705.51752155936 13544
480 2.6 13234.293346153845 4346.73571833033 22867.86 112.186 3924.940095969548 14713
490 0.1 22765.2 0.0 22867.86 112.186 3941.3620502747785 14739
500 0 0 0 22867.86 112.186 3942.639108480323 14740
510 0 0 0 22867.86 112.186 3942.639108480323 14740
520 33.9 1176.1189764011797 635.4440909197436 22867.86 112.186 3942.639108480323 14740
530 632.7 3297.0500422000864 2044.6565261046437 22867.86 112.186 3880.4433179919065 15079
540 447.3 5933.433062374249 3065.3556335742946 22867.86 112.186 3708.0089885546063 21406
550 77.9 9873.068815147612 4121.901714000937 27332.128 112.186 4092.65761803006 25879
560 3.3 15705.33690909091 4195.304492540681 27332.128 112.186 4261.572777552701 26658
570 0 0 0 27332.128 112.186 4275.721524933495 26691
580 0 0 0 27332.128 112.186 4275.721524933495 26691
590 0 0 0 27332.128 112.186 4275.721524933495 26691
592 0 0 0 27332.128 112.186 4275.721524933495 26691
