10 0.4 4.096 1.6285174239166125 5.423 1.331 0 0
20 0.1 160.555 0.0 160.555 1.331 4.096 4
30 0.1 16.187 0.0 160.555 1.331 35.387800000000006 5
40 0 0 0 160.555 1.331 32.18766666666667 6
50 0.8 210.64124999999999 25.330867576683985 249.487 1.331 32.18766666666667 6
60 0.6 180.471 31.670353792361293 249.487 1.331 134.16114285714283 14
70 0.1 170.463 0.0 249.487 1.331 148.05409999999998 20
80 0 0 0 249.487 1.331 149.12119047619046 21
90 0.6 184.93083333333334 35.047998684740286 259.461 1.331 149.12119047619046 21
100 2.8 180.54507142857145 33.444351787632215 259.461 1.331 157.07888888888886 27
110 0.9 175.63244444444445 23.940062425014276 259.461 1.331 169.02530909090908 55
120 0 0 0 259.461 1.331 169.95443749999998 64
130 0 0 0 259.461 1.331 169.95443749999998 64
140 0.9 198.81488888888887 67.17288918313605 380.476 1.331 169.95443749999998 64
150 4 189.35832499999995 34.059804488126105 380.476 1.331 173.51257534246574 73
160 1.7 188.55170588235296 62.702460636363156 392.666 1.331 179.1216902654867 113
170 0.1 185.729 0.0 392.666 1.331 180.35484615384613 130
180 0 0 0 392.666 1.331 180.3958702290076 131
190 6.7 194.85186567164186 45.81487807646182 392.666 1.331 180.3958702290076 131
200 7.1 210.96338028169006 67.94293728726764 533.91 1.331 185.28754545454547 198
210 1.4 185.66528571428566 35.43188818489552 533.91 1.331 192.06443866171003 269
220 0.2 170.1775 9.499500000000005 533.91 1.331 191.7478727915194 283
230 0 0 0 533.91 1.331 191.59650175438594 285
240 4.6 197.96410869565213 48.96074960318292 533.91 1.331 191.59650175438594 285
250 15.6 229.59286538461524 158.43874593016756 1474.493 1.331 192.48142598187306 331
260 8.5 200.77879999999996 51.353084916968825 1474.493 1.331 204.36927926078022 487
270 1.1 218.05836363636362 65.58697625744797 1474.493 1.331 203.83572902097893 572
280 0 0 0 1474.493 1.331 204.1040806174956 583
290 0 0 0 1474.493 1.331 204.1040806174956 583
300 1.5 219.0290666666667 69.2689962176121 1474.493 1.331 204.1040806174956 583
310 22.8 223.3106798245614 84.01212388847665 1474.493 1.331 204.47845317725745 598
320 28.5 226.64639649122802 107.20020256890717 1474.493 1.331 209.6766949152542 826
330 4.9 197.41248979591836 48.09175555001655 1474.493 1.331 214.02985868586853 1111
340 0 0 0 1474.493 1.331 213.32791810344824 1160
350 0 0 0 1474.493 1.331 213.32791810344824 1160
360 0 0 0 1474.493 1.331 213.32791810344824 1160
370 0 0 0 1474.493 1.331 213.32791810344824 1160
380 17.3 240.8798150289016 131.96425862594052 1615.603 1.331 213.32791810344824 1160
390 60.1 263.9076422628956 132.39002513246925 1826.45 1.331 216.90367066766686 1333
400 31 247.79623548387093 142.2424140441105 1826.45 1.331 231.51038572905904 1934
410 3.1 208.08554838709674 35.252643119244546 1826.45 1.331 233.76021345811063 2244
420 0.1 230.547 0.0 1826.45 1.331 233.410360879121 2275
430 0 0 0 1826.45 1.331 233.4091028119509 2276
440 0 0 0 1826.45 1.331 233.4091028119509 2276
450 4.8 252.58750000000012 47.54840320049314 1826.45 1.331 233.4091028119509 2276
460 90.7 368.276187431092 145.58332168086463 2182.229 1.331 233.80521428571438 2324
470 110.5 413.0254895927604 279.6274192591544 3084.162 1.331 271.5536428350358 3231
480 21.2 274.8977877358491 101.90513545772737 3084.162 1.331 307.6067772140224 4336
490 1 224.6083 25.866100514186524 3084.162 1.331 306.0820837730873 4548
500 0.1 203.908 0.0 3084.162 1.331 305.90333479596336 4558
510 0 0 0 3084.162 1.331 305.88096249177477 4559
520 0.1 303.533 0.0 3084.162 1.331 305.88096249177477 4559
530 49.9 528.5382344689377 271.00801835580705 3084.162 1.331 305.8804475877196 4560
540 115.6 1230.309308823529 1068.4329362466049 8978.388 0.776 327.8425420043489 5059
550 143.4 1410.6881847977654 1486.9973221336206 11026.196 0.776 495.70281271118273 6215
560 47.4 1046.677951476794 1889.9408940087305 12608.213 0.776 667.2401409334548 7649
570 2 281.04505 27.376351613162402 12608.213 0.776 689.3814092084201 8123
580 0.1 255.903 0.0 12608.213 0.776 688.3784953948172 8143
590 0 0 0 12608.213 0.776 688.3253918221999 8144
592 0 0 0 12608.213 0.776 688.3253918221999 8144
