10 0.5 21.217399999999998 24.884037008492008 60.794 1.298 0 0
20 0.1 58.648 0.0 60.794 1.298 21.217399999999998 5
30 0 0 0 60.794 1.298 27.45583333333333 6
40 0.1 39.286 0.0 60.794 1.298 27.45583333333333 6
50 0.7 51.53214285714286 16.358847037861906 78.747 1.298 29.145857142857142 7
60 0.7 46.939 20.094850093636285 84.669 1.298 40.339 14
70 0 0 0 84.669 1.298 42.539 21
80 0 0 0 84.669 1.298 42.539 21
90 1.1 33.54490909090909 8.90192179919641 84.669 1.298 42.539 21
100 2.7 36.73151851851851 14.093274816893052 98.638 1.298 39.44728125 32
110 0.5 30.4022 2.9946861204473523 98.638 1.298 38.20447457627118 59
120 0 0 0 98.638 1.298 37.594921875 64
130 0 0 0 98.638 1.298 37.594921875 64
140 1.7 38.5 30.029942857088496 157.068 1.298 37.594921875 64
150 3.9 31.229153846153856 20.120211671846825 157.068 1.298 37.784876543209876 81
160 1 31.6852 5.853777597415193 157.068 1.298 35.65426666666667 120
170 0.1 41.643 0.0 157.068 1.298 35.34895384615385 130
180 0.6 27.50533333333333 3.476170674111896 157.068 1.298 35.397000000000006 131
190 9.2 26.915141304347827 6.918421462615652 157.068 1.298 35.0513795620438 137
200 4.8 28.433770833333337 11.084215528623693 157.068 1.298 31.782672489082973 229
210 0.6 31.823000000000004 4.626246498692722 157.068 1.298 31.20235740072203 277
220 0.2 32.193 1.1300000000000017 157.068 1.298 31.215515901060076 283
230 0 0 0 157.068 1.298 31.222375438596497 285
240 7.6 26.943789473684216 15.337833842560505 157.068 1.298 31.222375438596497 285
250 15.8 26.616132911392413 6.42630759299638 157.068 1.298 30.321620498614966 361
260 6.1 29.10190163934426 10.354960318776694 157.068 1.298 29.193552986512532 519
270 0.3 28.533666666666665 2.468051097976342 157.068 1.298 29.183913793103457 580
280 0 0 0 157.068 1.298 29.18056775300172 583
290 0 0 0 157.068 1.298 29.18056775300172 583
300 3.4 27.05282352941176 5.127707580165005 157.068 1.298 29.18056775300172 583
310 28.2 30.090556737588653 21.320030497229816 174.308 1.298 29.063317666126423 617
320 23.6 33.61400423728812 76.60648607278283 1184.559 1.298 29.38554393770857 899
330 2.5 67.69364 192.62149341273008 1184.559 1.298 30.26476563876652 1135
340 0 0 0 1184.559 1.298 31.0714224137931 1160
350 0 0 0 1184.559 1.298 31.0714224137931 1160
360 0 0 0 1184.559 1.298 31.0714224137931 1160
370 0.1 25.955 0.0 1184.559 1.298 31.0714224137931 1160
380 27.9 40.25148387096772 79.95709043988373 1184.559 1.298 31.067015503875968 1161
390 62.1 52.64121417069244 135.8718953978314 1512.227 1.298 32.84650625 1440
400 20.1 45.298611940298535 127.39584922652675 1515.095 1.298 38.81085055798156 2061
410 1.4 26.42142857142857 3.2057888646787025 1515.095 1.298 39.3873492484527 2262
420 0 0 0 1515.095 1.298 39.30759402460457 2276
430 0 0 0 1515.095 1.298 39.30759402460457 2276
440 0 0 0 1515.095 1.298 39.30759402460457 2276
450 12.7 45.87289763779527 53.85967074435479 1515.095 1.298 39.30759402460457 2276
460 116.1 97.51722394487511 177.36157383988512 2216.091 1.298 39.654574282147316 2403
470 89.3 123.04685890257544 331.84127907931656 4758.207 1.298 58.50377076318743 3564
480 9.7 31.767484536082474 29.163843647770726 4758.207 1.298 71.4355584473861 4457
490 0.5 32.576800000000006 2.9302940739796086 4758.207 1.298 70.5906302151954 4554
500 0 0 0 4758.207 1.298 70.54893924106162 4559
510 0 0 0 4758.207 1.298 70.54893924106162 4559
520 0.1 31.874 0.0 4758.207 1.298 70.54893924106162 4559
530 83 216.82799879518083 312.69361468368015 4758.207 1.298 70.54045789473683 4560
540 134.7 1787.739300668152 1795.4115634788086 9914.543 0.794 93.06711076066792 5390
550 119.6 2529.7586245819434 2978.14200780516 17984.814 0.794 431.9009299391422 6737
560 20.4 2343.733637254903 3732.8340966048963 17984.814 0.794 748.179488213791 7933
570 0.7 31.255571428571425 3.3719582634742467 17984.814 0.794 788.1810915570856 8137
580 0 0 0 17984.814 0.794 787.5304925098238 8144
590 0 0 0 17984.814 0.794 787.5304925098238 8144
592 0 0 0 17984.814 0.794 787.5304925098238 8144
