10 0.5 37.870400000000004 44.10986963753123 94.749 1.582 0 0
20 0.4 862.41275 1380.9353679822193 3253.267 1.582 37.870400000000004 5
30 0 0 0 3253.267 1.582 404.33366666666666 9
40 0.2 129.712 9.205999999999996 3253.267 1.582 404.33366666666666 9
50 1.3 92.06853846153847 21.738515367944682 3253.267 1.582 354.40245454545453 11
60 0.5 102.35579999999999 20.914579540597988 3253.267 1.582 212.30491666666663 24
70 0 0 0 3253.267 1.582 193.34817241379307 29
80 0.1 110.227 0.0 3253.267 1.582 193.34817241379307 29
90 1.6 88.64343749999999 47.90620984142969 3253.267 1.582 190.57746666666662 30
100 1.9 78.3477894736842 10.486905843298345 3253.267 1.582 155.122152173913 46
110 0.3 81.536 7.82564813077273 3253.267 1.582 132.68041538461537 65
120 0 0 0 3253.267 1.582 130.42404411764704 68
130 0 0 0 3253.267 1.582 130.42404411764704 68
140 3.3 70.2960606060606 5.865944605733932 3253.267 1.582 130.42404411764704 68
150 3 70.73456666666667 6.524883706158208 3253.267 1.582 110.77826732673267 101
160 0.4 71.47825 5.166682899840093 3253.267 1.582 101.60795419847328 131
170 0 0 0 3253.267 1.582 100.71522222222222 135
180 1.5 72.76606666666666 6.556502903903035 3253.267 1.582 100.71522222222222 135
190 7 70.49777142857144 9.733502842056737 3253.267 1.582 97.92030666666666 150
200 5.4 71.78144444444446 11.013703369601899 3253.267 1.582 89.19495454545454 220
210 0.1 74.642 0.0 3253.267 1.582 85.76309489051094 274
220 0 0 0 3253.267 1.582 85.72265454545455 275
230 0.4 70.0195 5.107440919873668 3253.267 1.582 85.72265454545455 275
240 10.8 69.88062037037032 8.601586924771492 3253.267 1.582 85.49751971326165 279
250 14.1 72.56067375886522 18.382214408890402 3253.267 1.582 81.13931524547802 387
260 3.4 71.4890294117647 12.098341618209487 3253.267 1.582 78.84842803030301 528
270 0.1 75.411 0.0 3253.267 1.582 78.40319750889677 562
280 0 0 0 3253.267 1.582 78.3978827708703 563
290 0 0 0 3253.267 1.582 78.3978827708703 563
300 5 72.33095999999996 8.823354323521192 3253.267 1.582 78.3978827708703 563
310 29.6 79.42588175675678 33.155546101469874 3253.267 1.582 77.90302773246326 613
320 17.8 78.97395505617976 74.4188719773419 3253.267 1.582 78.39891859185917 909
330 1.7 73.04111764705881 13.188402939848567 3253.267 1.582 78.49308279668811 1087
340 0 0 0 3253.267 1.582 78.40913043478258 1104
350 0 0 0 3253.267 1.582 78.40913043478258 1104
360 0 0 0 3253.267 1.582 78.40913043478258 1104
370 0.2 72.321 0.6359999999999957 3253.267 1.582 78.40913043478258 1104
380 36.8 92.06220923913047 74.16082795063082 3253.267 1.582 78.39812115732366 1106
390 56 104.07634107142856 129.27970716774666 3253.267 1.582 81.8095081411126 1474
400 11.6 104.53774137931032 167.67713556853124 3253.267 1.582 87.94000294985248 2034
410 0.4 67.45649999999999 3.0222422553461845 3253.267 1.582 88.83550883720928 2150
420 0 0 0 3253.267 1.582 88.79580779944287 2154
430 0 0 0 3253.267 1.582 88.79580779944287 2154
440 0 0 0 3253.267 1.582 88.79580779944287 2154
450 21.9 113.57655707762551 65.43163509228148 3253.267 1.582 88.79580779944287 2154
460 123.2 200.5056452922079 248.03108278461477 3361.785 1.582 91.08277960387692 2373
470 67.5 205.1448800000001 362.20064128783304 3361.785 1.582 128.4777783633842 3605
480 5.1 128.08998039215683 203.4033575120049 3361.785 1.582 140.56896845794392 4280
490 0.2 68.5265 2.5884999999999962 3361.785 1.582 140.42202124220734 4331
500 0 0 0 3361.785 1.582 140.38883614124163 4333
510 0 0 0 3361.785 1.582 140.38883614124163 4333
520 0.8 81.295875 9.680473121669985 3361.785 1.582 140.38883614124163 4333
530 109.7 386.0143910665448 422.0732087421058 3361.785 1.582 140.27993411656297 4341
540 126 2604.4407873015825 2060.6934350939305 10664.9 0.805 189.85159635895542 5438
550 98.4 4278.332489837394 3671.0862275431377 18292.795 0.805 644.0741076440719 6698
560 13.8 6018.491471014492 5038.635744857063 20077.816 0.805 1109.5922341838047 7682
570 0 0 0 20077.816 0.805 1196.2198677749348 7820
580 0 0 0 20077.816 0.805 1196.2198677749348 7820
590 0 0 0 20077.816 0.805 1196.2198677749348 7820
592 0 0 0 20077.816 0.805 1196.2198677749348 7820
