0 0.1 9.276 0 9.276 9.276 0 0
10 0 0 0 9.276 9.276 9.276 1
20 0.1 8.836 0.0 9.276 8.836 9.276 1
30 0.1 54.661 0.0 54.661 8.836 9.056000000000001 2
40 0 0 0 54.661 8.836 24.257666666666665 3
50 0.2 7.022 0.20500000000000007 54.661 6.817 24.257666666666665 3
60 0.1 7.107 0.0 54.661 6.817 17.3634 5
70 0 0 0 54.661 6.817 15.653999999999998 6
80 0 0 0 54.661 6.817 15.653999999999998 6
90 0 0 0 54.661 6.817 15.653999999999998 6
100 0.1 6.862 0.0 54.661 6.817 15.653999999999998 6
110 0.2 8.8265 0.46850000000000014 54.661 6.817 14.397999999999998 7
120 0 0 0 54.661 6.817 13.159888888888888 9
130 0 0 0 54.661 6.817 13.159888888888888 9
140 0.1 8.689 0.0 54.661 6.817 13.159888888888888 9
150 1.1 8.80918181818182 1.8286523014694236 54.661 6.134 12.712799999999998 10
160 0.2 10.2815 1.1395 54.661 6.134 10.668047619047618 21
170 0.1 8.255 0.0 54.661 6.134 10.634434782608693 23
180 0.1 5.945 0.0 54.661 5.945 10.535291666666664 24
190 1.7 7.5538823529411765 0.9679322340373737 54.661 5.693 10.351679999999996 25
200 1.8 7.9430555555555555 1.1699167336098097 54.661 5.693 9.219238095238094 42
210 0 0 0 54.661 5.693 8.836383333333332 60
220 0 0 0 54.661 5.693 8.836383333333332 60
230 0 0 0 54.661 5.693 8.836383333333332 60
240 1.9 7.07157894736842 1.0663740982654837 54.661 5.693 8.836383333333332 60
250 4.2 10.401761904761905 17.64072982078625 122.971 5.157 8.411936708860758 79
260 1.6 7.3420000000000005 0.9867374270797676 122.971 5.157 9.102619834710744 121
270 0 0 0 122.971 5.157 8.896999999999998 137
280 0 0 0 122.971 5.157 8.896999999999998 137
290 0 0 0 122.971 5.157 8.896999999999998 137
300 0.5 7.6788 1.5405404765860582 122.971 5.157 8.896999999999998 137
310 7.3 7.54782191780822 1.4199735608426702 122.971 5.157 8.854105633802817 142
320 6.7 16.209014925373143 69.15214053075185 577.811 5.157 8.410576744186047 215
330 0.5 7.1614 0.49369083442980793 577.811 5.157 10.26339716312057 282
340 0 0 0 577.811 5.157 10.209355400696868 287
350 0 0 0 577.811 5.157 10.209355400696868 287
360 0 0 0 577.811 5.157 10.209355400696868 287
370 0 0 0 577.811 5.157 10.209355400696868 287
380 9.1 7.388989010989011 1.7818906337507003 577.811 5.131 10.209355400696868 287
390 17.6 13.79969318181819 49.00009029441076 601.977 5.131 9.53037830687831 378
400 7.6 7.430144736842104 1.2531671529615558 601.977 5.131 10.886694945848381 554
410 0.4 8.2905 1.1535758535961125 601.977 5.131 10.46971428571429 630
420 0.1 7.939 0.0 601.977 5.131 10.455965299684546 634
430 0 0 0 601.977 5.131 10.452001574803154 635
440 0 0 0 601.977 5.131 10.452001574803154 635
450 4.1 10.408170731707317 18.746751891542328 601.977 5.131 10.452001574803154 635
460 35.4 17.753731638418078 52.65995321416815 649.108 5.131 10.449343195266275 676
470 31.5 31.065304761904763 125.67602000713619 1002.897 5.131 12.959783495145633 1030
480 4.2 9.775595238095233 14.172112930244257 1002.897 5.131 17.20011003717472 1345
490 0.2 6.807499999999999 0.8374999999999997 1002.897 5.131 16.975286950252343 1387
500 0 0 0 1002.897 5.131 16.96064650827934 1389
510 0 0 0 1002.897 5.131 16.96064650827934 1389
520 0.1 8.359 0.0 1002.897 5.131 16.96064650827934 1389
530 33.5 35.24908358208955 74.28142692718875 1002.897 5.131 16.9544582733813 1390
540 49 228.2022571428573 479.63158385719606 4508.686 5.131 20.507327536231884 1725
550 32.5 247.08751076923065 620.2804598508478 7044.775 5.131 66.45338419864564 2215
560 4.1 273.558024390244 1216.946245322432 7755.23 5.131 89.56601850393702 2540
570 0.1 6.644 0.0 7755.23 5.131 92.48878961642777 2581
580 0 0 0 7755.23 5.131 92.45554221533698 2582
590 0 0 0 7755.23 5.131 92.45554221533698 2582
592 0 0 0 7755.23 5.131 92.45554221533698 2582
