0 0.3 37.397666666666666 28.708804251580307 72.316 1.999 0 0
10 0.2 2.707 0.5300000000000001 72.316 1.999 37.397666666666666 3
20 0 0 0 72.316 1.999 23.5214 5
30 0 0 0 72.316 1.999 23.5214 5
40 0.5 42.0566 27.415310960118617 93.056 1.999 23.5214 5
50 0.3 37.31766666666667 15.92839228826591 93.056 1.999 32.789 10
60 0 0 0 93.056 1.999 33.83407692307692 13
70 0 0 0 93.056 1.999 33.83407692307692 13
80 0.1 20.873 0.0 93.056 1.999 33.83407692307692 13
90 0.7 28.540857142857142 18.554076390213485 93.056 1.999 32.90828571428571 14
100 0.1 18.937 0.0 93.056 1.999 31.452476190476187 21
110 0 0 0 93.056 1.999 30.88359090909091 22
120 0 0 0 93.056 1.999 30.88359090909091 22
130 0.3 19.733666666666664 4.277610418082612 93.056 1.999 30.88359090909091 22
140 2 18.100150000000006 2.686390836698933 93.056 1.999 29.5456 25
150 0.2 19.629 1.1829999999999998 93.056 1.999 24.458733333333335 45
160 0 0 0 93.056 1.999 24.25321276595745 47
170 0 0 0 93.056 1.999 24.25321276595745 47
180 2.7 18.87955555555555 2.546533392867182 93.056 1.999 24.25321276595745 47
190 1.9 17.974368421052628 3.8499035696813073 93.056 1.999 22.29255405405405 74
200 0 0 0 93.056 1.999 21.410344086021503 93
210 0 0 0 93.056 1.999 21.410344086021503 93
220 0 0 0 93.056 1.999 21.410344086021503 93
230 2.1 20.740190476190474 6.731301986979138 93.056 1.999 21.410344086021503 93
240 6.4 16.98578125000002 3.7931097254954853 93.056 1.999 21.286894736842104 114
250 0.9 16.898 2.3420561716387405 93.056 1.999 19.74042696629214 178
260 0 0 0 93.056 1.999 19.603625668449205 187
270 0 0 0 93.056 1.999 19.603625668449205 187
280 0 0 0 93.056 1.999 19.603625668449205 187
290 0 0 0 93.056 1.999 19.603625668449205 187
300 9.8 17.21624489795917 3.6543555339616884 93.056 1.999 19.603625668449205 187
310 9.3 20.016580645161294 21.46142341946901 182.544 1.999 18.782701754385965 285
320 0 0 0 182.544 1.999 19.086275132275134 378
330 0 0 0 182.544 1.999 19.086275132275134 378
340 0 0 0 182.544 1.999 19.086275132275134 378
350 0 0 0 182.544 1.999 19.086275132275134 378
360 0 0 0 182.544 1.999 19.086275132275134 378
370 8.1 17.120790123456786 2.444101631093177 182.544 1.999 19.086275132275134 378
380 22.8 19.973179824561395 19.560123007724467 182.544 1.999 18.73942483660131 459
390 4.9 32.8315306122449 78.74583447333659 551.301 1.999 19.14888064046579 687
400 0 0 0 551.301 1.999 20.059817934782608 736
410 0 0 0 551.301 1.999 20.059817934782608 736
420 0 0 0 551.301 1.999 20.059817934782608 736
430 0 0 0 551.301 1.999 20.059817934782608 736
440 0 0 0 551.301 1.999 20.059817934782608 736
450 41.5 19.60736867469882 18.74712363637614 551.301 1.999 20.059817934782608 736
460 33.5 48.71641791044779 127.33641759600258 1899.222 1.999 19.896684622067777 1151
470 0 0 0 1899.222 1.999 26.39373082099598 1486
480 0 0 0 1899.222 1.999 26.39373082099598 1486
490 0 0 0 1899.222 1.999 26.39373082099598 1486
500 0 0 0 1899.222 1.999 26.39373082099598 1486
510 0 0 0 1899.222 1.999 26.39373082099598 1486
520 35 19.33389714285715 15.541833460355328 1899.222 1.999 26.39373082099598 1486
530 69.8 82.79114899713464 186.16577412082611 2436.818 1.999 25.047901960784326 1836
540 16.7 1188.6340239520957 1365.1167422551687 7272.666 1.999 40.953500394633 2534
550 0 0 0 7272.666 1.999 111.91338467234358 2701
560 0 0 0 7272.666 1.999 111.91338467234358 2701
570 0 0 0 7272.666 1.999 111.91338467234358 2701
580 0 0 0 7272.666 1.999 111.91338467234358 2701
590 0 0 0 7272.666 1.999 111.91338467234358 2701
592 0 0 0 7272.666 1.999 111.91338467234358 2701
