10 0.4 9.909749999999999 14.00993239410883 34.171 1.387 0 0
20 0.1 1.147 0.0 34.171 1.147 9.909749999999999 4
30 0.1 5.431 0.0 34.171 1.147 8.1572 5
40 0 0 0 34.171 1.147 7.702833333333333 6
50 0.8 35.445375 17.24981752032105 61.65 1.147 7.702833333333333 6
60 0.6 24.23466666666667 17.934104732479835 64.277 1.147 23.555714285714284 14
70 0.1 62.876 0.0 64.277 1.147 23.7594 20
80 0 0 0 64.277 1.147 25.622095238095238 21
90 0.6 14.4595 1.6554046584848474 64.277 1.147 25.622095238095238 21
100 2.7 15.463370370370368 5.9301912788346485 64.277 1.147 23.141518518518517 27
110 1 14.9656 0.92578509385278 64.277 1.147 19.302444444444443 54
120 0 0 0 64.277 1.147 18.624812499999997 64
130 0 0 0 64.277 1.147 18.624812499999997 64
140 0.9 13.880111111111113 3.493073509562872 64.277 1.147 18.624812499999997 64
150 3.9 13.756743589743587 2.9557457535949885 64.277 1.147 18.03984931506849 73
160 1.8 14.854055555555554 2.5306545809384366 64.277 1.147 16.548410714285712 112
170 0.1 14.687 0.0 64.277 1.147 16.31380769230769 130
180 0 0 0 64.277 1.147 16.301389312977097 131
190 6.7 12.740552238805973 6.812622922420702 66.211 1.147 16.301389312977097 131
200 7.1 13.212154929577459 7.9363827369796 77.773 1.147 15.096459595959594 198
210 1.4 13.525142857142859 1.866356031612054 77.773 1.147 14.599115241635685 269
220 0.2 16.8525 0.2504999999999997 77.773 1.147 14.54598586572438 283
230 0 0 0 77.773 1.147 14.562171929824558 285
240 4.6 11.70936956521739 2.0248211768460345 77.773 1.147 14.562171929824558 285
250 15.6 21.9312564102564 50.447917236603296 487.3 1.147 14.165709969788518 331
260 8.5 12.077694117647061 3.0550947073931876 487.3 1.147 16.653236139630383 487
270 1.1 14.134090909090908 1.9923035299300906 487.3 1.147 15.97330419580419 572
280 0 0 0 487.3 1.147 15.938602058319033 583
290 0 0 0 487.3 1.147 15.938602058319033 583
300 1.5 10.612000000000002 2.0308556817263024 487.3 1.147 15.938602058319033 583
310 22.8 12.432201754385966 9.221831678789567 487.3 1.147 15.80499163879598 598
320 28.4 14.018404929577455 38.13442555592516 652.149 1.147 14.874003631961255 826
330 5 12.825359999999996 2.320686827299196 652.149 1.147 14.655093693693688 1110
340 0 0 0 652.149 1.147 14.576225862068958 1160
350 0 0 0 652.149 1.147 14.576225862068958 1160
360 0 0 0 652.149 1.147 14.576225862068958 1160
370 0 0 0 652.149 1.147 14.576225862068958 1160
380 17.3 18.762670520231225 29.175124645331575 652.149 1.147 14.576225862068958 1160
390 60.1 25.544618968386036 100.55950106076621 1648.646 1.147 15.119552888222051 1333
400 31 17.65063225806451 83.42115561438206 1648.646 1.147 18.359193381592554 1934
410 3.1 12.921161290322583 2.6396231536604366 1648.646 1.147 18.26130837789661 2244
420 0.1 16.72 0.0 1648.646 1.147 18.188541538461536 2275
430 0 0 0 1648.646 1.147 18.187896309314585 2276
440 0 0 0 1648.646 1.147 18.187896309314585 2276
450 4.8 19.19502083333334 25.039580805937348 1648.646 1.147 18.187896309314585 2276
460 89.9 37.361472747497196 82.74920003721338 1648.646 1.147 18.208697504302922 2324
470 111.1 64.59566246624648 249.53625123587122 2537.511 1.147 23.551032268073214 3223
480 21.4 35.53409813084115 170.9687060263431 2537.511 1.147 34.07262528841712 4334
490 1 12.9695 2.288197336332686 2537.511 1.147 34.14139291996478 4548
500 0.1 11.315 0.0 2537.511 1.147 34.09494295743743 4558
510 0 0 0 2537.511 1.147 34.08994626014473 4559
520 0.1 40.249 0.0 2537.511 1.147 34.08994626014473 4559
530 46.1 132.59655748373103 231.69388161813688 2537.511 1.147 34.09129692982452 4560
540 108.6 776.9709373848988 1098.3254442110992 8354.346 1.147 43.135496315474974 5021
550 148.9 785.6124909335127 1424.1197471765167 12654.943 1.147 173.63251432782053 6107
560 52.7 441.73328652751434 1552.3543652495582 12654.943 1.147 293.5954139020538 7596
570 2 11.68195 1.4045926624826146 12654.943 1.147 303.206229964299 8123
580 0.1 16.344 0.0 12654.943 1.147 302.490217978632 8143
590 0 0 0 12654.943 1.147 302.4550821463655 8144
592 0 0 0 12654.943 1.147 302.4550821463655 8144
