10 0.5 11.5042 11.391257110608997 33.404 1.282 0 0
20 0.4 34.7385 11.677948567706574 46.62 1.282 11.5042 5
30 0 0 0 46.62 1.282 21.83055555555556 9
40 0.2 20.0625 0.21750000000000114 46.62 1.282 21.83055555555556 9
50 1.3 32.71800000000001 23.4091681612141 103.496 1.282 21.50909090909091 11
60 0.5 21.0372 8.724141686148846 103.496 1.282 27.58058333333334 24
70 0 0 0 103.496 1.282 26.452413793103457 29
80 0.1 55.467 0.0 103.496 1.282 26.452413793103457 29
90 1.6 28.282312499999996 18.068793414748082 103.496 1.282 27.419566666666675 30
100 1.9 16.209842105263164 2.8036511582532007 103.496 1.282 27.71965217391305 46
110 0.3 19.687 3.8440791701871424 103.496 1.282 24.35524615384616 65
120 0 0 0 103.496 1.282 24.149294117647063 68
130 0 0 0 103.496 1.282 24.149294117647063 68
140 3.3 15.999909090909092 5.639207962673571 103.496 1.282 24.149294117647063 68
150 3 16.50326666666667 4.039600293208338 103.496 1.282 21.48662376237624 101
160 0.4 17.508 3.465865909119971 103.496 1.282 20.345396946564886 131
170 0 0 0 103.496 1.282 20.26132592592593 135
180 1.5 13.694999999999999 2.148324494421951 103.496 1.282 20.26132592592593 135
190 7 18.885414285714287 43.9369024610432 383.104 1.282 19.604693333333337 150
200 5.4 13.567740740740739 2.246594922899865 383.104 1.282 19.375831818181823 220
210 0.1 13.629 0.0 383.104 1.282 18.231171532846716 274
220 0 0 0 383.104 1.282 18.214436363636363 275
230 0.4 13.08925 2.068463968141577 383.104 1.282 18.214436363636363 275
240 10.8 13.224731481481486 5.576341895647816 383.104 1.282 18.14095698924731 279
250 14 34.762564285714284 97.37957203784804 784.523 1.282 16.768987080103358 387
260 3.5 12.738628571428574 2.5029718802793983 784.523 1.282 21.549064516129032 527
270 0.1 11.586 0.0 784.523 1.282 21.000371886121 562
280 0 0 0 784.523 1.282 20.983650088809945 563
290 0 0 0 784.523 1.282 20.983650088809945 563
300 5 12.29104 2.316718506508722 784.523 1.282 20.983650088809945 563
310 29.6 17.291347972972982 52.773688209117076 891.264 1.282 20.274628058727565 613
320 17.8 17.338168539325835 48.51426097243916 891.264 1.282 19.30317491749175 909
330 1.7 12.831588235294117 2.3748952684975775 891.264 1.282 18.981398344066235 1087
340 0 0 0 891.264 1.282 18.88670018115942 1104
350 0 0 0 891.264 1.282 18.88670018115942 1104
360 0 0 0 891.264 1.282 18.88670018115942 1104
370 0.2 12.9535 0.5124999999999993 891.264 1.282 18.88670018115942 1104
380 36.6 16.354226775956285 17.94464836476077 891.264 1.282 18.875971066907773 1106
390 56.2 24.062161921708213 72.85157524552862 995.459 1.282 18.248961277173912 1472
400 11.6 13.789181034482763 12.298079164284953 995.459 1.282 19.855165191740422 2034
410 0.4 13.95525 1.1753132295264952 995.459 1.282 19.527884186046517 2150
420 0 0 0 995.459 1.282 19.517535747446615 2154
430 0 0 0 995.459 1.282 19.517535747446615 2154
440 0 0 0 995.459 1.282 19.517535747446615 2154
450 21.3 16.379558685446014 19.32920176193518 995.459 1.282 19.517535747446615 2154
460 123.1 49.81016571892763 150.45342930541574 2496.402 1.282 19.235157583438955 2367
470 68.2 79.15351173020528 280.69848150198925 2496.402 1.282 29.69592329071704 3598
480 5.1 25.637529411764707 77.59999305522332 2496.402 1.282 37.57678200934578 4280
490 0.2 13.5475 1.6524999999999999 2496.402 1.282 37.436190487185385 4331
500 0 0 0 2496.402 1.282 37.42516408954533 4333
510 0 0 0 2496.402 1.282 37.42516408954533 4333
520 0.7 13.581571428571428 4.059499365936743 2496.402 1.282 37.42516408954533 4333
530 102.5 110.4948985365853 219.73854033564191 2588.32 1.282 37.38670668202763 4340
540 118.2 891.4953519458545 1180.086832700657 9065.979 1.282 51.35425498602048 5365
550 108.8 1020.5692205882352 1693.2775946208417 11705.741 1.282 203.0339214907591 6547
560 18.5 1457.8705189189195 2913.7623612104994 11705.741 1.282 319.5340400785854 7635
570 0 0 0 11705.741 1.282 346.46399514066496 7820
580 0 0 0 11705.741 1.282 346.46399514066496 7820
590 0 0 0 11705.741 1.282 346.46399514066496 7820
592 0 0 0 11705.741 1.282 346.46399514066496 7820
