10 0.3 4.837666666666666 2.28823517633617 6.835 1.634 0 0
20 0.4 7.533 5.860448319028161 17.146 1.273 4.837666666666666 3
30 0 0 0 17.146 1.273 6.377857142857143 7
40 0 0 0 17.146 1.273 6.377857142857143 7
50 0.2 31.869 21.125 52.994 1.273 6.377857142857143 7
60 0.7 22.349857142857143 13.03634445287012 52.994 1.273 12.042555555555555 9
70 0.1 15.955 0.0 52.994 1.273 16.552 16
80 0 0 0 52.994 1.273 16.516882352941174 17
90 0.4 21.055000000000003 15.016639304451582 52.994 1.273 16.516882352941174 17
100 0.8 48.63162500000001 74.4144546760532 242.024 1.273 17.381285714285713 21
110 0.5 13.695800000000002 2.304509266633571 242.024 1.273 26.002068965517243 29
120 0 0 0 242.024 1.273 24.192323529411766 34
130 0 0 0 242.024 1.273 24.192323529411766 34
140 1 13.5605 1.9624538338518946 242.024 1.273 24.192323529411766 34
150 2.9 12.424689655172411 4.637748726323331 242.024 1.273 21.776 44
160 1 12.402800000000001 1.399505326892328 242.024 1.273 18.06109589041096 73
170 0 0 0 242.024 1.273 17.379373493975905 83
180 0.3 11.481333333333334 1.0312275317417694 242.024 1.273 17.379373493975905 83
190 4.9 11.028897959183672 3.7029707337344417 242.024 1.273 17.173627906976744 86
200 4.5 11.080288888888884 4.0944491455423035 242.024 1.273 14.943318518518518 135
210 0.6 12.156666666666668 1.7998067180178607 242.024 1.273 13.97756111111111 180
220 0.1 13.581 0.0 242.024 1.273 13.91882258064516 186
230 0 0 0 242.024 1.273 13.917016042780748 187
240 2.6 11.92053846153846 5.471513784564063 242.024 1.273 13.917016042780748 187
250 10.7 27.320308411214945 67.7474957480978 394.214 1.273 13.673314553990611 213
260 5.3 11.156641509433964 1.9325668734978148 394.214 1.273 18.236528125 320
270 0.9 12.809333333333335 2.7463032121987787 394.214 1.273 17.23053887399464 373
280 0.1 16.723 0.0 394.214 1.273 17.12637434554974 382
290 0 0 0 394.214 1.273 17.125321148825066 383
300 0.6 9.407833333333334 2.520125619664402 394.214 1.273 17.125321148825066 383
310 14.6 9.987691780821917 2.187290362761271 394.214 1.273 17.006285347043704 389
320 18.8 13.316196808510641 42.468415535480545 593.137 1.273 15.090930841121498 535
330 3.5 11.348114285714287 2.165748551180117 593.137 1.273 14.629450899031813 723
340 0.3 12.360666666666667 1.3950532447027089 593.137 1.273 14.477937994722955 758
350 0 0 0 593.137 1.273 14.469591327201051 761
360 0 0 0 593.137 1.273 14.469591327201051 761
370 0 0 0 593.137 1.273 14.469591327201051 761
380 14 13.401071428571422 18.35723617566609 593.137 1.273 14.469591327201051 761
390 39.9 16.91858395989974 53.85526394018982 991.774 1.273 14.303561598224196 901
400 21.3 18.926225352112677 81.33411743012284 991.774 1.273 15.106172307692306 1300
410 2.5 10.79132 1.696087632641663 991.774 1.273 15.64395902181097 1513
420 0.1 17.009 0.0 991.774 1.273 15.565079973992196 1538
430 0 0 0 991.774 1.273 15.566018193632226 1539
440 0 0 0 991.774 1.273 15.566018193632226 1539
450 3.9 18.28010256410256 29.100680689716953 991.774 1.273 15.566018193632226 1539
460 59.4 50.17342255892256 183.39459449472264 2291.216 1.273 15.63309632446134 1578
470 65.8 71.14597264437688 290.54894153278195 3058.457 1.273 25.079207642725592 2172
480 13.8 13.37360144927537 24.257880723215237 3058.457 1.273 35.79013745583038 2830
490 0.5 12.869399999999999 2.4971971968589104 3058.457 1.273 34.747859164420476 2968
500 0 0 0 3058.457 1.273 34.71106390850991 2973
510 0 0 0 3058.457 1.273 34.71106390850991 2973
520 0 0 0 3058.457 1.273 34.71106390850991 2973
530 43.7 113.88142105263161 211.99631236483702 3058.457 1.273 34.71106390850991 2973
540 94.1 715.416353878853 1096.4318558905265 8615.508 1.273 44.85694252199413 3410
550 89.9 711.3923259176865 1281.0061698714828 9054.743 1.273 189.8802489082971 4351
560 18.4 767.3825760869569 2221.578323065296 10288.634 1.273 279.1829836190478 5250
570 1 11.0963 1.671615030442117 10288.634 1.273 295.7138494663233 5434
580 0 0 0 10288.634 1.273 295.1910398603969 5444
590 0 0 0 10288.634 1.273 295.1910398603969 5444
592 0 0 0 10288.634 1.273 295.1910398603969 5444
