10 0.1 141.44 0 141.44 141.44 0 0
20 0.4 147.96125 24.508760111182692 176.159 112.463 141.44 1
30 0.1 108.419 0.0 176.159 108.419 146.657 5
40 0 0 0 176.159 108.419 140.28400000000002 6
50 0.3 41.013666666666666 14.589588075823876 176.159 21.21 140.28400000000002 6
60 0.7 32.55685714285714 18.08378420755197 176.159 11.13 107.1938888888889 9
70 0.5 27.892200000000003 17.856423016942674 176.159 11.13 74.5401875 16
80 0 0 0 176.159 11.13 63.43352380952381 21
90 0.3 20.644333333333332 6.896460750913391 176.159 11.13 63.43352380952381 21
100 2.1 19.125619047619047 10.05922282559022 176.159 11.13 58.084875000000004 24
110 1.7 19.814647058823525 7.40477277675909 176.159 11.13 39.903888888888886 45
120 0.2 17.5995 1.1065000000000005 176.159 11.13 34.395548387096774 62
130 0 0 0 176.159 11.13 33.870671875 64
140 0.1 11.023 0.0 176.159 11.023 33.870671875 64
150 3.3 14.14360606060606 3.91977977071064 176.159 10.345 33.51916923076923 65
160 2.6 15.188115384615385 3.2398090319661534 176.159 10.345 26.994744897959183 98
170 0.6 20.721 7.127909277387491 176.159 10.345 24.519161290322582 124
180 0.1 20.14 0.0 176.159 10.345 24.34386153846154 130
190 3.4 12.345911764705887 1.8747204555165493 176.159 9.917 24.311770992366412 131
200 8.5 13.023435294117643 5.607932590530203 176.159 8.945 21.84607878787879 165
210 3 14.41266666666667 2.8409717038756686 176.159 8.945 18.846379999999996 250
220 0.4 16.32925 1.9858272048443686 176.159 8.945 18.371339285714285 280
230 0.1 16.765 0.0 176.159 8.945 18.34257746478873 284
240 2 12.31415 2.1096862628125534 176.159 8.945 18.337042105263155 285
250 10.7 12.499345794392523 3.622607885180514 176.159 8.58 17.942098360655734 305
260 13.2 13.173053030303032 2.752982821205837 176.159 8.457 16.52856796116505 412
270 3.8 15.066552631578944 4.166924864474675 176.159 8.457 15.714362132352944 544
280 0.1 19.252 0.0 176.159 8.457 15.672065292096223 582
290 0 0 0 176.159 8.457 15.678205831903949 583
300 0.5 12.119199999999998 1.987390490064798 176.159 8.457 15.678205831903949 583
310 14 13.377135714285709 10.756828754138803 176.159 8.457 15.647942176870751 588
320 27.3 14.407483516483518 30.32895195223189 509.326 8.249 15.211248626373628 728
330 13.6 14.370522058823532 15.796203234231976 509.326 8.249 14.99203996003996 1001
340 1.9 16.64915789473685 3.354321113573354 509.326 8.249 14.917698328935797 1137
350 0.4 14.925249999999998 2.705263053290751 509.326 8.249 14.946156574394465 1156
360 0 0 0 509.326 8.249 14.946084482758623 1160
370 0 0 0 509.326 8.249 14.946084482758623 1160
380 8.1 17.255654320987652 24.249272938145058 509.326 8.249 14.946084482758623 1160
390 47.8 26.414054393305417 93.87869615970168 968.794 7.715 15.096829975825948 1241
400 44.2 19.420040723981916 76.86727043212939 1417.271 7.715 18.24379522978475 1719
410 9.8 13.746010204081625 2.2923807092676403 1417.271 7.715 18.484378528459047 2161
420 1.7 16.96494117647059 2.0258720263452057 1417.271 7.715 18.278818503762725 2259
430 0 0 0 1417.271 7.715 18.26900483304042 2276
440 0 0 0 1417.271 7.715 18.26900483304042 2276
450 1 12.3815 2.5941232141130075 1417.271 7.715 18.26900483304042 2276
460 51.1 47.938461839530305 109.14323122558743 1417.271 7.715 18.24325021872266 2286
470 114.6 53.50845200698084 211.4917660326784 2489.38 7.715 23.668439041830528 2797
480 52.6 24.161298479087424 115.6770694650053 2489.38 7.715 32.34118944965763 3943
490 7.9 13.694075949367093 2.7431172777143487 2489.38 7.715 31.378418661893047 4469
500 1 16.523199999999996 1.8177147080881535 2489.38 7.715 31.071236807387866 4548
510 0.1 15.981 0.0 2489.38 7.715 31.039319218955683 4558
520 0 0 0 2489.38 7.715 31.036016231629745 4559
530 19 169.30397368421055 282.0744098359311 2489.38 7.715 31.036016231629745 4559
540 73.8 867.4340054200547 1060.6822624231893 7513.472 7.715 36.56789913666035 4749
550 145.4 897.8154607978001 1485.1995943278368 10276.86 7.715 148.31916329506112 5487
560 103 395.34213106796153 1473.0457120644046 13996.064 7.715 305.32357426883755 6941
570 15.7 19.95628025477708 33.34530704150372 13996.064 7.715 316.9556296575087 7971
580 1.4 16.43864285714286 1.8888061084468473 13996.064 7.715 311.2188065944884 8128
590 0.2 15.6915 0.8684999999999992 13996.064 7.715 310.7119382215674 8142
592 0 0 0 13996.064 7.715 310.63948722986265 8144
