10 0.7 67.75114285714287 43.307332132194 108.824 1.609 0 0
20 0.9 68.64533333333333 53.327045266814565 147.784 1.609 67.75114285714287 7
30 0.2 102.92249999999999 32.4085 147.784 1.609 68.254125 16
40 0.1 80.157 0.0 147.784 1.609 72.10616666666667 18
50 2 100.5895 34.389260840413534 193.804 1.609 72.52989473684211 19
60 1.7 96.71600000000001 37.63980443157295 193.804 1.609 86.9194358974359 39
70 0.2 78.6705 13.543500000000005 193.804 1.609 89.89339285714287 56
80 0 0 0 193.804 1.609 89.50639655172415 58
90 1.9 78.77463157894738 14.476038801777985 193.804 1.609 89.50639655172415 58
100 3.6 84.01769444444446 30.535144122814952 234.346 1.609 86.85829870129872 77
110 2.1 77.5167619047619 17.67640383838287 234.346 1.609 85.95332743362835 113
120 0.2 75.3425 3.683499999999995 234.346 1.609 84.63117910447764 134
130 0 0 0 234.346 1.609 84.49458088235296 136
140 3.1 72.22606451612903 6.818550119913554 234.346 1.609 84.49458088235296 136
150 7.6 71.22059210526311 14.616803795251721 234.346 1.609 82.21719161676648 167
160 2.6 69.55157692307691 7.750781018576709 234.346 1.609 78.77792592592593 243
170 0.1 136.677 0.0 234.346 1.609 77.88615985130112 269
180 0.7 70.29800000000002 6.724192293502613 234.346 1.609 78.10390370370371 270
190 10.6 69.4805660377358 13.398727232583932 234.346 1.609 77.90664259927797 277
200 13.9 69.45396402877697 17.165175262014788 234.346 1.609 75.57462140992166 383
210 2.5 74.85536 24.82068109763308 234.346 1.609 73.94479118773945 522
220 0.3 73.57733333333333 3.6276516125755816 234.346 1.609 73.98640767824496 547
230 0 0 0 234.346 1.609 73.98417636363635 550
240 11.8 70.09379661016953 17.44927088397568 234.346 1.609 73.98417636363635 550
250 29.7 70.91095959595957 22.37371584062169 333.658 1.609 73.29695359281436 668
260 14.2 67.1901338028169 13.100934858712858 333.658 1.609 72.56261139896371 965
270 1.9 69.11873684210525 9.786552894780002 333.658 1.609 71.87345889792229 1107
280 0 0 0 333.658 1.609 71.82697602131437 1126
290 0 0 0 333.658 1.609 71.82697602131437 1126
300 3 69.08733333333333 6.505835162033819 333.658 1.609 71.82697602131437 1126
310 40.8 81.07853186274515 67.27455467193977 1076.882 1.609 71.75587802768163 1156
320 51.6 77.43368023255823 65.64304489472478 1361.75 1.609 74.18787468030689 1564
330 11.9 67.49208403361342 16.18715895605429 1361.75 1.609 74.9930841346154 2080
340 0.9 71.88344444444445 9.797693074405167 1361.75 1.609 74.58716371077765 2199
350 0 0 0 1361.75 1.609 74.57614311594205 2208
360 0 0 0 1361.75 1.609 74.57614311594205 2208
370 0 0 0 1361.75 1.609 74.57614311594205 2208
380 35.7 93.29898039215684 53.383136372929805 1361.75 1.609 74.57614311594205 2208
390 111.1 97.48273357335728 105.63218833383812 1894.154 1.609 77.18201169590645 2565
400 56.1 81.86753475935828 104.17808397371387 1894.154 1.609 83.31751278563655 3676
410 6.7 64.95173134328358 7.146350413066171 1894.154 1.609 83.1255284399339 4237
420 0.4 66.30375 6.770952864073124 1894.154 1.609 82.84261849442377 4304
430 0 0 0 1894.154 1.609 82.82726207056638 4308
440 0 0 0 1894.154 1.609 82.82726207056638 4308
450 12.4 116.02599193548387 81.77280217128114 1894.154 1.609 82.82726207056638 4308
460 163 187.7797085889572 193.03791879511664 2894.955 1.609 83.75610740072202 4432
470 206 179.36754320388383 306.8397068747335 2977.957 1.609 111.72682167601455 6062
480 50.5 84.93770099009888 152.49733447977812 2977.957 1.609 128.88268062053692 8122
490 3.7 63.63943243243245 6.083126087974123 2977.957 1.609 126.3102667207605 8627
500 0.1 85.393 0.0 2977.957 1.609 126.04262811634358 8664
510 0.1 70.469 0.0 2977.957 1.609 126.03793687247556 8665
520 0 0 0 2977.957 1.609 126.03152457881384 8666
530 81.7 383.50534394124867 369.7295317912748 3107.899 1.609 126.03152457881384 8666
540 139.6 2581.317090974213 2060.7023782605047 10539.097 1.609 148.21396794263427 9483
550 274.9 2675.706871589671 2994.194126949835 20936.565 1.609 460.4312636271718 10879
560 191.9 1254.7937170401215 2806.047917443389 20936.565 1.609 907.290131127092 13628
570 9.2 63.48279347826087 10.091312150792882 20936.565 1.609 950.183254003988 15547
580 0.1 62.343 0.0 20936.565 1.609 944.96703542426 15639
590 0 0 0 20936.565 1.609 944.9106016624042 15640
592 0 0 0 20936.565 1.609 944.9106016624042 15640
