10 0.2 20.838 2.9299999999999997 23.768 17.908 0 0
20 0.4 749.846 1239.8972297259156 2897.404 17.908 20.838 2
30 0.1 53.522 0.0 2897.404 17.908 506.8433333333333 6
40 0 0 0 2897.404 17.908 442.08314285714283 7
50 0.2 35.34 4.168 2897.404 17.908 442.08314285714283 7
60 0.5 34.924 4.9216280639642 2897.404 17.908 351.6957777777777 9
70 0.3 33.01766666666666 4.632181439547557 2897.404 17.908 238.56299999999996 14
80 0 0 0 2897.404 17.908 202.29029411764702 17
90 0.2 35.7445 5.1225000000000005 2897.404 17.908 202.29029411764702 17
100 0.7 32.306 2.501956891258179 2897.404 17.908 184.75915789473683 19
110 0.8 40.072 17.576494744402254 2897.404 17.908 143.7140769230769 26
120 0 0 0 2897.404 17.908 119.32770588235292 34
130 0 0 0 2897.404 17.908 119.32770588235292 34
140 0.4 31.53725 4.4423855851895615 2897.404 17.908 119.32770588235292 34
150 2.6 29.449769230769228 5.320255497824346 2897.404 17.908 110.08660526315788 38
160 1.8 32.81033333333332 6.622666641500573 2897.404 17.908 77.32789062499998 64
170 0.1 42.251 0.0 2897.404 17.908 67.555743902439 82
180 0 0 0 2897.404 17.908 67.2508674698795 83
190 2.4 25.700333333333333 4.182725394072892 2897.404 17.908 67.2508674698795 83
200 5.8 27.731551724137933 4.867211660773845 2897.404 17.77 57.93112149532708 107
210 1.9 30.144263157894738 3.9650580249567913 2897.404 17.77 47.31551515151514 165
220 0.3 32.123333333333335 4.671216282249793 2897.404 17.77 45.54239673913043 184
230 0 0 0 2897.404 17.77 45.32711764705883 187
240 1.3 24.443461538461538 3.3577627995067605 2897.404 17.77 45.32711764705883 187
250 7.8 45.2716282051282 157.3570485855059 2897.404 17.77 43.96968 200
260 8.1 27.76054320987654 5.2353751408487295 2897.404 17.77 44.334974820143884 278
270 2.1 36.07466666666666 14.251282242505603 2897.404 17.77 40.59533983286908 359
280 0.1 47.916 0.0 2897.404 17.77 40.34551315789473 380
290 0.1 41.056 0.0 2897.404 17.77 40.36538320209973 381
300 0.1 31.724 0.0 2897.404 17.77 40.36719109947643 382
310 9 29.223477777777784 16.859500203629196 2897.404 17.77 40.34462402088772 383
320 17.8 36.167938202247235 72.22070176367545 2897.404 17.77 38.22854968287526 473
330 10 29.75406999999999 16.566108425490278 2897.404 17.77 37.66512596006145 651
340 0.8 32.60225 4.7959417675259575 2897.404 17.77 36.611723035952075 751
350 0.2 36.8445 4.367500000000005 2897.404 17.77 36.569462450592894 759
360 0 0 0 2897.404 17.77 36.570185282523 761
370 0 0 0 2897.404 17.77 36.570185282523 761
380 5.8 38.941844827586216 54.31663905725318 2897.404 17.77 36.570185282523 761
390 32.2 46.639999999999944 118.37150497955245 2897.404 17.77 36.73814163614164 819
400 31.5 35.784460317460294 96.260301314193 2897.404 17.77 39.53253111305871 1141
410 7.2 28.377333333333336 7.442556760877868 2897.404 17.77 38.721650412087904 1456
420 0.8 34.901 5.265718279589215 2897.404 17.77 38.23422185863873 1528
430 0.3 36.59766666666667 4.457659874368562 2897.404 17.77 38.216861328124985 1536
440 0 0 0 2897.404 17.77 38.21370500324884 1539
450 1.3 25.308384615384618 3.9846734358705653 2897.404 17.77 38.21370500324884 1539
460 34.9 109.77123209169058 245.75981636101548 2897.404 17.77 38.10560631443297 1552
470 70.8 113.05210451977393 295.65051139675745 2897.404 17.77 51.26252551288795 1901
480 31.6 38.914743670886075 117.35466810377669 2897.404 17.77 68.0302610195477 2609
490 4.3 30.48630232558139 5.544096250443407 2897.404 17.77 64.88478974358972 2925
500 0.4 33.284 4.463453203518552 2897.404 17.77 64.38642890835577 2968
510 0.1 37.334 0.0 2897.404 17.77 64.34456830417224 2972
520 0 0 0 2897.404 17.77 64.33548301379075 2973
530 17.6 320.6602556818182 460.6600381957978 2999.911 17.77 64.33548301379075 2973
540 67.4 1450.155878338279 1492.4587123869317 8814.336 2.111 78.66166910130197 3149
550 105.3 1630.7863893637225 2177.940377682877 14657.079 2.111 320.45792780538847 3823
560 49 909.7256530612244 2370.6097749102196 14657.079 2.111 603.4308297785069 4876
570 7.6 31.019394736842102 12.707571135349676 14657.079 2.111 631.4003533358181 5366
580 0.2 31.356 0.5810000000000004 14657.079 2.111 623.0157607497243 5442
590 0 0 0 14657.079 2.111 622.7983986039676 5444
592 0 0 0 14657.079 2.111 622.7983986039676 5444
