0 9.2 75.4136086956522 156.894181727821 901.022 5.649 0 0
10 11.9 94.09986554621845 213.70339226423718 992.918 5.252 75.4136086956522 92
20 4.2 179.26390476190468 334.4266681862166 1010.235 5.252 85.95230331753554 211
30 1.1 43.50900000000001 35.36410668768803 1010.235 5.252 101.44276679841896 253
40 3 35.225966666666665 42.53082695683476 1010.235 5.252 99.02885984848483 264
50 20 69.63868000000001 175.12155482720453 1037.124 4.904 92.51836054421767 294
60 20.7 115.5140579710145 269.01524222588523 1070.472 4.634 83.25533198380565 494
70 7.7 129.68298701298696 280.2519467647663 1070.472 4.634 92.78108987161197 701
80 1.1 206.88199999999998 330.18119854049286 1070.472 4.634 96.43333419023135 778
90 4.9 35.038897959183686 42.75204607312458 1070.472 4.193 97.97317617237009 789
100 37.8 70.63606349206353 180.98879681976396 1071.315 4.193 94.29324821002386 838
110 45 145.408811111111 325.4682831820943 1234.619 4.193 86.93928782894739 1216
120 14.2 236.04523943661982 399.9111050739096 1234.619 4.193 102.73237635054019 1666
130 2 280.02035000000006 385.17487154918024 1234.619 4.193 113.20274502212388 1808
140 8.3 34.86983132530121 90.20018526292239 1234.619 4.193 115.02788293216629 1828
150 92 69.0479467391306 189.45589214684495 1390.118 3.894 111.54639769754054 1911
160 82.9 176.29027864897466 392.43226919959613 1479.273 3.894 97.73552702225366 2831
170 26 271.0876192307695 454.4036053328046 1479.273 3.894 115.52839289617489 3660
180 3.7 235.17459459459462 372.0478666536584 1479.273 3.894 125.84609668367352 3920
190 23 46.296965217391325 99.01555314805942 1479.273 3.894 126.86837477887293 3957
200 164.2 94.32731790499373 257.70133174610766 1572.481 3.663 122.44243157391934 4187
210 170 190.11230705882346 454.8430261147165 1878.682 3.663 114.52254537656543 5829
220 55.7 345.7147971274685 586.219524062191 1878.682 3.663 131.5902296453712 7529
230 9.2 309.264402173913 472.3941902842431 1878.682 3.663 146.34009163987133 8086
240 0.9 236.95733333333328 378.71993059721 1878.682 3.663 148.17294032770843 8178
250 36.8 37.99824999999999 55.23946246877929 1878.682 3.663 148.27054134603634 8187
260 317.8 82.09757363121489 255.73150935211476 2289.906 3.663 143.52709269433075 8555
270 335.3 301.9593086787954 848.2859370482778 4453.019 3.663 126.88829515043044 11733
280 131.8 705.084411229134 1216.6901236871672 4453.019 3.663 165.79941197136426 15086
290 21.2 617.9758349056601 731.383537244566 4453.019 3.663 209.1289431236284 16404
300 1.3 116.89138461538462 274.68589364148517 4453.019 3.663 214.34533341357726 16616
301 0 0 0 4453.019 3.663 214.2691471525648 16629
