0 9.2 75.4136086956522 156.894181727821 901.022 5.649 0 0
10 12 93.31432499999998 212.95441095095768 992.918 5.252 75.4136086956522 92
20 4.3 175.09172093023253 331.5673938056009 1010.235 5.252 85.54608962264152 212
30 1.2 39.870916666666666 33.050078702524374 1010.235 5.252 100.64594117647059 255
40 3 35.225966666666665 42.53082695683476 1010.235 5.252 97.91447940074907 267
50 20.1 69.2916268656716 174.71163330691874 1037.124 4.904 91.5823063973064 297
60 20.8 114.9580528846154 268.46869581491194 1070.472 4.634 82.58546586345379 498
70 7.9 126.39492405063285 277.336371140099 1070.472 4.634 92.1229985835694 706
80 1.3 175.03084615384617 312.21234489658235 1070.472 4.634 95.57202038216559 785
90 5 34.33542 41.92427569134141 1070.472 4.193 96.86646240601503 798
100 37.8 70.63606349206353 180.98879681976396 1071.315 4.193 93.17949056603771 848
110 45.4 144.1266497797358 324.2989005150656 1234.619 4.193 86.2289070146819 1226
120 14.6 229.57442465753442 396.2238567395967 1234.619 4.193 101.87508273809527 1680
130 2.1 266.68 380.48139221567845 1234.619 4.193 112.08543537787517 1826
140 8.4 34.452821428571426 89.60473224457999 1234.619 4.193 113.8431429344884 1847
150 92.2 68.89791973969645 189.27182810485573 1390.118 3.894 110.38960227861216 1931
160 84 173.97887738095235 390.3498543488756 1479.273 3.894 96.98079355064851 2853
170 27.2 259.12151838235303 447.68459188180094 1479.273 3.894 114.49457378824809 3693
180 4.4 197.73168181818184 351.4831808613952 1479.273 3.894 124.41601866330396 3965
190 23 46.296965217391325 99.01555314805942 1479.273 3.894 125.22068046894493 4009
200 164.4 94.21243004866163 257.5631305457151 1572.481 3.663 120.93843123378161 4239
210 171.6 188.33829079254082 453.07486618797185 1878.682 3.663 113.46986996430392 5883
220 57.7 333.7269878682842 579.3911991645509 1878.682 3.663 130.37659586787737 7599
230 10.1 281.6914455445547 459.26504156658604 1878.682 3.663 144.7275225048924 8176
240 1 213.248 365.84132723190254 1878.682 3.663 146.39882324513715 8277
250 36.9 37.89492953929538 55.122666566131294 1878.682 3.663 146.47949076867386 8287
260 317.9 82.07170776973878 255.69474363085212 2289.906 3.663 141.8505971580407 8656
270 338 299.5460405325446 845.2887405769575 4453.019 3.663 125.7933863962822 11835
280 136.7 679.8024235552303 1201.813818726924 4453.019 3.663 164.39239861978317 15215
290 22.8 574.5991622807016 722.6597973394698 4453.019 3.663 206.88217693884937 16582
300 1.6 94.94881249999999 251.04234532624642 4453.019 3.663 211.86965300416423 16810
301 0 0 0 4453.019 3.663 211.75847188874366 16826
