0 0.2 4770.7205 103.07150000000001 4873.792 4667.649 0 0
10 1.2 11057.487416666665 3058.6369371893825 16148.555 4667.649 4770.7205 2
20 1.1 18222.556727272724 3413.321397726377 25360.124 4667.649 10159.377857142856 14
30 0.4 23991.0225 2899.7926597743567 26980.688 4667.649 13707.176559999998 25
40 0.1 31085.594 0.0 31085.594 4667.649 15125.638068965516 29
50 0.5 8634.1824 742.9255379198111 31085.594 4667.649 15657.636599999998 30
60 2.1 13141.880380952387 3548.3668543206686 31085.594 4667.649 14654.285999999998 35
70 2.6 19672.720730769237 3614.4578206347524 31085.594 4667.649 14087.133892857146 56
80 0.7 28030.063 3191.4449411813007 32682.968 4667.649 15858.173621951222 82
90 0.1 38867.869 0.0 38867.869 4667.649 16815.51323595506 89
100 0.8 9664.746000000001 2214.4787455133205 38867.869 4667.649 17060.539411111113 90
110 4.9 13561.860918367349 3469.976100297685 38867.869 4667.649 16456.80117346939 98
120 4.9 18033.165714285704 4506.3583424847275 38867.869 4667.649 15491.821088435376 147
130 1.1 25368.06890909091 2231.566694360446 38867.869 4667.649 16127.157244897959 196
140 0.1 38521.193 0.0 38867.869 4667.649 16618.22018357488 207
150 1.9 8922.583210526313 2364.7362590184757 38867.869 4667.649 16723.522937499998 208
160 11 13508.051427272727 3207.0856506228674 38867.869 4667.649 16070.580845814975 227
170 8.5 19109.186705882355 4152.551279370808 38867.869 4667.649 15234.146910979227 337
180 2.5 26526.29644 3631.9269820882355 38867.869 4667.649 16014.664405213269 422
190 0.1 43603.544 0.0 43603.544 4667.649 16602.563288590605 447
200 3.4 9677.269617647056 2055.7109488259202 43603.544 4667.649 16662.83333482143 448
210 21.8 13886.887816513758 3634.6943846333147 43603.544 4667.649 16170.075728215768 482
220 16.7 18785.484443113775 4139.054139617322 43603.544 4667.649 15459.02577857143 700
230 5.4 26308.635425925924 3354.530618566743 43603.544 4667.649 16099.762337946944 867
240 0.6 35891.41133333333 3649.9790197905095 43603.544 4667.649 16698.32818675353 921
250 0.1 45517.46 0.0 45517.46 4667.649 16822.555262135924 927
260 5.6 9704.946357142859 2089.240455581615 45517.46 4147.551 16853.476495689658 928
270 35.1 13655.612527065528 3711.3848250508604 45517.46 4147.551 16446.649577235774 984
280 42.1 19941.842033254132 4470.3924630759675 45517.46 4147.551 15712.82635280899 1335
290 12.1 26250.476851239673 3957.1360432675247 45517.46 4147.551 16726.730453872435 1756
300 1.1 37370.18800000001 4294.743178232579 45643.226 4147.551 17340.674680873733 1877
301 0 0 0 45643.226 4147.551 17457.37205720339 1888
