0 1 2257.8808 1406.3415408952264 4733.291 544.401 0 0
10 1.9 4812.483684210525 2377.7173564788886 9071.367 544.401 2257.8808 10
20 0.1 15339.033 0.0 15339.033 544.401 3931.586137931033 29
30 0 0 0 15339.033 544.401 4311.834366666665 30
40 0.3 1553.7686666666668 47.739403056827406 15339.033 544.401 4311.834366666665 30
50 2.8 4109.234535714286 2258.833455528088 15339.033 544.401 4061.1011212121202 33
60 2.6 5184.448384615385 3013.958041508937 15339.033 452.61 4083.1951475409833 61
70 0.3 10044.023 541.9536695751763 15339.033 452.61 4412.305310344828 87
80 0 0 0 15339.033 452.61 4600.029233333334 90
90 0.2 1779.625 662.7249999999999 15339.033 452.61 4600.029233333334 90
100 5.6 3171.425660714286 1913.4831735017601 15339.033 280.801 4538.716097826087 92
110 5.9 4553.103440677966 3210.9284264126823 15339.033 280.801 4021.3629594594604 148
120 0.1 11577.781 0.0 15339.033 280.801 4172.921840579711 207
130 0 0 0 15339.033 280.801 4208.522125000001 208
140 0.4 1459.01925 421.2096347208685 15339.033 280.801 4208.522125000001 208
150 14.5 3053.6521517241395 2124.420708624763 15339.033 265.812 4156.644712264153 212
160 8.9 4890.54240449438 2420.1942418923604 15339.033 265.812 3708.6505350140073 357
170 0.2 7571.6095000000005 3477.6695000000004 15339.033 265.812 3944.498912556055 446
180 0 0 0 15339.033 265.812 3960.6913705357156 448
190 1.5 1646.7847333333334 705.650562746507 15339.033 265.812 3960.6913705357156 448
200 24.9 3345.9069799196773 2016.6800485374017 15339.033 265.812 3885.7267926565887 463
210 20.1 4868.457766169153 2736.794072484802 15339.033 265.812 3696.9414929775285 712
220 1.5 11336.457533333334 2582.071819091092 15339.033 265.812 3954.8547141292447 913
230 0 0 0 15339.033 265.812 4074.1694148706897 928
240 0 0 0 15339.033 265.812 4074.1694148706897 928
250 1.7 1271.1762352941175 618.8476586842705 15339.033 265.812 4074.1694148706897 928
260 50.2 3317.8651294820675 1975.1369954970357 15339.033 258.475 4023.745198941799 945
270 41.1 4603.704688564475 2801.8477128024856 15339.033 258.475 3778.8579875604682 1447
280 2.9 9052.139482758617 3086.16197584427 15339.033 258.475 3961.318694833152 1858
290 0.1 9715.698 0.0 15339.033 258.475 4039.556004239532 1887
300 0 0 0 15339.033 258.475 4042.562435381354 1888
301 0 0 0 15339.033 258.475 4042.562435381354 1888
