0 0.2 29.42 0.05200000000000227 29.472 29.368 0 0
10 0.1 30.176 0.0 30.176 29.368 29.42 2
20 0 0 0 30.176 29.368 29.672 3
30 0 0 0 30.176 29.368 29.672 3
40 0.1 59.573 0.0 59.573 29.368 29.672 3
50 0.5 14.7146 0.4490330054684179 59.573 14.305 37.14725 4
60 0.1 13.848 0.0 59.573 13.848 24.68466666666667 9
70 0 0 0 59.573 13.848 23.601000000000003 10
80 0 0 0 59.573 13.848 23.601000000000003 10
90 0.3 15.104666666666667 0.48923977307201283 59.573 13.848 23.601000000000003 10
100 0.7 17.121285714285712 8.935329424166035 59.573 10.174 21.640307692307694 13
110 0 0 0 59.573 10.174 20.05865 20
120 0 0 0 59.573 10.174 20.05865 20
130 0 0 0 59.573 10.174 20.05865 20
140 0.8 18.01475 8.271555699353055 59.573 10.174 20.05865 20
150 2.2 16.71563636363637 11.99347503491891 61.393 10.174 19.47467857142857 28
160 0.2 14.3115 0.13250000000000028 61.393 10.174 18.2607 50
170 0 0 0 61.393 10.174 18.108807692307693 52
180 0 0 0 61.393 10.174 18.108807692307693 52
190 0.9 52.359111111111105 78.49920969799552 270.015 10.174 18.108807692307693 52
200 3.6 46.326694444444456 74.17684535989332 278.132 9.706 23.162131147540983 61
210 0.4 12.01375 1.1859258777427868 278.132 9.706 31.759288659793818 97
220 0 0 0 278.132 9.706 30.977287128712874 101
230 0 0 0 278.132 9.706 30.977287128712874 101
240 0 0 0 278.132 9.706 30.977287128712874 101
250 2 34.069750000000006 63.27052766168068 282.22 9.706 30.977287128712874 101
260 6.9 44.89926086956522 62.12996437451354 282.22 9.193 31.488438016528928 121
270 0.7 15.408 6.681784235623639 282.22 9.193 36.35868421052631 190
280 0 0 0 282.22 9.193 35.61424365482233 197
290 0 0 0 282.22 9.193 35.61424365482233 197
300 0 0 0 282.22 9.193 35.61424365482233 197
301 0 0 0 282.22 9.193 35.61424365482233 197
