10 0.3 14.170666666666667 7.627543524767473 24.956 8.615 0 0
20 0 0 0 24.956 8.615 14.170666666666667 3
30 0 0 0 24.956 8.615 14.170666666666667 3
40 0 0 0 24.956 8.615 14.170666666666667 3
50 0.2 9.7965 0.016500000000000625 24.956 8.615 14.170666666666667 3
60 0.9 12.870444444444443 8.182588290742881 35.368 7.768 12.421000000000001 5
70 0.3 8.302 0.8524975073277337 35.368 7.25 12.709928571428572 14
80 0 0 0 35.368 7.25 11.932058823529411 17
90 0 0 0 35.368 7.25 11.932058823529411 17
100 0.4 8.125499999999999 0.8280366839699786 35.368 7.25 11.932058823529411 17
110 1.7 12.269999999999998 8.344377888910664 38.796 6.132 11.206999999999999 21
120 0.2 8.605 0.7839999999999994 38.796 6.132 11.682552631578947 38
130 0 0 0 38.796 6.132 11.528674999999998 40
140 0 0 0 38.796 6.132 11.528674999999998 40
150 2 8.1996 2.8935163279304303 38.796 6.124 11.528674999999998 40
160 2.4 7.359958333333335 0.7894117788563978 38.796 5.637 10.418983333333331 60
170 0.3 13.842999999999998 9.25814326237538 38.796 5.637 9.54497619047619 84
180 0 0 0 38.796 5.637 9.693183908045976 87
190 0 0 0 38.796 5.637 9.693183908045976 87
200 2.9 7.908655172413793 1.2805364790576579 38.796 5.637 9.693183908045976 87
210 4.6 7.904108695652174 1.420643137092445 38.796 5.637 9.24705172413793 116
220 1.8 8.143722222222225 1.0695135345647966 38.796 5.637 8.865722222222221 162
230 0 0 0 38.796 5.637 8.79352222222222 180
240 0 0 0 38.796 5.637 8.79352222222222 180
250 0 0 0 38.796 5.637 8.79352222222222 180
260 5.2 8.979519230769235 4.27080679412065 38.796 5.637 8.79352222222222 180
270 11.6 16.443905172413782 22.299325263867658 153.109 5.637 8.83521120689655 232
280 3.4 10.555382352941177 3.231629738316402 153.109 5.637 11.37144252873563 348
290 0.2 8.259 0.2699999999999998 153.109 5.637 11.298808900523559 382
300 0 0 0 153.109 5.637 11.282976562499998 384
301 0 0 0 153.109 5.637 11.282976562499998 384
