0 0.1 6.57 0 6.57 6.57 0 0
10 0.2 7.0365 0.06150000000000033 7.098 6.57 6.57 1
20 0.1 7.345 0.0 7.345 6.57 6.881 3
30 0.1 8.247 0.0 8.247 6.57 6.997 4
40 0 0 0 8.247 6.57 7.247 5
50 0.1 7.16 0.0 8.247 6.57 7.247 5
60 0.5 6.6482 1.5053736280405607 9.635 5.552 7.232499999999999 6
70 0 0 0 9.635 5.552 6.96690909090909 11
80 0 0 0 9.635 5.552 6.96690909090909 11
90 0 0 0 9.635 5.552 6.96690909090909 11
100 0.4 6.23175 0.49373645551042716 9.635 5.391 6.96690909090909 11
110 0.4 6.822000000000001 1.8661655875082472 9.91 4.978 6.770866666666666 15
120 0.4 6.51675 0.3035204894236962 9.91 4.978 6.781631578947368 19
130 0 0 0 9.91 4.978 6.735565217391304 23
140 0 0 0 9.91 4.978 6.735565217391304 23
150 0.5 6.5722 0.7909435883803599 9.91 4.978 6.735565217391304 23
160 0.9 6.43888888888889 0.6878556767947509 9.91 4.978 6.706392857142857 28
170 0.2 6.2545 0.7164999999999999 9.91 4.978 6.641324324324325 37
180 0 0 0 9.91 4.978 6.62148717948718 39
190 0 0 0 9.91 4.978 6.62148717948718 39
200 0.5 7.711 2.614543554810285 12.461 4.978 6.62148717948718 39
210 2.7 6.988518518518517 1.9193114384604733 15.643 4.978 6.745295454545455 44
220 1 10.3509 6.350221278821707 25.445 4.978 6.837788732394365 71
230 0.3 6.670333333333333 0.380205499989443 25.445 4.978 7.271506172839506 81
240 0 0 0 25.445 4.978 7.250035714285714 84
250 0 0 0 25.445 4.978 7.250035714285714 84
260 1.7 16.051941176470592 28.529428600844035 126.186 4.978 7.250035714285714 84
270 4.9 8.106755102040815 2.9095437718709705 126.186 4.978 8.731544554455445 101
280 2.3 7.534260869565217 2.151517345611884 126.186 4.978 8.527446666666664 150
290 0.3 6.889666666666667 0.3455018893661155 126.186 4.978 8.395404624277456 173
300 0 0 0 126.186 4.978 8.369738636363635 176
301 0 0 0 126.186 4.978 8.369738636363635 176
