0 0.3 32.40866666666667 4.60322527027397 38.867 28.471 0 0
10 0.4 35.87175 9.306397836300574 50.343 24.415 32.40866666666667 3
20 0.5 29.181599999999996 5.597194568710291 50.343 24.415 34.38757142857143 7
30 0.1 33.581 0.0 50.343 24.415 32.21841666666666 12
40 0 0 0 50.343 24.415 32.32323076923077 13
50 0.4 27.353499999999997 3.473025518190156 50.343 23.496 32.32323076923077 13
60 1.3 28.10107692307692 5.527716686237964 50.343 22.153 31.153882352941174 17
70 0.3 30.52 1.166085188426072 50.343 22.153 29.831 30
80 0 0 0 50.343 22.153 29.893636363636364 33
90 0 0 0 50.343 22.153 29.893636363636364 33
100 0.8 30.917375 7.818853047882088 50.343 22.153 29.893636363636364 33
110 2.4 25.917833333333334 6.218607525447765 50.343 19.541 30.093390243902437 41
120 0.6 27.522500000000004 6.505174421181958 50.343 19.541 28.551646153846153 65
130 0 0 0 50.343 19.541 28.46467605633803 71
140 0 0 0 50.343 19.541 28.46467605633803 71
150 1.9 24.211789473684213 5.112070036779799 50.343 19.541 28.46467605633803 71
160 4.6 23.811347826086948 5.1373187568469785 50.343 19.334 27.566844444444445 90
170 1.2 24.860166666666668 4.53803642987679 50.343 19.334 26.29660294117647 136
180 0 0 0 50.343 19.334 26.180135135135135 148
190 0 0 0 50.343 19.334 26.180135135135135 148
200 4.4 23.357522727272734 5.003630061758964 50.343 19.334 26.180135135135135 148
210 8.9 27.329707865168533 17.163681916357373 137.729 19.315 25.533286458333333 192
220 1.9 25.283736842105263 7.1118733474166484 137.729 19.315 26.102259786476864 281
230 0.2 27.1425 3.7024999999999997 137.729 19.315 26.050419999999995 300
240 0 0 0 137.729 19.315 26.057652317880788 302
250 0 0 0 137.729 19.315 26.057652317880788 302
260 9 32.52024444444445 29.61662160916141 154.41 19.315 26.057652317880788 302
270 16.5 56.67202424242424 32.63956837967583 252.703 19.315 27.54141071428571 392
280 4.7 42.55372340425533 22.736835088896267 252.703 19.315 36.17076660682226 557
290 0.2 23.0315 0.418499999999999 252.703 19.315 36.6674536423841 604
300 0 0 0 252.703 19.315 36.6224504950495 606
301 0 0 0 252.703 19.315 36.6224504950495 606
