0 0.2 29.269 7.637999999999998 36.907 21.631 0 0
10 0.4 23.98825 6.7670415757183 36.907 18.927 29.269 2
20 0.6 22.4765 6.144475913371294 36.907 18.927 25.748499999999996 6
30 0.1 73.917 0.0 73.917 18.927 24.1125 12
40 0 0 0 73.917 18.927 27.943615384615388 13
50 0.3 19.435333333333332 0.8340912553325466 73.917 18.395 27.943615384615388 13
60 1.1 23.701545454545457 9.168451196294987 73.917 17.786 26.348312500000002 16
70 0.6 23.849166666666672 5.559892727282505 73.917 17.786 25.270000000000003 27
80 0 0 0 73.917 17.786 25.01166666666667 33
90 0 0 0 73.917 17.786 25.01166666666667 33
100 0.6 23.3275 7.347529148178544 73.917 17.786 25.01166666666667 33
110 2 25.002599999999994 10.04346572354384 73.917 17.786 24.752564102564104 39
120 1.1 26.701545454545457 11.234530943508997 73.917 17.786 24.837322033898307 59
130 0.1 21.462 0.0 73.917 17.786 25.13027142857143 70
140 0 0 0 73.917 17.786 25.07860563380282 71
150 1 27.185399999999998 15.0593946837182 73.917 17.786 25.07860563380282 71
160 4.7 24.16542553191489 6.79418287712796 73.917 17.786 25.338703703703704 81
170 2 26.968849999999996 13.400367484793096 78.676 17.786 24.907890625 128
180 0 0 0 78.676 17.786 25.186398648648648 148
190 0 0 0 78.676 17.786 25.186398648648648 148
200 2.7 33.66807407407408 23.982734789729733 142.11 17.786 25.186398648648648 148
210 8.9 31.045528089887636 19.775066813103155 171.554 17.786 26.495 175
220 3.5 31.106399999999997 10.236056378452453 171.554 17.786 28.029079545454543 264
230 0.3 40.666 15.361390453558123 171.554 17.786 28.38930100334448 299
240 0 0 0 171.554 17.786 28.511254966887414 302
250 0 0 0 171.554 17.786 28.511254966887414 302
260 5.4 33.65694444444444 23.589693160060445 171.554 17.786 28.511254966887414 302
270 17.2 41.04291279069769 23.8143239107011 171.554 17.786 29.291780898876404 356
280 7.3 39.602561643835614 25.233289571563287 175.671 17.786 33.11980113636365 528
290 0.5 33.6268 10.014881015768486 175.671 17.786 33.90722462562397 601
300 0 0 0 175.671 17.786 33.904910891089116 606
301 0 0 0 175.671 17.786 33.904910891089116 606
