0 0.1 129.722 0 129.722 129.722 0 0
10 0.2 115.6565 0.3465000000000025 129.722 115.31 129.722 1
20 0.1 117.154 0.0 129.722 115.31 120.34499999999998 3
30 0.1 136.839 0.0 136.839 115.31 119.54724999999999 4
40 0 0 0 136.839 115.31 123.0056 5
50 0 0 0 136.839 115.31 123.0056 5
60 0.4 118.17999999999999 1.359480599346681 136.839 115.31 123.0056 5
70 0.2 118.3715 2.6585000000000036 136.839 115.31 120.8608888888889 9
80 0 0 0 136.839 115.31 120.40827272727273 11
90 0 0 0 136.839 115.31 120.40827272727273 11
100 0.3 118.58866666666667 0.8149835717499033 136.839 115.31 120.40827272727273 11
110 0.4 122.592 2.3138412866918983 136.839 115.31 120.01835714285714 14
120 0.4 119.4955 1.19827740945075 136.839 115.31 120.59027777777777 18
130 0.1 118.714 0.0 136.839 115.31 120.39122727272728 22
140 0 0 0 136.839 115.31 120.31830434782609 23
150 0.2 122.4045 0.10150000000000148 136.839 115.31 120.31830434782609 23
160 0.9 123.02444444444444 2.2523920179376242 136.839 115.31 120.4852 25
170 0.4 119.69874999999999 2.139916514142546 136.839 115.31 121.15735294117648 34
180 0.1 116.488 0.0 136.839 115.31 121.00381578947369 38
190 0 0 0 136.839 115.31 120.88802564102566 39
200 0.1 130.335 0.0 136.839 115.31 120.88802564102566 39
210 2.7 126.05762962962963 4.327308171481892 144.471 115.31 121.12420000000002 40
220 1.3 121.91246153846154 2.1795129524871313 144.471 115.31 123.11229850746271 67
230 0.4 118.051 1.1456258115109006 144.471 115.31 122.91732500000003 80
240 0 0 0 144.471 115.31 122.68559523809526 84
250 0 0 0 144.471 115.31 122.68559523809526 84
260 1 127.56689999999999 3.9506790669453227 144.471 115.31 122.68559523809526 84
270 4.2 134.6638809523809 15.402972395894398 227.142 115.31 123.20488297872342 94
280 3.5 130.89594285714287 9.128061621623903 227.142 115.31 126.74369117647059 136
290 0.5 121.45900000000002 3.5442185598520943 227.142 115.31 127.59356725146199 171
300 0 0 0 227.142 115.31 127.41928977272727 176
301 0 0 0 227.142 115.31 127.41928977272727 176
