10 0.5 27.684199999999997 1.4670791934997913 29.548 25.035 0 0
20 0.4 38.86925 18.693717880279994 71.185 25.035 27.684199999999997 5
30 0.3 32.20666666666666 1.1941795882064337 71.185 25.035 32.65533333333334 9
40 0.1 32.617 0.0 71.185 25.035 32.54316666666667 12
50 0.2 25.907 1.8290000000000006 71.185 24.078 32.548846153846156 13
60 0.6 26.011166666666668 3.484507541325683 71.185 22.197 31.663266666666672 15
70 1 27.219099999999997 3.4630984233775397 71.185 22.197 30.048380952380956 21
80 0.2 27.5125 1.4055 71.185 22.197 29.13570967741936 31
90 0 0 0 71.185 22.197 29.037333333333336 33
100 0.1 23.53 0.0 71.185 22.197 29.037333333333336 33
110 1.7 28.169882352941173 4.345672639769536 71.185 21.854 28.875352941176473 34
120 1.5 25.37486666666667 3.5928838160390804 71.185 21.854 28.640196078431373 51
130 0.5 26.309800000000003 3.817482594590316 71.185 21.854 27.89807575757576 66
140 0 0 0 71.185 21.854 27.786225352112677 71
150 0.4 28.2965 5.773571230183275 71.185 21.854 27.786225352112677 71
160 3.7 32.256891891891875 17.88550273082249 134.686 20.264 27.813440000000003 75
170 2.8 27.995678571428574 4.47792890626245 134.686 20.264 29.28136607142857 112
180 0.8 24.990625 2.469181794517163 134.686 20.264 29.02422857142857 140
190 0 0 0 134.686 20.264 28.806195945945944 148
200 1.8 31.489555555555555 6.410191089387985 134.686 20.264 28.806195945945944 148
210 7.8 31.458935897435886 7.573278855561571 134.686 20.264 29.09716265060241 166
220 4.1 33.288121951219516 11.125360657777154 134.686 20.264 29.852155737704916 244
230 1.4 26.148642857142864 2.4796635027226364 134.686 20.264 30.346452631578945 285
240 0.3 27.858999999999998 1.1996699546125171 134.686 20.264 30.14989966555184 299
250 0 0 0 134.686 20.264 30.12714238410596 302
260 2.1 34.311000000000014 8.80691071180549 134.686 20.264 30.12714238410596 302
270 14.3 74.60834265734273 37.3692220542324 311.083 20.264 30.39915789473684 323
280 11.1 47.741720720720686 16.689532941484188 311.083 20.264 43.96549570815453 466
290 2.3 29.40130434782609 6.090103043568758 311.083 20.264 44.69194454072792 577
300 0.6 29.4555 0.9824375722321156 311.083 20.264 44.10580333333335 600
301 0 0 0 311.083 20.264 43.96075082508252 606
