0 1 31.270400000000002 11.697198290188979 50.913 13.768 0 0
10 1.6 25.895812499999998 11.127022671287397 56.973 13.768 31.270400000000002 10
20 0.3 15.913666666666666 1.7416555980509527 56.973 13.616 27.96296153846154 26
30 0.1 18.033 0.0 56.973 13.616 26.71648275862069 29
40 0.1 20.457 0.0 56.973 13.616 26.427033333333334 30
50 2 17.0849 4.006161291061558 56.973 13.281 26.234451612903225 31
60 3.3 16.016787878787877 4.896893076583297 56.973 11.021 22.64639215686275 51
70 0.6 17.30216666666666 6.023512497335385 56.973 11.021 20.04190476190476 84
80 0 0 0 56.973 11.021 19.859255555555553 90
90 0.1 14.333 0.0 56.973 11.021 19.859255555555553 90
100 4.1 16.218536585365865 4.866308307263776 56.973 11.021 19.79852747252747 91
110 7.1 14.529999999999996 2.9730633843434857 56.973 11.021 18.686560606060606 132
120 0.5 15.759800000000002 3.2340848102670403 56.973 11.021 17.232788177339902 203
130 0 0 0 56.973 11.021 17.197379807692307 208
140 0.2 15.1135 0.07850000000000001 56.973 11.021 17.197379807692307 208
150 11.7 16.760153846153845 13.285299478474 133.831 10.751 17.177533333333333 210
160 10.9 15.270623853211003 4.83031466444953 133.831 10.751 17.028195718654434 327
170 1.2 14.180166666666665 1.1468264060247106 133.831 10.751 16.588802752293578 436
180 0 0 0 133.831 10.751 16.524285714285714 448
190 0.9 15.72822222222222 4.510635845243447 133.831 10.751 16.524285714285714 448
200 19.9 15.673899497487437 12.461292834835694 133.831 10.751 16.508608315098467 457
210 23.7 15.914147679324891 6.41684994483101 133.831 10.751 16.255396341463413 656
220 3.3 15.444878787878784 2.8159640445962966 133.831 10.751 16.16482978723404 893
230 0.2 16.636 1.0849999999999995 133.831 10.751 16.139172786177102 926
240 0 0 0 133.831 10.751 16.140243534482757 928
250 0.5 16.900399999999998 3.5865293864682055 133.831 10.751 16.140243534482757 928
260 38 16.26558157894738 10.885798619310709 140.534 10.751 16.144317256162914 933
270 51.5 29.577421359223298 24.55916907039572 337.022 10.751 16.179412795125668 1313
280 5.7 24.866596491228076 21.675889259452724 337.022 10.751 19.954015864332604 1828
290 0.3 14.704333333333333 0.6602304311543221 337.022 10.751 20.10256604774536 1885
300 0 0 0 337.022 10.751 20.093988347457625 1888
301 0 0 0 337.022 10.751 20.093988347457625 1888
