0 0.1 1.7706040176114473 0 1.7706040176114473 1.7706040176114473 0 0
10 0.1 0.34965034965034963 0.0 1.7706040176114473 0.34965034965034963 1.7706040176114473 1
20 0.1 0.798004987531172 0.0 1.7706040176114473 0.34965034965034963 1.0601271836308985 2
30 0.1 1.794616151545364 0.0 1.794616151545364 0.34965034965034963 0.9727531182643231 3
40 0.1 0.15 0.0 1.794616151545364 0.15 1.1782188765845834 4
50 0.1 0.05002501250625312 0.0 1.794616151545364 0.05002501250625312 0.9725751012676668 5
60 0.1 0.0 0.0 1.794616151545364 0.0 0.8188167531407644 6
70 0.1 0.05 0.0 1.794616151545364 0.0 0.7018429312635124 7
80 0.1 0.29955067398901647 0.0 1.794616151545364 0.0 0.6203625648555733 8
90 0.1 0.29955067398901647 0.0 1.794616151545364 0.0 0.5847167992037337 9
100 0.1 0.15015015015015015 0.0 1.794616151545364 0.0 0.5562001866822619 10
110 0.1 0.04997501249375312 0.0 1.794616151545364 0.0 0.5192865469975245 11
120 0.1 0.04995004995004995 0.0 1.794616151545364 0.0 0.4801772524555436 12
130 0.1 0.05002501250625312 0.0 1.794616151545364 0.0 0.4470828522628133 13
140 0.1 0.0999000999000999 0.0 1.794616151545364 0.0 0.41872157799448756 14
