0 0.1 737.3359375 0 737.3359375 737.3359375 0 0
10 0.1 734.5703125 0.0 737.3359375 734.5703125 737.3359375 1
20 0.1 723.765625 0.0 737.3359375 723.765625 735.953125 2
30 0.1 711.421875 0.0 737.3359375 711.421875 731.890625 3
40 0.1 709.85546875 0.0 737.3359375 709.85546875 726.7734375 4
50 0.1 709.81640625 0.0 737.3359375 709.81640625 723.38984375 5
60 0.1 709.73046875 0.0 737.3359375 709.73046875 721.1276041666666 6
70 0.1 709.74609375 0.0 737.3359375 709.73046875 719.4994419642857 7
80 0.1 709.71484375 0.0 737.3359375 709.71484375 718.2802734375 8
90 0.1 714.8828125 0.0 737.3359375 709.71484375 717.3285590277778 9
100 0.1 717.93359375 0.0 737.3359375 709.71484375 717.083984375 10
110 0.1 718.06640625 0.0 737.3359375 709.71484375 717.1612215909091 11
120 0.1 718.0703125 0.0 737.3359375 709.71484375 717.2366536458334 12
130 0.1 718.078125 0.0 737.3359375 709.71484375 717.30078125 13
140 0.1 718.09765625 0.0 737.3359375 709.71484375 717.3563058035714 14
