30 0.1 29514.796 0 29514.796 29514.796 0 0
40 0 0 0 29514.796 29514.796 29514.796 1
50 0 0 0 29514.796 29514.796 29514.796 1
60 0.2 65373.644499999995 1105.641499999998 66479.286 29514.796 29514.796 1
70 1.6 67525.0385 2821.030619354543 72965.752 29514.796 53420.695 3
80 2.4 68295.74279166666 3146.1739190840253 76968.405 29514.796 65298.03689473683 19
90 3.7 70087.75902702702 2798.800053188485 76968.405 29514.796 66971.17506976744 43
100 0 0 0 76968.405 29514.796 68412.59515 80
110 0 0 0 76968.405 29514.796 68412.59515 80
120 0 0 0 76968.405 29514.796 68412.59515 80
130 0.1 112774.04 0.0 112774.04 29514.796 68412.59515 80
140 0.5 118170.30759999999 4587.941997553051 124540.171 29514.796 68960.26730864197 81
140 0 0 0 124540.171 29514.796 71821.3161627907 86
