20 0.1 21272.417 0 21272.417 21272.417 0 0
30 0 0 0 21272.417 21272.417 21272.417 1
40 0 0 0 21272.417 21272.417 21272.417 1
50 0 0 0 21272.417 21272.417 21272.417 1
60 0.1 60033.419 0.0 60033.419 21272.417 21272.417 1
70 1.5 60007.032733333326 7.298767050821848 60034.043 21272.417 40652.918000000005 2
80 2.5 60005.191719999995 1.5704811369760043 60034.043 21272.417 57730.07805882353 17
90 3.1 60004.89070967742 1.4621079390343172 60034.043 21272.417 59084.312380952375 42
100 0 0 0 60034.043 21272.417 59475.24290410959 73
110 0 0 0 60034.043 21272.417 59475.24290410959 73
120 0 0 0 60034.043 21272.417 59475.24290410959 73
130 0 0 0 60034.043 21272.417 59475.24290410959 73
140 0.4 60014.01500000001 14.768550487439779 60039.267 21272.417 59475.24290410959 73
140 0 0 0 60039.267 21272.417 59503.231064935055 77
