0 3.4 34
10 4 74
20 2.1 95
30 0.5 100
40 0.8 108
50 0 108
60 4.5 153
70 9.1 244
80 3.8 282
90 1.2 294
100 1.2 306
110 0.7 313
120 0.8 321
130 0 321
140 5.6 377
150 17.5 552
160 8.2 634
170 2.1 655
180 0.8 663
190 1.8 681
200 1.2 693
210 0.5 698
220 0.3 701
230 1.4 715
240 1.2 727
250 0.2 729
260 0 729
270 1.6 745
280 18.2 927
290 26.7 1194
300 3.4 1228
310 0.3 1231
320 4.1 1272
330 3.3 1305
340 0.4 1309
350 4.5 1354
360 2.3 1377
370 0.4 1381
380 0.6 1387
390 0.7 1394
400 1.2 1406
410 0.1 1407
420 0.7 1414
430 0.6 1420
440 0.1 1421
450 0.2 1423
460 0.1 1424
470 0 1424
480 0 1424
490 0 1424
500 0 1424
510 0 1424
520 9.8 1522
530 19.8 1720
540 11.6 1836
550 0.3 1839
560 0.4 1843
570 3.2 1875
580 1.6 1891
590 4.9 1940
600 4.2 1982
610 1.9 2001
620 0.4 2005
630 0.1 2006
640 0.2 2008
650 0.4 2012
660 0.2 2014
670 1.8 2032
680 0 2032
690 0.1 2033
700 0.4 2037
710 0 2037
720 0 2037
730 0.1 2038
740 0 2038
750 10.3 2141
760 17.8 2319
770 0.8 2327
780 0.2 2329
790 0.5 2334
800 0 2334
810 0.7 2341
820 2.6 2367
830 5.5 2422
840 0.2 2424
850 0 2424
860 0 2424
870 0 2424
880 0.5 2429
890 0.4 2433
900 1.5 2448
910 0.5 2453
920 0 2453
930 0.6 2459
940 0 2459
950 0.2 2461
960 1.1 2472
970 3.4 2506
980 0.1 2507
990 0 2507
1000 0.1 2508
1010 2.3 2531
1020 13.6 2667
1030 5.9 2726
1040 1.5 2741
1050 0 2741
1060 0.1 2742
1070 0 2742
1080 1.1 2753
1090 8.1 2834
1100 2.2 2856
1110 0.6 2862
1120 0 2862
1130 0.4 2866
1140 0.2 2868
1150 0.5 2873
1160 2.3 2896
1170 2.1 2917
1180 0.1 2918
1190 0 2918
1200 0 2918
1210 0.1 2919
1220 0 2919
1222 0 2919
