300 0.1 1
310 0.1 2
320 0 2
330 0 2
340 0 2
350 0 2
360 0.1 3
370 0 3
380 0 3
390 0.1 4
400 0.2 6
410 0.4 10
420 4.3 53
430 0.5 58
440 0.4 62
450 0.1 63
460 0 63
470 0.2 65
480 0.4 69
490 0 69
500 0 69
510 0 69
520 0 69
530 0.1 70
540 2.8 98
550 3.3 131
560 0.3 134
570 0 134
580 0 134
590 0.1 135
600 1.5 150
610 0 150
620 0.2 152
630 0 152
640 0.1 153
650 0.5 158
660 1.2 170
670 2.1 191
680 0.1 192
690 0 192
700 0 192
710 0 192
720 0 192
730 0.5 197
740 0 197
750 0 197
760 3.4 231
770 13.5 366
780 3.5 401
790 0.3 404
800 0 404
810 0.1 405
820 2 425
830 0.6 431
840 0 431
850 0 431
860 0 431
870 0.1 432
880 0.3 435
890 3.4 469
900 0.7 476
910 0 476
920 0 476
930 0 476
940 0 476
950 0 476
960 0.7 483
970 0.1 484
980 0.1 485
990 0 485
1000 0 485
1010 0 485
1020 3.3 518
1030 25.5 773
1040 16.5 938
1050 1.5 953
1060 0.1 954
1070 0 954
1080 1.3 967
1090 2.4 991
1100 0.2 993
1110 0 993
1120 0 993
1130 0 993
1140 0 993
1150 0.9 1002
1160 1.7 1019
1170 0.2 1021
1180 0 1021
1190 0 1021
1200 0 1021
1210 0.3 1024
1220 0.1 1025
1222 0 1025
