300 2.7 27
310 2.7 54
320 0 54
330 0 54
340 0 54
350 0 54
360 0 54
370 0 54
380 0 54
390 0 54
400 0 54
410 0 54
420 0 54
430 0 54
440 0 54
450 0 54
460 0 54
470 0 54
480 0 54
490 0 54
500 0 54
510 0 54
520 0 54
530 64.7 701
540 91.6 1617
550 41.5 2032
560 7.7 2109
570 0.4 2113
580 0 2113
590 0 2113
600 0 2113
610 0 2113
620 0 2113
630 0 2113
640 0 2113
650 0 2113
660 0 2113
670 0 2113
680 0 2113
690 0 2113
700 0 2113
710 0 2113
720 0 2113
730 0 2113
740 0 2113
750 33.4 2447
760 257.8 5025
770 237.8 7403
780 50.5 7908
790 5.7 7965
800 1.6 7981
810 0.5 7986
820 3.8 8024
830 0.7 8031
840 0 8031
850 0 8031
860 0 8031
870 0 8031
880 0 8031
890 0.2 8033
900 0 8033
910 0 8033
920 0 8033
930 0 8033
940 0 8033
950 0 8033
960 0 8033
970 0 8033
980 0 8033
990 0 8033
1000 0 8033
1010 6.5 8098
1020 434.4 12442
1030 652 18962
1040 229.1 21253
1050 42.9 21682
1060 4.9 21731
1070 0.2 21733
1080 1.1 21744
1090 5 21794
1100 0 21794
1110 0 21794
1120 0 21794
1130 0 21794
1140 0 21794
1150 0 21794
1160 0 21794
1170 0 21794
1180 0 21794
1190 0 21794
1200 0 21794
1210 0 21794
1220 0 21794
1222 0 21794
