350 3.2 32
360 1.8 50
370 0.1 51
380 0.4 55
390 0.4 59
400 0.1 60
410 1 70
420 4.4 114
430 0.1 115
440 0.3 118
450 0.2 120
460 0.2 122
470 0.8 130
480 4 170
490 0.9 179
500 0.4 183
510 0 183
520 0 183
530 0 183
540 0 183
550 0 183
560 0 183
570 0 183
580 0 183
590 1.4 197
600 3.7 234
610 0.2 236
620 0.1 237
630 0.4 241
640 0.3 244
650 0.6 250
660 3.7 287
670 1.6 303
680 0.2 305
690 0.1 306
700 0.1 307
710 0.5 312
720 0.8 320
730 2.7 347
740 0.3 350
750 0 350
760 0 350
770 0 350
780 0 350
790 0 350
800 0 350
810 0 350
820 7.1 421
830 0.2 423
840 0.1 424
850 0.1 425
860 0 425
870 0.1 426
880 2.5 451
890 8.3 534
900 1.2 546
910 0 546
920 0 546
930 0.1 547
940 0.1 548
950 2.8 576
960 2.8 604
970 0.4 608
980 0 608
990 0 608
1000 0 608
1010 0 608
1020 0 608
1030 0 608
1040 0 608
1050 0 608
1060 0 608
1070 0 608
1080 3.3 641
1090 3.9 680
1100 0.6 686
1110 0 686
1120 0 686
1130 0.1 687
1140 0.4 691
1150 3.8 729
1160 1.3 742
1170 0.4 746
1180 0 746
1190 0 746
1200 0 746
1210 0.2 748
1220 0 748
1222 0 748
