0 21 21
10 22 1
20 14 -8
30 12 -2
40 4 -8
50 1 -3
60 41 40
70 47 6
80 29 -18
90 22 -7
100 20 -2
110 19 -1
120 17 -2
130 1 -16
140 55 54
150 99 44
160 66 -33
170 48 -18
180 41 -7
190 37 -4
200 37 0
210 37 0
220 37 0
230 37 0
240 34 -3
250 29 -5
260 21 -8
270 46 25
280 205 159
290 221 16
300 206 -15
310 196 -10
320 177 -19
330 175 -2
340 172 -3
350 144 -28
360 121 -23
370 116 -5
380 112 -4
390 97 -15
400 89 -8
410 85 -4
420 77 -8
430 77 0
440 76 -1
450 75 -1
460 67 -8
470 61 -6
480 22 -39
490 12 -10
500 8 -4
510 0 -8
520 260 260
530 470 210
540 371 -99
550 233 -138
560 196 -37
570 187 -9
580 178 -9
590 165 -13
600 143 -22
610 122 -21
620 119 -3
630 119 0
640 115 -4
650 108 -7
660 76 -32
670 59 -17
680 56 -3
690 52 -4
700 45 -7
710 40 -5
720 32 -8
730 9 -23
740 0 -9
750 510 510
760 863 353
770 438 -425
780 232 -206
790 201 -31
800 195 -6
810 192 -3
820 171 -21
830 162 -9
840 157 -5
850 157 0
860 157 0
870 157 0
880 140 -17
890 116 -24
900 117 1
910 114 -3
920 111 -3
930 108 -3
940 107 -1
950 79 -28
960 53 -26
970 25 -28
980 14 -11
990 11 -3
1000 2 -9
1010 380 378
1020 1409 1029
1030 1084 -325
1040 405 -679
1050 222 -183
1060 195 -27
1070 195 0
1080 181 -14
1090 144 -37
1100 122 -22
1110 119 -3
1120 117 -2
1130 115 -2
1140 110 -5
1150 77 -33
1160 66 -11
1170 39 -27
1180 33 -6
1190 33 0
1200 33 0
1210 2 -31
1220 0 -2
1222 0 0
