0 2.1 1.4487619047619051 2.6882074024428904 13.458 0.711 0 0
10 0.9 26.320999999999998 71.06993092096764 227.331 0.711 1.4487619047619051 21
20 0 0 0 227.331 0.711 8.910433333333334 30
30 0 0 0 227.331 0.711 8.910433333333334 30
40 0 0 0 227.331 0.711 8.910433333333334 30
50 0 0 0 227.331 0.711 8.910433333333334 30
60 4.2 2.776904761904762 6.491199213475499 227.331 0.651 8.910433333333334 30
70 1.8 1.7210555555555556 2.8938443571796064 227.331 0.651 5.332541666666667 72
80 0 0 0 227.331 0.651 4.610244444444444 90
90 0 0 0 227.331 0.651 4.610244444444444 90
100 0 0 0 227.331 0.651 4.610244444444444 90
110 0 0 0 227.331 0.651 4.610244444444444 90
120 0 0 0 227.331 0.651 4.610244444444444 90
130 0 0 0 227.331 0.651 4.610244444444444 90
140 5.5 1.4168181818181813 2.5594477322685996 227.331 0.603 4.610244444444444 90
150 6.1 2.726081967213115 7.737454745851574 227.331 0.603 3.398944827586206 145
160 0 0 0 227.331 0.603 3.1996990291262133 206
170 0 0 0 227.331 0.603 3.1996990291262133 206
180 0 0 0 227.331 0.603 3.1996990291262133 206
190 0 0 0 227.331 0.603 3.1996990291262133 206
200 0 0 0 227.331 0.603 3.1996990291262133 206
210 0 0 0 227.331 0.603 3.1996990291262133 206
220 0 0 0 227.331 0.603 3.1996990291262133 206
230 0 0 0 227.331 0.603 3.1996990291262133 206
240 0 0 0 227.331 0.603 3.1996990291262133 206
250 0 0 0 227.331 0.603 3.1996990291262133 206
260 0 0 0 227.331 0.603 3.1996990291262133 206
270 4.6 1.9231304347826084 4.040701922496267 227.331 0.603 3.1996990291262133 206
280 16.1 1.7835652173913044 4.88014955577598 227.331 0.603 2.9666746031746025 252
290 2.9 3.3607586206896563 7.681129957531942 227.331 0.603 2.505462469733656 413
300 0.1 0.817 0.0 227.331 0.603 2.561579185520362 442
310 0.1 11.178 0.0 227.331 0.603 2.5576410835214443 443
320 0 0 0 227.331 0.603 2.5770563063063063 444
330 0 0 0 227.331 0.603 2.5770563063063063 444
340 0 0 0 227.331 0.603 2.5770563063063063 444
350 0 0 0 227.331 0.603 2.5770563063063063 444
360 0.1 7.832 0.0 227.331 0.603 2.5770563063063063 444
370 0 0 0 227.331 0.603 2.588865168539326 445
380 0 0 0 227.331 0.603 2.588865168539326 445
390 0.1 0.941 0.0 227.331 0.603 2.588865168539326 445
400 0.2 1.082 0.16599999999999995 227.331 0.603 2.585170403587444 446
410 0.3 1.7780000000000002 1.2982221176157285 227.331 0.603 2.5784598214285714 448
420 4 2.071575 5.3007620767560395 227.331 0.603 2.5731352549889137 451
430 0.8 16.167 40.57524920441031 227.331 0.603 2.5322749490835035 491
440 0.4 0.886 0.05053711507397309 227.331 0.603 2.7508677354709423 499
450 0.2 0.8514999999999999 0.00849999999999998 227.331 0.603 2.7360377733598416 503
460 0 0 0 227.331 0.603 2.728574257425743 505
470 0 0 0 227.331 0.603 2.728574257425743 505
480 0.6 9.774333333333333 12.252348164966401 227.331 0.603 2.728574257425743 505
490 0 0 0 227.331 0.603 2.811303326810177 511
500 0 0 0 227.331 0.603 2.811303326810177 511
510 0 0 0 227.331 0.603 2.811303326810177 511
520 26 1.8851500000000005 4.948141468171504 227.331 0.552 2.811303326810177 511
530 21.9 1.8737168949771696 3.8668339818434423 227.331 0.552 2.4989818417639436 771
540 2 2.3263499999999993 3.233745170464117 227.331 0.552 2.3606656565656574 990
550 3.9 7.294307692307691 25.441723077183564 227.331 0.552 2.359986138613862 1010
560 0.6 2.1783333333333332 2.9678990137057486 227.331 0.552 2.543435653002861 1049
570 0 0 0 227.331 0.552 2.541359241706162 1055
580 0 0 0 227.331 0.552 2.541359241706162 1055
590 0 0 0 227.331 0.552 2.541359241706162 1055
600 1.3 1.7115384615384612 2.9737586062961987 227.331 0.552 2.541359241706162 1055
610 0.3 0.8686666666666666 0.13413011924578644 227.331 0.552 2.531258426966293 1068
620 0.1 1.372 0.0 227.331 0.552 2.526601307189544 1071
630 0.1 0.914 0.0 227.331 0.552 2.5255242537313447 1072
640 0.1 0.954 0.0 227.331 0.552 2.5240223671947826 1073
650 0.5 2.9812 3.1781699388169917 227.331 0.552 2.5225605214152718 1074
660 0.8 2.48275 3.0932056894910818 227.331 0.552 2.524685820203894 1079
670 2.2 3.247090909090909 9.636680213496247 227.331 0.552 2.524377184912605 1087
680 0.4 4.3870000000000005 6.093370003536631 227.331 0.552 2.5387141568981084 1109
690 0 0 0 227.331 0.552 2.545356693620846 1113
700 0 0 0 227.331 0.552 2.545356693620846 1113
710 0 0 0 227.331 0.552 2.545356693620846 1113
720 0 0 0 227.331 0.552 2.545356693620846 1113
730 0.4 6.95175 8.947900769873344 227.331 0.552 2.545356693620846 1113
740 0.1 1.554 0.0 227.331 0.552 2.561136078782454 1117
750 51 1.9854313725490185 4.601253798672714 227.331 0.552 2.5602352415026846 1118
760 44.1 2.4941111111111085 5.2095907664269285 227.331 0.552 2.3801676904176907 1628
770 12.2 1.6946803278688527 2.8525270455073177 227.331 0.552 2.404454325761237 2069
780 5.6 2.260214285714286 4.615250471899367 227.331 0.552 2.3649324509356453 2191
790 0.6 4.3765 7.550185312295322 227.331 0.552 2.3623226524254557 2247
800 0.1 1.643 0.0 227.331 0.552 2.3676866400355077 2253
810 0 0 0 227.331 0.552 2.367365128660159 2254
820 1.7 1.0645294117647057 0.637904761252858 227.331 0.552 2.367365128660159 2254
830 1 1.8903000000000003 2.2794819170153553 227.331 0.552 2.3576125055041826 2271
840 0 0 0 227.331 0.552 2.3555637878123625 2281
850 0 0 0 227.331 0.552 2.3555637878123625 2281
860 0 0 0 227.331 0.552 2.3555637878123625 2281
870 0.1 11.369 0.0 227.331 0.552 2.3555637878123625 2281
880 0.1 0.923 0.0 227.331 0.552 2.359513584574934 2282
890 2.9 4.017034482758621 7.397220789769903 227.331 0.552 2.3588843626806826 2283
900 1.4 1.4841428571428568 1.0062866573371099 227.331 0.552 2.379682958477508 2312
910 0 0 0 227.331 0.552 2.3742927773000853 2326
920 0 0 0 227.331 0.552 2.3742927773000853 2326
930 0 0 0 227.331 0.552 2.3742927773000853 2326
940 0 0 0 227.331 0.552 2.3742927773000853 2326
950 0 0 0 227.331 0.552 2.3742927773000853 2326
960 0.5 3.8165999999999998 4.097846195259163 227.331 0.552 2.3742927773000853 2326
970 0.2 1.016 0.19900000000000007 227.331 0.552 2.377386529386529 2331
980 0.2 0.8360000000000001 0.02699999999999994 227.331 0.552 2.3762194599228454 2333
990 0 0 0 227.331 0.552 2.3749002141327615 2335
1000 0 0 0 227.331 0.552 2.3749002141327615 2335
1010 38 3.4890736842105285 8.637979235534088 227.331 0.521 2.3749002141327615 2335
1020 137.4 2.609574235807858 6.2533043294195805 227.331 0.481 2.530843462246777 2715
1030 83.4 9.364609112709829 33.79091751427178 243.044 0.438 2.5572988505747114 4089
1040 21.3 4.568366197183097 17.577090993147664 243.044 0.438 3.710517773715213 4923
1050 3.5 1.7982000000000002 3.5044374873661455 243.044 0.438 3.7460944314641726 5136
1060 0.1 2.829 0.0 243.044 0.438 3.7329100754206137 5171
1070 0 0 0 243.044 0.438 3.7327353054911048 5172
1080 0.2 11.182500000000001 10.3235 243.044 0.438 3.7327353054911048 5172
1090 3.3 3.6549090909090913 9.697470086710483 243.044 0.438 3.7356149980672586 5174
1100 0.3 2.258666666666667 1.9859376179080306 243.044 0.438 3.7351035144997113 5207
1110 0.1 0.916 0.0 243.044 0.438 3.7342533589251437 5210
1120 0 0 0 243.044 0.438 3.733712531184034 5211
1130 0 0 0 243.044 0.438 3.733712531184034 5211
1140 0 0 0 243.044 0.438 3.733712531184034 5211
1150 0.4 12.945500000000001 11.724496503048648 243.044 0.438 3.733712531184034 5211
1160 2.2 20.185636363636362 50.78039605769985 243.044 0.438 3.7407781399808244 5215
1170 0.2 0.812 0.03799999999999995 243.044 0.438 3.8098609891159056 5237
1180 0 0 0 243.044 0.438 3.808716548959725 5239
1190 0 0 0 243.044 0.438 3.808716548959725 5239
1200 0 0 0 243.044 0.438 3.808716548959725 5239
1210 0.1 6.443 0.0 243.044 0.438 3.808716548959725 5239
1220 0.3 4.429 5.006368211255207 243.044 0.438 3.80921927480916 5240
1222 0 0 0 243.044 0.438 3.8095739080678994 5243
