0 0 0
10 0.8 8
20 0.8 16
30 0.3 19
40 0.7 26
50 0.3 29
60 0.2 31
70 1.2 43
80 2 63
90 0.5 68
100 0.2 70
110 0.1 71
120 0.2 73
130 1.6 89
140 0.1 90
150 1.8 108
160 3.2 140
170 1.8 158
180 0.7 165
190 0.4 169
200 0 169
210 0 169
220 0 169
230 0 169
240 0.4 173
250 0.4 177
260 0.9 186
270 2 206
280 0.3 209
290 1.2 221
300 1.5 236
310 1 246
320 1.9 265
330 0.2 267
340 0.3 270
350 2.8 298
360 2.3 321
370 0.5 326
380 0.4 330
390 1.5 345
400 0.8 353
410 0.3 356
420 0.5 361
430 0.3 364
440 0.1 365
450 0.2 367
460 0.8 375
470 0.4 379
480 4.3 422
490 0.8 430
500 0.4 434
510 0.8 442
520 0 442
530 0.9 451
540 9.9 550
550 13.7 687
560 3.8 725
570 0.9 734
580 0.9 743
590 1.2 755
600 2.1 776
610 2.3 799
620 0.2 801
630 0.1 802
640 0.4 806
650 0.7 813
660 2.8 841
670 1.8 859
680 0.6 865
690 0.4 869
700 0.7 876
710 0.5 881
720 0.8 889
730 2.2 911
740 1 921
750 0 921
760 6.6 987
770 41.9 1406
780 21.2 1618
790 3.1 1649
800 0.7 1656
810 0.1 1657
820 2 1677
830 1.1 1688
840 0.5 1693
850 0 1693
860 0 1693
870 0 1693
880 1.5 1708
890 1.9 1727
900 0.6 1733
910 0.3 1736
920 0.3 1739
930 0.3 1742
940 0.2 1744
950 2.7 1771
960 2.4 1795
970 2.9 1824
980 1.2 1836
990 0.3 1839
1000 0.9 1848
1010 0.2 1850
1020 6.5 1915
1030 67 2585
1040 70.4 3289
1050 19.5 3484
1060 2.7 3511
1070 0 3511
1080 0.5 3516
1090 4.7 3563
1100 2 3583
1110 0.4 3587
1120 0.2 3589
1130 0.2 3591
1140 0.5 3596
1150 2.8 3624
1160 1.6 3640
1170 2.9 3669
1180 0.4 3673
1190 0 3673
1200 0 3673
1210 2.9 3702
1220 0.4 3706
1222 0 3706
