0 0.1 733.30859375 0 733.30859375 733.30859375 0 0
10 0.1 728.60546875 0.0 733.30859375 728.60546875 733.30859375 1
20 0.1 723.3515625 0.0 733.30859375 723.3515625 730.95703125 2
30 0.1 722.39453125 0.0 733.30859375 722.39453125 728.421875 3
40 0.1 721.9375 0.0 733.30859375 721.9375 726.9150390625 4
50 0.1 725.1875 0.0 733.30859375 721.9375 725.91953125 5
60 0.1 724.6796875 0.0 733.30859375 721.9375 725.7975260416666 6
70 0.1 718.30078125 0.0 733.30859375 718.30078125 725.6378348214286 7
80 0.1 710.5703125 0.0 733.30859375 710.5703125 724.720703125 8
90 0.1 707.4296875 0.0 733.30859375 707.4296875 723.1484375 9
100 0.1 706.95703125 0.0 733.30859375 706.95703125 721.5765625 10
110 0.1 706.60546875 0.0 733.30859375 706.60546875 720.2475142045455 11
120 0.1 704.5 0.0 733.30859375 704.5 719.1106770833334 12
130 0.1 706.70703125 0.0 733.30859375 704.5 717.9867788461538 13
140 0.1 713.99609375 0.0 733.30859375 704.5 717.1810825892857 14
150 0.1 709.078125 0.0 733.30859375 704.5 716.96875 15
160 0.1 693.84765625 0.0 733.30859375 693.84765625 716.4755859375 16
170 0.1 690.01953125 0.0 733.30859375 690.01953125 715.14453125 17
180 0.1 691.0078125 0.0 733.30859375 690.01953125 713.7486979166666 18
190 0.1 690.01953125 0.0 733.30859375 690.01953125 712.5518092105264 19
200 0.1 683.03515625 0.0 733.30859375 683.03515625 711.4251953125 20
210 0.1 692.734375 0.0 733.30859375 683.03515625 710.0732886904761 21
220 0.1 692.51171875 0.0 733.30859375 683.03515625 709.28515625 22
230 0.1 692.28125 0.0 733.30859375 683.03515625 708.5558763586956 23
240 0.1 685.94921875 0.0 733.30859375 683.03515625 707.8777669270834 24
250 0.1 684.14453125 0.0 733.30859375 683.03515625 707.000625 25
260 0.1 689.48828125 0.0 733.30859375 683.03515625 706.1215444711538 26
270 0.1 692.40625 0.0 733.30859375 683.03515625 705.5054976851852 27
280 0.1 704.1015625 0.0 733.30859375 683.03515625 705.0376674107143 28
290 0.1 665.359375 0.0 733.30859375 665.359375 705.0053879310345 29
300 0.1 640.30859375 0.0 733.30859375 640.30859375 703.6838541666667 30
310 0.1 640.5703125 0.0 733.30859375 640.30859375 701.6394909274194 31
320 0.1 631.40234375 0.0 733.30859375 631.40234375 699.7310791015625 32
330 0.1 634.77734375 0.0 733.30859375 631.40234375 697.6605113636364 33
340 0.1 633.94140625 0.0 733.30859375 631.40234375 695.8110064338235 34
350 0.1 631.07421875 0.0 733.30859375 631.07421875 694.0433035714286 35
360 0.1 627.34765625 0.0 733.30859375 627.34765625 692.2941623263889 36
370 0.1 627.61328125 0.0 733.30859375 627.34765625 690.5388513513514 37
380 0.1 627.140625 0.0 733.30859375 627.140625 688.8829152960526 38
390 0.1 627.03515625 0.0 733.30859375 627.03515625 687.2997796474359 39
400 0.1 629.7734375 0.0 733.30859375 627.03515625 685.7931640625 40
410 0.1 629.85546875 0.0 733.30859375 627.03515625 684.4268292682926 41
420 0.1 630.1171875 0.0 733.30859375 627.03515625 683.1275111607142 42
430 0.1 629.6875 0.0 733.30859375 627.03515625 681.8947129360464 43
440 0.1 629.94921875 0.0 733.30859375 627.03515625 680.7081853693181 44
450 0.1 630.0234375 0.0 733.30859375 627.03515625 679.5802083333333 45
460 0.1 630.04296875 0.0 733.30859375 627.03515625 678.5028872282609 46
470 0.1 631.265625 0.0 733.30859375 627.03515625 677.4718251329788 47
480 0.1 631.484375 0.0 733.30859375 627.03515625 676.5091959635417 48
490 0.1 664.671875 0.0 733.30859375 627.03515625 675.5903220663265 49
500 0.1 673.75390625 0.0 733.30859375 627.03515625 675.371953125 50
510 0.1 676.30859375 0.0 733.30859375 627.03515625 675.3402267156863 51
520 0.1 690.87109375 0.0 733.30859375 627.03515625 675.3588491586538 52
530 0.1 667.77734375 0.0 733.30859375 627.03515625 675.6515330188679 53
540 0.1 609.640625 0.0 733.30859375 609.640625 675.505714699074 54
550 0.1 589.01171875 0.0 733.30859375 589.01171875 674.3081676136363 55
560 0.1 588.203125 0.0 733.30859375 588.203125 672.7850167410714 56
570 0.1 587.33203125 0.0 733.30859375 587.33203125 671.3011239035088 57
580 0.1 583.16015625 0.0 733.30859375 583.16015625 669.8533809267242 58
590 0.1 579.12109375 0.0 733.30859375 579.12109375 668.3840042372881 59
600 0.1 576.90234375 0.0 733.30859375 576.90234375 666.8962890625 60
610 0.1 574.98828125 0.0 733.30859375 574.98828125 665.4209784836065 61
620 0.1 574.5390625 0.0 733.30859375 574.5390625 663.962386592742 62
630 0.1 574.1875 0.0 733.30859375 574.1875 662.54296875 63
640 0.1 574.07421875 0.0 733.30859375 574.07421875 661.1624145507813 64
650 0.1 574.41015625 0.0 733.30859375 574.07421875 659.8225961538461 65
660 0.1 583.9296875 0.0 733.30859375 574.07421875 658.5284682765151 66
670 0.1 590.37109375 0.0 733.30859375 574.07421875 657.4150536380597 67
680 0.1 598.0859375 0.0 733.30859375 574.07421875 656.4291130514706 68
690 0.1 598.0546875 0.0 733.30859375 574.07421875 655.5835597826087 69
700 0.1 598.15625 0.0 733.30859375 574.07421875 654.76171875 70
710 0.1 603.37109375 0.0 733.30859375 574.07421875 653.9644586267606 71
720 0.1 604.953125 0.0 733.30859375 574.07421875 653.2617730034722 72
730 0.1 605.0859375 0.0 733.30859375 574.07421875 652.6000107020548 73
740 0.1 636.78125 0.0 733.30859375 574.07421875 651.9579286317568 74
750 0.1 665.62890625 0.0 733.30859375 574.07421875 651.7555729166667 75
760 0.1 641.0546875 0.0 733.30859375 574.07421875 651.9381167763158 76
770 0.1 556.2890625 0.0 733.30859375 556.2890625 651.796773538961 77
780 0.1 549.23046875 0.0 733.30859375 549.23046875 650.5723157051282 78
790 0.1 552.703125 0.0 733.30859375 549.23046875 649.2895075158228 79
800 0.1 552.02734375 0.0 733.30859375 549.23046875 648.0821777343751 80
810 0.1 552.03515625 0.0 733.30859375 549.23046875 646.89631558642 81
820 0.1 550.63671875 0.0 733.30859375 549.23046875 645.7394721798782 82
830 0.1 550.68359375 0.0 733.30859375 549.23046875 644.5936558734942 83
840 0.1 549.625 0.0 733.30859375 549.23046875 643.4756789434525 84
850 0.1 549.40234375 0.0 733.30859375 549.23046875 642.3715533088236 85
860 0.1 549.60546875 0.0 733.30859375 549.23046875 641.2905159883721 86
870 0.1 549.61328125 0.0 733.30859375 549.23046875 640.2366648706897 87
880 0.1 549.26171875 0.0 733.30859375 549.23046875 639.2068536931819 88
890 0.1 548.953125 0.0 733.30859375 548.953125 638.1962341994383 89
900 0.1 549.05078125 0.0 733.30859375 548.953125 637.2046440972223 90
910 0.1 551.0 0.0 733.30859375 548.953125 636.2359203296704 91
920 0.1 550.74609375 0.0 733.30859375 548.953125 635.3094429347827 92
930 0.1 550.83203125 0.0 733.30859375 548.953125 634.4001596102152 93
940 0.1 550.9453125 0.0 733.30859375 548.953125 633.5111369680852 94
950 0.1 551.078125 0.0 733.30859375 548.953125 632.642023026316 95
960 0.1 566.62109375 0.0 733.30859375 548.953125 631.7923990885419 96
970 0.1 584.44921875 0.0 733.30859375 548.953125 631.1205299613404 97
980 0.1 599.61328125 0.0 733.30859375 548.953125 630.6442920918369 98
990 0.1 606.14453125 0.0 733.30859375 548.953125 630.330847537879 99
1000 0.1 606.27734375 0.0 733.30859375 548.953125 630.0889843750002 100
1010 0.1 618.33984375 0.0 733.30859375 548.953125 629.853225556931 101
1020 0.1 637.6171875 0.0 733.30859375 548.953125 629.7403492647062 102
1030 0.1 489.6015625 0.0 733.30859375 489.6015625 629.8168234223303 103
1040 0.1 451.09375 0.0 733.30859375 451.09375 628.4685997596157 104
1050 0.1 448.015625 0.0 733.30859375 448.015625 626.7793154761907 105
1060 0.1 450.625 0.0 733.30859375 448.015625 625.092865566038 106
1070 0.1 449.9921875 0.0 733.30859375 448.015625 623.4623247663554 107
1080 0.1 448.4296875 0.0 733.30859375 448.015625 621.856119791667 108
1090 0.1 447.00390625 0.0 733.30859375 447.00390625 620.2650516055048 109
1100 0.1 463.6875 0.0 733.30859375 447.00390625 618.6899502840912 110
1110 0.1 473.5234375 0.0 733.30859375 447.00390625 617.2935318130633 111
1120 0.1 473.796875 0.0 733.30859375 447.00390625 616.0098702566967 112
1130 0.1 473.8359375 0.0 733.30859375 447.00390625 614.751348174779 113
1140 0.1 473.7265625 0.0 733.30859375 447.00390625 613.5152480811406 114
1150 0.1 477.96875 0.0 733.30859375 447.00390625 612.2996942934785 115
1160 0.1 514.12109375 0.0 733.30859375 447.00390625 611.1416689116381 116
1170 0.1 529.03515625 0.0 733.30859375 447.00390625 610.312433226496 117
1180 0.1 549.71875 0.0 733.30859375 447.00390625 609.6236427436443 118
1190 0.1 549.640625 0.0 733.30859375 447.00390625 609.1202402836137 119
1200 0.1 549.71875 0.0 733.30859375 447.00390625 608.6245768229169 120
1210 0.1 549.78515625 0.0 733.30859375 447.00390625 608.1377518078515 121
1220 0.1 607.8828125 0.0 733.30859375 447.00390625 607.6594518442625 122
1222 0.1 617.421875 0.0 733.30859375 447.00390625 607.661267784553 123
