0 8.4 100.36226190476188 283.6175209608935 1798.689 4.276 0 0
10 9.4 458.8362340425532 1494.2661066433348 7286.815 4.276 100.36226190476188 84
20 5.3 1412.8560754716987 2753.9768584546337 7950.268 4.276 289.6687415730337 178
30 1.2 3162.4731666666667 4418.3690018872885 10798.407 4.276 547.3697316017317 231
40 2.1 4169.844714285714 4661.400316882115 11054.816 4.276 676.5106419753087 243
50 0.4 1298.6737500000002 765.53925553115 11054.816 4.276 954.3894886363637 264
60 12 42.72906666666666 57.12144522429577 11054.816 3.488 959.5280597014926 268
70 20.3 194.64459113300498 840.1979270758687 11054.816 3.488 675.9819793814434 388
80 9.5 684.8756736842105 2687.2569249025414 15029.93 3.488 510.64950930626065 591
90 3.2 4290.231718749999 7525.452290842309 20892.313 3.488 534.7770393586006 686
100 2.5 10967.382960000003 10576.960129517507 24194.239 3.488 702.1510640668524 718
110 1.6 10773.29725 9500.825713045995 24194.239 3.488 1047.549176312248 743
120 1.6 9377.944125 9405.035395159299 24194.239 3.488 1252.5715335968382 759
130 1.6 14783.589000000005 3474.91395615685 24194.239 3.488 1420.3211612903228 775
140 15.8 79.5694556962026 221.93034494983294 24194.239 3.461 1690.627463969659 791
150 41.6 188.55177644230764 452.6723262305646 24194.239 3.461 1422.4007355110646 949
160 20.3 640.2579605911333 2664.9909664243905 24194.239 3.461 1046.3705765567765 1365
170 6 2340.616533333333 5891.253861627623 27632.372 3.461 993.7934968112246 1568
180 1.6 2340.5359375000003 8289.946686302403 34438.349 3.461 1043.4307094594596 1628
190 3.9 17756.283948717948 19115.63639926822 42716.954 3.461 1056.0546046228712 1644
200 2.7 21907.40674074074 19631.440272639215 43667.217 3.461 1443.0474414735595 1683
210 0.9 16408.45966666667 18345.892207262183 43667.217 3.461 1766.1689040935676 1710
220 0.5 14715.805800000002 17979.981265129485 43667.217 3.461 1842.8301122745786 1719
230 3.1 20090.531322580646 18275.274211895536 43667.217 3.461 1880.1647285382833 1724
240 2.4 18928.437416666668 18959.434133193354 43673.461 3.461 2201.829323646724 1755
250 0.8 27243.556875 15775.36349786643 43673.461 3.461 2427.483395727937 1779
260 0.8 32459.080875000003 1458.9898327182107 43673.461 3.461 2538.579415780638 1787
270 10.3 5846.367854368934 11590.243246202783 43673.461 3.441 2671.9298401114206 1795
280 45.9 965.9320740740742 930.0736493225286 43673.461 3.441 2844.1991317175975 1898
290 58.5 1523.4090529914529 889.3521923398732 43673.461 3.441 2478.4271421298263 2357
300 11.1 631.3239639639642 413.1267054036502 43673.461 0.383 2288.5272161794696 2942
310 3.7 5214.375405405406 8899.223351110395 43673.461 0.356 2228.2751490337373 3053
320 12.7 23386.955275590564 4287.555678973492 43673.461 0.356 2264.0310420711976 3090
330 6.9 10819.33168115942 7639.902911271416 47510.352 0.356 3097.9170780230033 3217
340 1.7 24517.57347058823 15755.463859720905 59338.819 0.356 3260.0526859403535 3286
350 18.3 23965.968322404355 18993.113175598257 60022.729 0.356 3369.4616636391165 3303
360 8.9 15888.223011235956 23495.426011781863 60022.729 0.356 4450.689637980493 3486
370 1.6 26288.249 16469.010638036714 60022.729 0.356 4735.428231048951 3575
380 2 28954.686599999997 15699.187856512697 60022.729 0.356 4831.458621553885 3591
390 2.5 32724.798959999996 13498.79077592569 60022.729 0.356 4965.068302963168 3611
400 2.4 25933.402583333325 11515.136498242182 60022.729 0.356 5155.935537953796 3636
410 2.6 36309.40146153846 21795.33734766744 60022.729 0.356 5292.181223497268 3660
420 10.4 28016.41059615383 28072.921960197786 60022.729 0.356 5510.9679099294635 3686
430 1 11662.2084 17611.238768428233 60022.729 0.356 6128.531508707124 3790
440 0.8 25254.475374999998 27802.028930141103 60022.729 0.356 6143.09381631579 3800
450 0.4 38258.390750000006 24682.462548299798 60022.729 0.356 6183.24377757353 3808
460 0.8 44803.063624999995 8792.337646951308 60022.729 0.356 6216.900804826862 3812
470 1 48002.2877 24000.924676287577 60022.729 0.356 6297.70952277487 3820
480 4.7 54806.66940425531 16721.32838928198 60022.729 0.356 6406.598760835509 3830
490 1 58972.1958 3141.123170671306 60125.649 0.356 6993.341943770957 3877
500 0.4 60003.545249999996 3.0865669744062387 60125.649 0.356 7127.0668057628 3887
510 0.8 38943.356375 11005.746956642799 60125.649 0.356 7181.42453225392 3891
520 38.3 893.6504621409914 764.5638885559908 60125.649 0.356 7246.593923057195 3899
530 125.5 1302.1151880478096 1429.3285793788546 60125.649 0.343 6678.360073096685 4282
540 128.1 730.1198266978932 1265.791656403954 60125.649 0.329 5459.796350731444 5537
550 44.5 215.840238202247 1416.7482043615014 60125.649 0.329 4571.161028454093 6818
560 8.4 2590.6798333333313 6842.65979478443 60125.649 0.329 4304.312928266557 7263
570 9.8 32369.02339795919 7087.3145781039 60125.649 0.329 4284.720553150946 7347
580 5.8 26525.140827586198 14045.963734199573 60125.649 0.329 4654.399757824043 7445
590 11 21725.008436363638 18440.21187873748 60125.649 0.329 4823.465862321738 7503
600 17.1 19002.84529239766 21802.66078865287 60125.649 0.329 5067.675724812821 7613
610 5.2 10673.972403846154 10535.07555961436 60125.649 0.329 5373.805477646455 7784
620 1 17995.350700000003 18401.155783354727 60125.649 0.329 5408.977590990302 7836
630 1 42526.7441 15290.618853699361 60125.649 0.329 5425.0193614580685 7846
640 1.2 39732.4735 15777.819296295578 60125.649 0.329 5472.246607815683 7856
650 2.2 37263.681318181814 21731.670818541344 60125.649 0.329 5524.49911451449 7868
660 6.5 45467.20952307693 22460.13984896549 60125.649 0.329 5612.998735361218 7890
670 7.2 28659.34722222222 24112.452465696195 60125.649 0.329 5938.645963670649 7955
680 1.2 19984.35275 18542.993962011962 60125.649 0.329 6142.444455089076 8027
690 0.5 23830.004599999997 18339.071969841883 60125.649 0.329 6163.106589625577 8039
700 0.8 18708.871 16792.648644828725 60125.649 0.329 6174.088003107909 8044
710 0.5 60007.38999999999 2.814312491532371 60125.649 0.329 6186.541836189768 8052
720 0.9 59817.67322222222 536.3685939220811 60125.649 0.329 6219.941890902323 8057
730 3.3 49097.328030303026 23139.82102953195 60125.649 0.329 6279.74595512026 8066
740 1 30671.6087 23993.17540326524 60125.649 0.329 6454.209494875913 8099
750 81.7 779.4651982864129 1025.521912476605 60125.649 0.329 6484.074335429772 8109
760 343.1 524.2005371611741 1021.4033831813827 60125.649 0.325 5961.929403204125 8926
770 251 22.420662948207173 247.2156146027388 60125.649 0.316 4452.109241401636 12357
780 50.8 273.27589566929134 2028.5209500033104 60125.649 0.316 3704.2436106813757 14867
790 6.7 6515.474805970148 12258.963501234282 60125.649 0.316 3590.8822058536593 15375
800 1.5 1.0151999999999999 1.2476755561175883 60125.649 0.316 3603.5714756508232 15442
810 4 41290.20172499999 17860.370702647953 60125.649 0.316 3600.075432166657 15457
820 21 40100.857299999996 25799.6130622757 60125.649 0.316 3697.359103310319 15497
830 13.1 9881.52888549619 9722.526617257721 60125.649 0.316 4184.067871458586 15707
840 1.7 15802.928647058825 11320.770181505792 60125.649 0.316 4231.192975186261 15838
850 0.1 60005.758 0.0 60125.649 0.316 4243.60038650268 15855
860 0 0 0 60125.649 0.316 4247.1171724268415 15856
870 0.5 40004.8596 20667.548451171086 60125.649 0.316 4247.1171724268415 15856
880 4.1 53478.14380487804 15411.003218960243 60125.649 0.316 4258.389394363532 15861
890 12.6 42927.34746031745 27164.810215687423 67102.17 0.316 4385.2922953087655 15902
900 5.2 32744.667538461545 23457.328914987975 70277.881 0.316 4688.280749937609 16028
910 1.3 17209.68553846154 2785.8298448048877 70277.881 0.316 4779.010358955223 16080
920 0.4 43330.70325 25898.207889198653 88187.171 0.316 4789.051915988317 16093
930 1 45672.4102 18421.62439325905 97086.23 0.316 4798.629266136546 16097
940 0.3 49441.56333333333 7517.899272692532 97086.23 0.316 4824.005674489351 16107
950 3.1 59596.551612903226 1267.9229378256277 97086.23 0.316 4832.314344444443 16110
960 6.3 52884.32119047619 18903.123024436893 97086.23 0.316 4937.493165788983 16141
970 6.7 16195.770373134328 19697.985397427252 97086.23 0.316 5123.907024438408 16204
980 1.3 8413.188153846151 12603.62765759325 97086.23 0.316 5169.498250814329 16271
990 0.3 2884.0826666666667 1955.8374762848327 97086.23 0.316 5172.087784635222 16284
1000 1.2 33695.37691666667 11977.026874918023 97086.23 0.316 5171.666343279913 16287
1010 32.6 349.9260582822088 464.24505113744294 97086.23 0.316 5192.666682373148 16299
1020 533.5 346.4809868791 776.8289580987436 97086.23 0.316 5097.705272240599 16625
1030 709.2 99.8836682177101 547.9387590356993 97086.23 0.316 3943.434709289615 21960
1040 243.8 236.14888515176324 1793.2152656960495 97086.23 0.314 3005.1700809238587 29052
1050 39.8 0.8429924623115576 1.4858297150596493 97086.23 0.314 2790.7885732931068 31490
1060 4.5 2592.6948 9756.47953992134 97086.23 0.314 2755.9667487456077 31888
1070 1.9 38645.767736842114 13948.77509901552 97086.23 0.314 2755.736665831583 31933
1080 8.7 41549.3601264368 25786.18866341214 97086.23 0.314 2777.0783843577847 31952
1090 25.3 24912.547249011837 24883.135891080856 97086.23 0.314 2882.362210680731 32039
1100 6.4 15939.219421874997 20562.37090176574 97086.23 0.314 3054.9633755109603 32292
1110 1.4 13659.410928571431 1685.0878445852377 97086.23 0.314 3080.448367072566 32356
1120 0.2 22560.351 553.0159999999996 97086.23 0.314 3085.023760210069 32370
1130 0.6 41176.11133333333 8511.595193741683 97086.23 0.314 3086.226980724081 32372
1140 0.9 51696.52599999999 7444.587722772524 97086.23 0.314 3093.2854558033214 32378
1150 6.8 49731.857985294104 19735.876655416323 97086.23 0.314 3106.791775156697 32387
1160 7.5 30531.026959999992 25905.02491698453 97086.23 0.314 3204.4810218764424 32455
1170 4.8 12064.7993125 19051.25208676931 97086.23 0.314 3267.484125023054 32530
1180 0.6 5605.680666666667 2835.356669255426 97086.23 0.314 3280.4459743999 32578
1190 0 0 0 97086.23 0.314 3280.8741418487584 32584
1200 0 0 0 97086.23 0.314 3280.8741418487584 32584
1210 3.8 44793.69313157895 17952.501198061764 97086.23 0.314 3280.8741418487584 32584
1220 0.5 1316.2158000000002 712.4938966414799 97086.23 0.314 3329.230684108882 32622
1222 0 0 0 97086.23 0.314 3328.922194991876 32627
