0 8.4 100.36226190476188 283.6175209608935 1798.689 4.276 0 0
10 9.5 454.0045473684211 1487.079656449143 7286.815 4.276 100.36226190476188 84
20 5.4 1386.6898518518522 2734.9602041821604 7950.268 4.276 288.04950837988827 179
30 1.2 3162.4731666666667 4418.3690018872885 10798.407 4.276 542.6700171673821 233
40 2.2 3980.299863636363 4636.308697547694 11054.816 4.276 670.986906122449 245
50 0.4 1298.6737500000002 765.53925553115 11054.816 4.276 943.6643782771537 267
60 12.1 42.374834710743784 56.977835660322015 11054.816 3.488 948.9043690036901 271
70 20.3 194.64459113300498 840.1979270758687 11054.816 3.488 669.0827525510205 392
80 9.6 677.7399479166666 2674.093053115744 15029.93 3.488 507.21561512605047 595
90 3.4 4037.855941176471 7370.1620269113 20892.313 3.488 530.9064052098408 691
100 2.6 10545.555076923076 10583.807414374662 24194.239 3.488 695.3702455172414 725
110 1.6 10773.29725 9500.825713045995 24194.239 3.488 1036.3886284953396 751
120 1.6 9377.944125 9405.035395159299 24194.239 3.488 1239.5053663624512 767
130 1.6 14783.589000000005 3474.91395615685 24194.239 3.488 1405.808074074074 783
140 15.8 79.5694556962026 221.93034494983294 24194.239 3.461 1673.6985556946186 799
150 41.6 188.55177644230764 452.6723262305646 24194.239 3.461 1410.5090073145248 957
160 20.5 634.0105804878053 2652.594914142205 24194.239 3.461 1040.2728761835397 1373
170 6.3 2229.1521428571427 5770.517374533939 27632.372 3.461 987.4948212927757 1578
180 2.1 1783.2333333333333 7303.910190996792 34438.349 3.461 1035.163566727605 1641
190 4 17312.373125000006 19077.65663889653 42716.954 3.461 1044.6157117930204 1662
200 2.7 21907.40674074074 19631.440272639215 43667.217 3.461 1426.9366850763806 1702
210 0.9 16408.45966666667 18345.892207262183 43667.217 3.461 1746.7589473684209 1729
220 0.5 14715.805800000002 17979.981265129485 43667.217 3.461 1822.6825989643266 1738
230 3.1 20090.531322580646 18275.274211895536 43667.217 3.461 1859.6680355708547 1743
240 2.4 18928.437416666668 18959.434133193354 43673.461 3.461 2178.2456916572714 1774
250 0.8 27243.556875 15775.36349786643 43673.461 3.461 2401.8300083426025 1798
260 0.8 32459.080875000003 1458.9898327182107 43673.461 3.461 2511.870880398671 1806
270 10.3 5846.367854368934 11590.243246202783 43673.461 3.441 2643.9423687982357 1814
280 45.9 965.9320740740742 930.0736493225286 43673.461 3.441 2816.008005216484 1917
290 58.5 1523.4090529914529 889.3521923398732 43673.461 3.441 2458.606973063973 2376
300 11.1 631.3239639639642 413.1267054036502 43673.461 0.383 2273.841426545086 2961
310 3.8 5077.152605263158 8820.928517943305 43673.461 0.356 2214.4926510416667 3072
320 12.7 23386.955275590564 4287.555678973492 43673.461 0.356 2249.470489710611 3110
330 6.9 10819.33168115942 7639.902911271416 47510.352 0.356 3078.775577077542 3237
340 1.7 24517.57347058823 15755.463859720905 59338.819 0.356 3240.329833333334 3306
350 18.6 23614.940064516122 19020.66468786196 60022.729 0.356 3349.1812151670188 3323
360 9.8 14471.323571428578 22822.162334896733 60022.729 0.356 4423.399267597607 3509
370 1.6 26288.249 16469.010638036714 60022.729 0.356 4696.395270307736 3607
380 2.2 28322.835409090912 15121.942477731049 60022.729 0.356 4791.749854816451 3623
390 2.5 32294.94552 13499.20015712423 60022.729 0.356 4933.775611248287 3645
400 2.5 25061.064319999994 10757.469811189212 60022.729 0.356 5120.159602452317 3670
410 2.6 35362.45934615386 21566.43918957397 60022.729 0.356 5255.077766982409 3695
420 10.9 26758.315770642188 27798.63916756405 60022.729 0.356 5465.449151303414 3721
430 1.6 9973.266125 13718.368075232074 60022.729 0.356 6071.434128198434 3830
440 0.9 23632.204777777777 26475.21745045414 60022.729 0.356 6087.666398595945 3846
450 0.6 32554.5915 21391.64686097447 60022.729 0.356 6128.626410376136 3855
460 0.9 36609.41977777778 12533.603391720477 60022.729 0.356 6169.692401191402 3861
470 1 48002.2877 24000.924676287577 60022.729 0.356 6240.4824648578815 3870
480 4.7 53419.708425531906 17260.99741060609 60022.729 0.356 6348.115983505155 3880
490 1 56148.5315 11611.960270663276 60125.649 0.356 6911.488747644513 3927
500 0.4 60003.545249999996 3.0865669744062387 60125.649 0.356 7036.551086360174 3937
510 0.8 38943.356375 11005.746956642799 60125.649 0.356 7090.311039837607 3941
520 38.3 893.6504621409914 764.5638885559908 60125.649 0.356 7154.83987313244 3949
530 125.5 1302.1151880478096 1429.3285793788546 60125.649 0.343 6601.276728070176 4332
540 128.5 727.846813229572 1264.4744500374236 60125.649 0.323 5410.9334789690365 5587
550 45.8 209.71065720524007 1396.9571672066472 60125.649 0.323 4535.239886786962 6872
560 9.1 2391.3895494505496 6610.363121980216 60125.649 0.323 4264.968074079127 7330
570 9.9 32354.672434343443 7052.860201710778 60125.649 0.323 4241.993320576742 7421
580 6.2 26017.8013548387 13492.516047546404 60125.649 0.323 4612.093750398937 7520
590 11 20765.05623636364 18285.236905236852 60125.649 0.323 4787.133828409392 7582
600 17.6 18610.92286931817 21601.77243998792 60125.649 0.323 5015.6272585803445 7692
610 5.6 9942.030964285712 10196.837939675801 60125.649 0.323 5319.741649466193 7868
620 1 17995.350700000003 18401.155783354727 60125.649 0.323 5352.408005047956 7924
630 1 42526.7441 15290.618853699361 60125.649 0.323 5368.3431483488785 7934
640 1.4 38293.178785714284 14695.395003597781 60125.649 0.323 5415.1185775428 7944
650 2.3 37250.59543478261 21238.336047479297 60125.649 0.323 5472.958844307615 7958
660 6.5 45333.01400000001 22445.48384692828 60125.649 0.323 5564.537047738379 7981
670 7.2 27057.964833333335 23328.77917720289 60125.649 0.323 5885.808611483968 8046
680 1.2 19984.35275 18542.993962011962 60125.649 0.323 6073.588267553586 8118
690 0.6 22172.03833333333 17146.78477060806 60125.649 0.323 6094.120761254614 8130
700 1.3 10445.160538461538 15481.758176135847 60125.649 0.323 6105.977632620454 8136
710 0.5 60007.38999999999 2.814312491532371 60125.649 0.323 6112.8998780218435 8149
720 0.9 59817.67322222222 536.3685939220811 60125.649 0.323 6145.9477625705185 8154
730 3.3 49097.328030303026 23139.82102953195 60125.649 0.323 6205.122763077301 8163
740 1 30671.6087 23993.17540326524 60125.649 0.323 6377.821979014155 8196
750 81.7 779.4651982864129 1025.521912476605 60125.649 0.323 6407.426886058983 8206
760 343.4 524.2073002329627 1021.1978292132106 60125.649 0.323 5897.835320181759 9023
770 253.8 22.172229708431832 245.85938567714248 60125.649 0.316 4416.49642474111 12457
780 54.9 252.85926229508183 1952.62805108596 60125.649 0.316 3672.7288484161395 14995
790 7.5 5820.478026666665 11759.990777507513 60125.649 0.316 3551.9421524060735 15544
800 1.6 0.940875 1.2241513323012805 60125.649 0.316 3562.835307574109 15619
810 4 41290.20172499999 17860.370702647953 60125.649 0.316 3559.190260505277 15635
820 21.1 40060.94461611376 25737.359903332235 60125.649 0.316 3655.4735433492824 15675
830 13.3 9589.176383458656 9279.934768005152 60125.649 0.316 4139.015932645097 15886
840 1.7 15802.928647058825 11320.770181505792 60125.649 0.316 4184.266656158312 16019
850 0.1 60005.758 0.0 60125.649 0.316 4196.5837710152155 16036
860 0 0 0 60125.649 0.316 4200.063796844796 16037
870 0.5 40004.8596 20667.548451171086 60125.649 0.316 4200.063796844796 16037
880 4.2 53507.05785714285 15227.55917924515 60125.649 0.316 4211.223501309063 16042
890 12.7 42950.35230708662 27015.10754901065 60125.649 0.316 4339.949256279532 16084
900 5.5 31615.199109090914 22872.461100877434 60125.649 0.316 4642.430360927765 16211
910 1.3 17209.68553846154 2785.8298448048877 60125.649 0.316 4733.633009467601 16266
920 0.4 28329.434 153.3250199885844 60125.649 0.316 4743.596071257449 16279
930 1 39671.7855 6811.287864428403 60125.649 0.316 4749.390049745133 16283
940 0.3 49441.56333333333 7517.899272692532 60125.649 0.316 4770.824037009759 16293
950 3.1 59596.551612903226 1267.9229378256277 60125.649 0.316 4779.047663537065 16296
960 6.5 52557.58052307694 18298.396156160627 60125.649 0.316 4883.1294068108045 16327
970 7.7 12594.59714285714 17238.826620872926 60125.649 0.316 5072.175241520254 16392
980 1.4 7812.236428571427 12336.92654122361 60125.649 0.316 5107.345955370697 16469
990 0.3 2884.0826666666667 1955.8374762848327 60125.649 0.316 5109.643380998605 16483
1000 1.2 33695.37691666667 11977.026874918023 60125.649 0.316 5109.238389967245 16486
1010 32.6 349.9260582822088 464.24505113744294 60125.649 0.316 5130.030829191417 16498
1020 533.6 346.41604160419723 776.7706480603853 60125.649 0.316 5037.406354909653 16824
1030 713.4 99.29501345668582 546.3769792107062 60125.649 0.315 3907.842983438628 22160
1040 249.8 230.47422497998377 1771.9178142941134 60125.649 0.314 2980.3431125486445 29294
1050 44.4 0.7437364864864864 1.4016736506416072 60125.649 0.314 2764.277043061147 31792
1060 5.3 2201.326264150944 9037.82803385653 60125.649 0.314 2726.213735326963 32236
1070 1.9 38645.767736842114 13948.77509901552 60125.649 0.314 2725.3521714515773 32289
1080 8.7 41549.3601264368 25786.18866341214 60125.649 0.314 2746.4765956109936 32308
1090 25.9 24895.678660231642 24788.217362608983 60125.649 0.314 2850.685605247723 32395
1100 6.6 13371.293969696972 18746.694158237435 60125.649 0.314 3025.5387075090334 32654
1110 1.4 13386.586214285717 882.7943723754355 60125.649 0.314 3046.407284749388 32720
1120 0.2 22560.351 553.0159999999996 60125.649 0.314 3050.8296744669146 32734
1130 0.6 40562.21633333333 8695.4680990114 60125.649 0.314 3052.0216051441835 32736
1140 0.9 51696.52599999999 7444.587722772524 60125.649 0.314 3058.895380978559 32742
1150 6.8 49731.857985294104 19735.876655416323 60125.649 0.314 3072.2610392965094 32751
1160 7.7 29909.942454545446 25847.735455725648 60125.649 0.314 3168.9383479386934 32819
1170 5.4 10479.090481481478 18421.485905227582 60125.649 0.314 3231.531286782587 32896
1180 0.7 4804.850142857143 3277.004524711137 60125.649 0.314 3243.4089255235194 32950
1190 0 0 0 60125.649 0.314 3243.740572473222 32957
1200 0 0 0 60125.649 0.314 3243.740572473222 32957
1210 3.8 44793.69313157895 17952.501198061764 60125.649 0.314 3243.740572473222 32957
1220 0.5 1316.2158000000002 712.4938966414799 60125.649 0.314 3291.5932227913313 32995
1222 0 0 0 60125.649 0.314 3291.2939231818173 33000
