0 220.61484375 220.61484375
10 363.21171875 583.8265625
20 451.3890625 1035.215625
30 161.04296875 1196.25859375
40 509.24765625 1705.50625
50 119.8359375 1825.3421875
60 165.27890625 1990.62109375
70 478.9953125 2469.61640625
80 322.52890625 2792.1453125
90 311.765625 3103.9109375
100 499.37578125 3603.28671875
110 347.40703125 3950.69375
120 312.171875 4262.865625
130 628.92421875 4891.78984375
140 297.73671875 5189.5265625
150 687.096875 5876.6234375
160 592.59765625 6469.22109375
170 285.18203125 6754.403125
180 62.05234375 6816.45546875
190 703.1671875 7519.62265625
200 575.29375 8094.91640625
210 152.5921875 8247.50859375
220 76.73203125 8324.240625
230 660.125 8984.365625
240 478.39453125 9462.76015625
250 233.6375 9696.39765625
260 314.08203125 10010.4796875
270 978.7015625 10989.18125
280 659.48515625 11648.66640625
290 909.76015625 12558.4265625
300 167.03046875 12725.45703125
310 61.79609375 12787.253125
320 597.76640625 13385.01953125
330 227.928125 13612.94765625
340 157.640625 13770.58828125
350 394.99765625 14165.5859375
360 176.021875 14341.6078125
370 125.86796875 14467.47578125
380 102.2921875 14569.76796875
390 53.990625 14623.75859375
400 48.96640625 14672.725
410 27.24765625 14699.97265625
420 50.86328125 14750.8359375
430 9.9734375 14760.809375
440 3.65234375 14764.46171875
450 2.8015625 14767.26328125
460 11.35546875 14778.61875
470 2.5390625 14781.1578125
480 16.60234375 14797.76015625
490 4.0984375 14801.85859375
500 1.028125 14802.88671875
510 305.996875 15108.88359375
520 591.11640625 15700
530 1037.25 16737.25
540 759.45 17496.7
550 125.42265625 17622.12265625
560 70.84296875 17692.965625
570 389.1046875 18082.0703125
580 331.36875 18413.4390625
590 279.68125 18693.1203125
600 211.44140625 18904.56171875
610 93.92265625 18998.484375
620 35.50078125 19033.98515625
630 67.3421875 19101.32734375
640 69.0359375 19170.36328125
650 24.63515625 19194.9984375
660 56.7375 19251.7359375
670 65.48671875 19317.22265625
680 20.96328125 19338.1859375
690 9.9265625 19348.1125
700 13.853125 19361.965625
710 1.28515625 19363.25078125
720 39.4921875 19402.74296875
730 8.26484375 19411.0078125
740 181.471875 19592.4796875
750 864.81640625 20457.29609375
760 1935.42890625 22392.725
770 652.31171875 23045.03671875
780 147.9546875 23192.99140625
790 72.03203125 23265.0234375
800 3.925 23268.9484375
810 168.27578125 23437.22421875
820 142.34296875 23579.5671875
830 141.02265625 23720.58984375
840 33.934375 23754.52421875
850 0.25703125 23754.78125
860 0 23754.78125
870 39.4125 23794.19375
880 28.11953125 23822.31328125
890 41.025 23863.33828125
900 52.434375 23915.77265625
910 17.93203125 23933.7046875
920 7.9609375 23941.665625
930 6.83359375 23948.49921875
940 4.984375 23953.48359375
950 9.15078125 23962.634375
960 58.953125 24021.5875
970 91.83828125 24113.42578125
980 34.15078125 24147.5765625
990 9.62890625 24157.20546875
1000 309.19375 24466.39921875
1010 576.41796875 25042.8171875
1020 2664.21015625 27707.02734375
1030 2247.96875 29954.99609375
1040 655.10078125 30610.096875
1050 108.86015625 30718.95703125
1060 52.07890625 30771.0359375
1070 143.19453125 30914.23046875
1080 67.99921875 30982.2296875
1090 165.58671875 31147.81640625
1100 85.075 31232.89140625
1110 20.95234375 31253.84375
1120 5.8 31259.64375
1130 3.64453125 31263.28828125
1140 8.12578125 31271.4140625
1150 94.71640625 31366.13046875
1160 63.1296875 31429.26015625
1170 71.53046875 31500.790625
1180 16.15234375 31516.94296875
1190 0 31516.94296875
1200 0 31516.94296875
1210 395.52734375 31912.4703125
1220 68.27265625 31980.74296875
1222 0 31980.74296875
