0 33.1109375 33.1109375
10 43.52890625 76.63984375
20 25.4359375 102.07578125
30 5.2890625 107.36484375
40 6.7640625 114.12890625
50 1.65234375 115.78125
60 41.934375 157.715625
70 95.5109375 253.2265625
80 47.0953125 300.321875
90 14.303125 314.625
100 10.25078125 324.87578125
110 7.22578125 332.1015625
120 8.2109375 340.3125
130 0.8859375 341.1984375
140 55.18671875 396.38515625
150 184.0140625 580.39921875
160 99.21484375 679.6140625
170 26.9703125 706.584375
180 9.34140625 715.92578125
190 14.66796875 730.59375
200 14.30234375 744.89609375
210 5.7453125 750.64140625
220 2.93125 753.57265625
230 12.2828125 765.85546875
240 12.1359375 777.99140625
250 2.8140625 780.80546875
260 0 780.80546875
270 22.08203125 802.8875
280 194.9265625 997.8140625
290 273.7703125 1271.584375
300 89.15703125 1360.74140625
310 15.6671875 1376.40859375
320 43 1419.40859375
330 32.02421875 1451.4328125
340 9.784375 1461.2171875
350 44.1375 1505.3546875
360 55.45625 1560.8109375
370 4.19375 1565.0046875
380 10.21484375 1575.21953125
390 3.18984375 1578.409375
400 6.484375 1584.89375
410 6.05078125 1590.94453125
420 31.62890625 1622.5734375
430 6.10078125 1628.67421875
440 3.0265625 1631.70078125
450 1.60078125 1633.3015625
460 0.3515625 1633.653125
470 0.3859375 1634.0390625
480 2.8703125 1636.909375
490 0 1636.909375
500 0 1636.909375
510 0 1636.909375
520 152.62265625 1789.53203125
530 467.13984375 2256.671875
540 480.55390625 2737.22578125
550 162.6015625 2899.82734375
560 30.4328125 2930.26015625
570 24.83828125 2955.0984375
580 25.63828125 2980.73671875
590 41.990625 3022.72734375
600 57.35859375 3080.0859375
610 21.715625 3101.8015625
620 4.715625 3106.5171875
630 3.859375 3110.3765625
640 4.75703125 3115.13359375
650 4.565625 3119.69921875
660 9.00859375 3128.7078125
670 20.22890625 3148.93671875
680 4.07734375 3153.0140625
690 1.3796875 3154.39375
700 2.21484375 3156.60859375
710 0 3156.60859375
720 0 3156.60859375
730 3.4 3160.00859375
740 0.38125 3160.38984375
750 247.33359375 3407.7234375
760 997.35703125 4405.08046875
770 711.35703125 5116.4375
780 134.79453125 5251.23203125
790 20.33515625 5271.5671875
800 4.478125 5276.0453125
810 9.190625 5285.2359375
820 48.38203125 5333.61796875
830 52.5 5386.11796875
840 6.71015625 5392.828125
850 1.2984375 5394.1265625
860 0 5394.1265625
870 1.26171875 5395.38828125
880 6.6890625 5402.07734375
890 27.70859375 5429.7859375
900 24.103125 5453.8890625
910 5.34921875 5459.23828125
920 0.71484375 5459.953125
930 1.86796875 5461.82109375
940 1.58671875 5463.4078125
950 1.8109375 5465.21875
960 13.13125 5478.35
970 20.74375 5499.09375
980 3.6015625 5502.6953125
990 0.43828125 5503.13359375
1000 0.9734375 5504.10703125
1010 90.82109375 5594.928125
1020 1322.14375 6917.071875
1030 1687.075 8604.146875
1040 516.03515625 9120.18203125
1050 94.84609375 9215.028125
1060 11.1453125 9226.1734375
1070 6.17421875 9232.34765625
1080 16.6390625 9248.98671875
1090 63.66171875 9312.6484375
1100 26.0953125 9338.74375
1110 3.45703125 9342.20078125
1120 1.3578125 9343.55859375
1130 1.7421875 9345.30078125
1140 0.87109375 9346.171875
1150 6.1484375 9352.3203125
1160 23.13125 9375.4515625
1170 16.57421875 9392.02578125
1180 0.94609375 9392.971875
1190 0 9392.971875
1200 0 9392.971875
1210 1.609375 9394.58125
1220 1.53671875 9396.11796875
1222 0 9396.11796875
