0 0.1 7.374 0 7.374 7.374 0 0
10 0.2 8.341000000000001 0.11799999999999988 8.459 7.374 7.374 1
20 0 0 0 8.459 7.374 8.018666666666666 3
30 0 0 0 8.459 7.374 8.018666666666666 3
40 0 0 0 8.459 7.374 8.018666666666666 3
50 0 0 0 8.459 7.374 8.018666666666666 3
60 0.2 39.0375 31.957500000000003 70.995 7.08 8.018666666666666 3
70 0.8 12.69625 3.1085755077687915 70.995 7.08 20.4262 5
80 0.4 11.87825 1.0702066097254308 70.995 7.08 15.669307692307692 13
90 0 0 0 70.995 7.08 14.77729411764706 17
100 0 0 0 70.995 7.08 14.77729411764706 17
110 0 0 0 70.995 7.08 14.77729411764706 17
120 0 0 0 70.995 7.08 14.77729411764706 17
130 0 0 0 70.995 7.08 14.77729411764706 17
140 0.1 7.208 0.0 70.995 7.08 14.77729411764706 17
150 1.4 97.42299999999999 138.473978732468 556.179 7.08 14.35677777777778 18
160 0.4 49.934999999999995 59.98204391732579 556.179 7.08 50.698249999999994 32
170 0.1 17.398 0.0 556.179 7.08 50.61344444444444 36
180 0 0 0 556.179 7.08 49.71572972972972 37
190 0 0 0 556.179 7.08 49.71572972972972 37
200 0 0 0 556.179 7.08 49.71572972972972 37
210 0 0 0 556.179 7.08 49.71572972972972 37
220 0 0 0 556.179 7.08 49.71572972972972 37
230 0 0 0 556.179 7.08 49.71572972972972 37
240 0 0 0 556.179 7.08 49.71572972972972 37
250 0 0 0 556.179 7.08 49.71572972972972 37
260 0 0 0 556.179 7.08 49.71572972972972 37
270 0 0 0 556.179 7.08 49.71572972972972 37
280 0.2 1022.1635 73.38350000000003 1095.547 7.08 49.71572972972972 37
290 1.5 1121.3312000000003 215.39553860969366 1457.305 7.08 99.58484615384614 39
300 0.4 607.8897499999999 360.1951859946042 1457.305 0.721 383.4032777777779 54
310 0 0 0 1457.305 0.721 398.88510344827597 58
320 0.6 21934.0295 1447.802839413427 24037.975 0.721 398.88510344827597 58
330 0.3 8720.543333333333 766.7103823923491 24037.975 0.721 2417.804890625 64
340 0.1 18853.895 0.0 24037.975 0.721 2700.0170597014926 67
350 0.5 18541.2344 7702.273775995933 24037.975 0.721 2937.5740882352943 68
360 0.4 2680.94825 1945.0970297824958 24037.975 0.721 4006.3179452054796 73
370 0 0 0 24037.975 0.721 3937.467571428572 77
380 0 0 0 24037.975 0.721 3937.467571428572 77
390 0 0 0 24037.975 0.721 3937.467571428572 77
400 0 0 0 24037.975 0.721 3937.467571428572 77
410 0 0 0 24037.975 0.721 3937.467571428572 77
420 0 0 0 24037.975 0.721 3937.467571428572 77
430 0 0 0 24037.975 0.721 3937.467571428572 77
440 0 0 0 24037.975 0.721 3937.467571428572 77
450 0 0 0 24037.975 0.721 3937.467571428572 77
460 0 0 0 24037.975 0.721 3937.467571428572 77
470 0 0 0 24037.975 0.721 3937.467571428572 77
480 0 0 0 24037.975 0.721 3937.467571428572 77
490 0 0 0 24037.975 0.721 3937.467571428572 77
500 0 0 0 24037.975 0.721 3937.467571428572 77
510 0 0 0 24037.975 0.721 3937.467571428572 77
520 0.1 632.714 0.0 24037.975 0.721 3937.467571428572 77
530 1.5 756.684133333333 1074.0091013821602 24037.975 0.524 3895.098935897436 78
540 4.3 424.5092093023254 901.3892566529854 24037.975 0.518 3388.903 93
550 1.4 663.0461428571429 2388.1329661127047 24037.975 0.518 2451.6314338235293 136
560 0.3 6183.888666666667 8744.328765032582 24037.975 0.518 2284.696806666667 150
570 1 33081.1085 1300.2917971151912 34535.854 0.518 2361.151549019608 153
580 0 0 0 34535.854 0.518 4245.811484662578 163
590 0.8 12596.098124999999 1481.033591251599 34535.854 0.518 4245.811484662578 163
600 0.6 9234.310166666666 1424.4425442506056 34535.854 0.518 4636.468169590644 171
610 0.2 7199.0205000000005 1225.6404999999997 34535.854 0.518 4792.327220338984 177
620 0 0 0 34535.854 0.518 4819.217648044693 179
630 0 0 0 34535.854 0.518 4819.217648044693 179
640 0 0 0 34535.854 0.518 4819.217648044693 179
650 0 0 0 34535.854 0.518 4819.217648044693 179
660 0 0 0 34535.854 0.518 4819.217648044693 179
670 0 0 0 34535.854 0.518 4819.217648044693 179
680 0 0 0 34535.854 0.518 4819.217648044693 179
690 0 0 0 34535.854 0.518 4819.217648044693 179
700 0 0 0 34535.854 0.518 4819.217648044693 179
710 0 0 0 34535.854 0.518 4819.217648044693 179
720 0 0 0 34535.854 0.518 4819.217648044693 179
730 0 0 0 34535.854 0.518 4819.217648044693 179
740 0 0 0 34535.854 0.518 4819.217648044693 179
750 0 0 0 34535.854 0.518 4819.217648044693 179
760 6 305.6171333333334 611.9875054200988 34535.854 0.45 4819.217648044693 179
770 8.7 24.675712643678164 222.526868619154 34535.854 0.433 3686.0961799163188 239
780 0.6 0.7595000000000001 0.2117150207236133 34535.854 0.433 2708.968631901841 326
790 0 0 0 34535.854 0.433 2660.0250933734947 332
800 0 0 0 34535.854 0.433 2660.0250933734947 332
810 0 0 0 34535.854 0.433 2660.0250933734947 332
820 0.6 48003.78399999999 21471.548144790348 58347.73 0.433 2660.0250933734947 332
830 0.5 7613.3326 664.6186277764417 58347.73 0.433 3464.9438905325446 338
840 0 0 0 58347.73 0.433 3525.416029154519 343
850 0 0 0 58347.73 0.433 3525.416029154519 343
860 0 0 0 58347.73 0.433 3525.416029154519 343
870 0 0 0 58347.73 0.433 3525.416029154519 343
880 0.1 47120.926 0.0 58347.73 0.433 3525.416029154519 343
890 0.2 60003.4145 1.1854999999995925 60004.6 0.433 3652.147162790698 344
900 0.2 57237.629499999995 2767.762499999999 60005.392 0.433 3977.8770317919075 346
910 0 0 0 60005.392 0.433 4283.967563218391 348
920 0 0 0 60005.392 0.433 4283.967563218391 348
930 0 0 0 60005.392 0.433 4283.967563218391 348
940 0.1 43102.056 0.0 60005.392 0.433 4283.967563218391 348
950 0 0 0 60005.392 0.433 4395.19417765043 349
960 0.1 59999.998 0.0 60005.392 0.433 4395.19417765043 349
970 0.1 19570.844 0.0 60005.392 0.433 4554.065045714286 350
980 0 0 0 60005.392 0.433 4596.847891737892 351
990 0 0 0 60005.392 0.433 4596.847891737892 351
1000 0 0 0 60005.392 0.433 4596.847891737892 351
1010 0 0 0 60005.392 0.433 4596.847891737892 351
1020 5.4 177.97301851851844 458.61735986475105 60005.392 0.433 4596.847891737892 351
1030 20.3 50.91402463054187 528.579203578032 60005.392 0.433 4007.664575308642 405
1040 6.7 390.46535820895525 2243.84018290876 60005.392 0.433 2686.5784539473684 608
1050 1 0.6892000000000001 0.19769663628903753 60005.392 0.433 2458.667968888889 675
1060 0 0 0 60005.392 0.433 2422.7850671532847 685
1070 0 0 0 60005.392 0.433 2422.7850671532847 685
1080 0.4 41280.21075 23832.752807236928 60005.392 0.433 2422.7850671532847 685
1090 0.7 24142.496714285717 22985.809983215837 60005.392 0.433 2648.372444121916 689
1100 0.3 7112.179666666667 2242.5496261607136 60005.392 0.433 2864.548981321839 696
1110 0 0 0 60005.392 0.433 2882.779155937053 699
1120 0 0 0 60005.392 0.433 2882.779155937053 699
1130 0 0 0 60005.392 0.433 2882.779155937053 699
1140 0 0 0 60005.392 0.433 2882.779155937053 699
1150 0 0 0 60005.392 0.433 2882.779155937053 699
1160 0.2 56096.686499999996 378.93550000000505 60005.392 0.433 2882.779155937053 699
1170 0.1 4962.01 0.0 60005.392 0.433 3034.6020014265337 701
1180 0 0 0 60005.392 0.433 3037.3475968660964 702
1190 0 0 0 60005.392 0.433 3037.3475968660964 702
1200 0 0 0 60005.392 0.433 3037.3475968660964 702
1210 0 0 0 60005.392 0.433 3037.3475968660964 702
1220 0 0 0 60005.392 0.433 3037.3475968660964 702
1222 0 0 0 60005.392 0.433 3037.3475968660964 702
