0 0.3 33.27 22.344313698716878 63.212 9.552 0 0
10 0.1 30.779 0.0 63.212 9.552 33.27 3
20 0 0 0 63.212 9.552 32.64725 4
30 0 0 0 63.212 9.552 32.64725 4
40 0 0 0 63.212 9.552 32.64725 4
50 0 0 0 63.212 9.552 32.64725 4
60 0.2 9.5425 0.11050000000000004 63.212 9.432 32.64725 4
70 0.2 105.29549999999999 78.75549999999998 184.051 9.432 24.945666666666668 6
80 0 0 0 184.051 9.432 45.033125 8
90 0 0 0 184.051 9.432 45.033125 8
100 0 0 0 184.051 9.432 45.033125 8
110 0 0 0 184.051 9.432 45.033125 8
120 0 0 0 184.051 9.432 45.033125 8
130 0 0 0 184.051 9.432 45.033125 8
140 0.6 15.726833333333332 9.503057813438554 184.051 7.911 45.033125 8
150 0.5 328.2024 371.830509089612 861.13 7.911 32.473285714285716 14
160 0 0 0 861.13 7.911 110.29673684210529 19
170 0 0 0 861.13 7.911 110.29673684210529 19
180 0 0 0 861.13 7.911 110.29673684210529 19
190 0 0 0 861.13 7.911 110.29673684210529 19
200 0 0 0 861.13 7.911 110.29673684210529 19
210 0 0 0 861.13 7.911 110.29673684210529 19
220 0 0 0 861.13 7.911 110.29673684210529 19
230 0 0 0 861.13 7.911 110.29673684210529 19
240 0 0 0 861.13 7.911 110.29673684210529 19
250 0 0 0 861.13 7.911 110.29673684210529 19
260 0 0 0 861.13 7.911 110.29673684210529 19
270 0.8 11.16 3.70799730312739 861.13 7.911 110.29673684210529 19
280 1.2 391.347 655.6833066378157 2078.843 7.911 80.9228888888889 27
290 1.1 1789.4594545454545 414.71283672185064 2796.501 7.911 176.43800000000002 39
300 0 0 0 2796.501 7.911 531.30272 50
310 0 0 0 2796.501 7.911 531.30272 50
320 0 0 0 2796.501 7.911 531.30272 50
330 0 0 0 2796.501 7.911 531.30272 50
340 0 0 0 2796.501 7.911 531.30272 50
350 0 0 0 2796.501 7.911 531.30272 50
360 0 0 0 2796.501 7.911 531.30272 50
370 0 0 0 2796.501 7.911 531.30272 50
380 0 0 0 2796.501 7.911 531.30272 50
390 0 0 0 2796.501 7.911 531.30272 50
400 0 0 0 2796.501 7.911 531.30272 50
410 0 0 0 2796.501 7.911 531.30272 50
420 0 0 0 2796.501 7.911 531.30272 50
430 0 0 0 2796.501 7.911 531.30272 50
440 0 0 0 2796.501 7.911 531.30272 50
450 0 0 0 2796.501 7.911 531.30272 50
460 0 0 0 2796.501 7.911 531.30272 50
470 0 0 0 2796.501 7.911 531.30272 50
480 0 0 0 2796.501 7.911 531.30272 50
490 0 0 0 2796.501 7.911 531.30272 50
500 0 0 0 2796.501 7.911 531.30272 50
510 0 0 0 2796.501 7.911 531.30272 50
520 2.1 990.230333333333 817.3332955271491 2796.501 7.911 531.30272 50
530 2.6 1746.8777692307692 1421.5718187528657 3580.697 1.114 667.0418732394365 71
540 0 0 0 3580.697 1.114 956.4824226804122 97
550 0 0 0 3580.697 1.114 956.4824226804122 97
560 0 0 0 3580.697 1.114 956.4824226804122 97
570 0 0 0 3580.697 1.114 956.4824226804122 97
580 0 0 0 3580.697 1.114 956.4824226804122 97
590 0 0 0 3580.697 1.114 956.4824226804122 97
600 0 0 0 3580.697 1.114 956.4824226804122 97
610 0 0 0 3580.697 1.114 956.4824226804122 97
620 0 0 0 3580.697 1.114 956.4824226804122 97
630 0 0 0 3580.697 1.114 956.4824226804122 97
640 0 0 0 3580.697 1.114 956.4824226804122 97
650 0 0 0 3580.697 1.114 956.4824226804122 97
660 0 0 0 3580.697 1.114 956.4824226804122 97
670 0 0 0 3580.697 1.114 956.4824226804122 97
680 0 0 0 3580.697 1.114 956.4824226804122 97
690 0 0 0 3580.697 1.114 956.4824226804122 97
700 0 0 0 3580.697 1.114 956.4824226804122 97
710 0 0 0 3580.697 1.114 956.4824226804122 97
720 0 0 0 3580.697 1.114 956.4824226804122 97
730 0 0 0 3580.697 1.114 956.4824226804122 97
740 0 0 0 3580.697 1.114 956.4824226804122 97
750 4.8 1215.009770833333 1242.9748828254274 3827.465 1.001 956.4824226804122 97
760 5.4 1108.7188703703705 1560.4651434375446 4710.041 1.001 1042.0638896551723 145
770 0 0 0 4710.041 1.001 1060.1511708542712 199
780 0 0 0 4710.041 1.001 1060.1511708542712 199
790 0 0 0 4710.041 1.001 1060.1511708542712 199
800 0 0 0 4710.041 1.001 1060.1511708542712 199
810 0 0 0 4710.041 1.001 1060.1511708542712 199
820 0 0 0 4710.041 1.001 1060.1511708542712 199
830 0 0 0 4710.041 1.001 1060.1511708542712 199
840 0 0 0 4710.041 1.001 1060.1511708542712 199
850 0 0 0 4710.041 1.001 1060.1511708542712 199
860 0 0 0 4710.041 1.001 1060.1511708542712 199
870 0 0 0 4710.041 1.001 1060.1511708542712 199
880 0 0 0 4710.041 1.001 1060.1511708542712 199
890 0 0 0 4710.041 1.001 1060.1511708542712 199
900 0 0 0 4710.041 1.001 1060.1511708542712 199
910 0 0 0 4710.041 1.001 1060.1511708542712 199
920 0 0 0 4710.041 1.001 1060.1511708542712 199
930 0 0 0 4710.041 1.001 1060.1511708542712 199
940 0 0 0 4710.041 1.001 1060.1511708542712 199
950 0 0 0 4710.041 1.001 1060.1511708542712 199
960 0 0 0 4710.041 1.001 1060.1511708542712 199
970 0 0 0 4710.041 1.001 1060.1511708542712 199
980 0 0 0 4710.041 1.001 1060.1511708542712 199
990 0 0 0 4710.041 1.001 1060.1511708542712 199
1000 0 0 0 4710.041 1.001 1060.1511708542712 199
1010 3 405.5932666666667 527.5417054640599 4710.041 1.001 1060.1511708542712 199
1020 12.2 702.6231639344262 1107.5995932421174 4710.041 0.974 974.4012270742356 229
1030 2.2 264.77340909090907 563.3580993229681 4710.041 0.974 879.9370569800568 351
1040 0 0 0 4710.041 0.974 843.653946380697 373
1050 0 0 0 4710.041 0.974 843.653946380697 373
1060 0 0 0 4710.041 0.974 843.653946380697 373
1070 0 0 0 4710.041 0.974 843.653946380697 373
1080 0 0 0 4710.041 0.974 843.653946380697 373
1090 0 0 0 4710.041 0.974 843.653946380697 373
1100 0 0 0 4710.041 0.974 843.653946380697 373
1110 0 0 0 4710.041 0.974 843.653946380697 373
1120 0 0 0 4710.041 0.974 843.653946380697 373
1130 0 0 0 4710.041 0.974 843.653946380697 373
1140 0 0 0 4710.041 0.974 843.653946380697 373
1150 0 0 0 4710.041 0.974 843.653946380697 373
1160 0 0 0 4710.041 0.974 843.653946380697 373
1170 0 0 0 4710.041 0.974 843.653946380697 373
1180 0 0 0 4710.041 0.974 843.653946380697 373
1190 0 0 0 4710.041 0.974 843.653946380697 373
1200 0 0 0 4710.041 0.974 843.653946380697 373
1210 0 0 0 4710.041 0.974 843.653946380697 373
1220 0 0 0 4710.041 0.974 843.653946380697 373
1222 0 0 0 4710.041 0.974 843.653946380697 373
