10 0.5 14.5196 1.6124049863480336 16.94 12.353 0 0
20 0.3 15.359 2.1883669710539864 17.844 12.353 14.5196 5
30 0 0 0 17.844 12.353 14.834375 8
40 0 0 0 17.844 12.353 14.834375 8
50 0 0 0 17.844 12.353 14.834375 8
60 0 0 0 17.844 12.353 14.834375 8
70 0.5 34.928200000000004 43.18493862170004 121.281 12.267 14.834375 8
80 0.8 16.610125 1.794365865528823 121.281 12.267 22.562769230769234 13
90 0.1 14.557 0.0 121.281 12.267 20.29509523809524 21
100 0 0 0 121.281 12.267 20.03427272727273 22
110 0 0 0 121.281 12.267 20.03427272727273 22
120 0 0 0 121.281 12.267 20.03427272727273 22
130 0 0 0 121.281 12.267 20.03427272727273 22
140 0 0 0 121.281 12.267 20.03427272727273 22
150 1 44.5419 58.028621238919676 209.908 9.163 20.03427272727273 22
160 2.2 23.573590909090914 26.864821366610975 209.908 9.163 27.69290625 32
170 0.4 20.74175 6.844809543551959 209.908 9.163 26.01466666666667 54
180 0 0 0 209.908 9.163 25.651017241379314 58
190 0 0 0 209.908 9.163 25.651017241379314 58
200 0 0 0 209.908 9.163 25.651017241379314 58
210 0 0 0 209.908 9.163 25.651017241379314 58
220 0 0 0 209.908 9.163 25.651017241379314 58
230 0 0 0 209.908 9.163 25.651017241379314 58
240 0 0 0 209.908 9.163 25.651017241379314 58
250 0 0 0 209.908 9.163 25.651017241379314 58
260 0 0 0 209.908 9.163 25.651017241379314 58
270 0 0 0 209.908 9.163 25.651017241379314 58
280 0.3 647.6136666666667 403.433192448955 1165.076 9.163 25.651017241379314 58
290 1.4 1064.4960000000003 337.29921077900985 1966.853 9.163 56.23934426229509 61
300 0.7 791.5405714285714 160.2982849082629 1966.853 9.163 244.4472533333334 75
310 0.5 9506.985799999999 7954.757860182531 19023.683 0.709 291.1503414634147 82
320 0.9 22020.76211111111 1523.9810744692804 23989.109 0.709 820.7960574712644 87
330 0.5 9350.978200000001 409.79639571592156 23989.109 0.709 2808.2928749999996 96
340 0.3 16196.557999999999 2149.8212344085728 23989.109 0.709 3132.188188118812 101
350 1.3 17749.633692307696 7273.991046320481 23989.109 0.709 3509.0450096153845 104
360 0.2 3673.806 1736.0080000000003 23989.109 0.709 5091.332641025641 117
370 0 0 0 23989.109 0.709 5067.508663865546 119
380 0.1 20647.329 0.0 23989.109 0.709 5067.508663865546 119
390 0 0 0 23989.109 0.709 5197.3405 120
400 0 0 0 23989.109 0.709 5197.3405 120
410 0.1 26121.618 0.0 26121.618 0.709 5197.3405 120
420 0 0 0 26121.618 0.709 5370.268413223141 121
430 0 0 0 26121.618 0.709 5370.268413223141 121
440 0 0 0 26121.618 0.709 5370.268413223141 121
450 0 0 0 26121.618 0.709 5370.268413223141 121
460 0 0 0 26121.618 0.709 5370.268413223141 121
470 0 0 0 26121.618 0.709 5370.268413223141 121
480 0 0 0 26121.618 0.709 5370.268413223141 121
490 0 0 0 26121.618 0.709 5370.268413223141 121
500 0 0 0 26121.618 0.709 5370.268413223141 121
510 0 0 0 26121.618 0.709 5370.268413223141 121
520 0 0 0 26121.618 0.709 5370.268413223141 121
530 0.7 725.9457142857143 1153.4330861288727 26121.618 0.49 5370.268413223141 121
540 6.8 231.72592647058798 688.6557725425567 26121.618 0.484 5116.282015625 128
550 3.4 0.7964117647058825 0.7684138023397924 26121.618 0.461 3421.6401071428572 196
560 0.4 0.635 0.03088689042296103 26121.618 0.461 2915.9501695652175 230
570 0.5 34076.2772 325.54784062954667 34645.756 0.461 2866.1157222222223 234
580 0.3 27065.351 10149.315541311442 34859.306 0.461 3519.0479707112972 239
590 0.9 13105.42311111111 1341.26106344311 34859.306 0.461 3810.9442892561983 242
600 1 8310.095900000002 2232.8842952040072 34859.306 0.461 4144.212454183267 251
610 0.5 6450.6816 606.3177274553664 34859.306 0.461 4303.824846743296 261
620 0 0 0 34859.306 0.461 4344.179296992482 266
630 0 0 0 34859.306 0.461 4344.179296992482 266
640 0.1 31434.519 0.0 34859.306 0.461 4344.179296992482 266
650 0.1 38110.186 0.0 38110.186 0.461 4445.641243445694 267
660 0.2 44365.947499999995 764.9615000000031 45130.909 0.461 4571.2552164179115 268
670 0.2 33747.0275 673.777500000002 45130.909 0.461 4866.030714814816 270
680 0 0 0 45130.909 0.461 5078.390985294119 272
690 0 0 0 45130.909 0.461 5078.390985294119 272
700 0 0 0 45130.909 0.461 5078.390985294119 272
710 0 0 0 45130.909 0.461 5078.390985294119 272
720 0 0 0 45130.909 0.461 5078.390985294119 272
730 0 0 0 45130.909 0.461 5078.390985294119 272
740 0 0 0 45130.909 0.461 5078.390985294119 272
750 0 0 0 45130.909 0.461 5078.390985294119 272
760 4.2 320.7860476190476 798.4952058988969 45130.909 0.461 5078.390985294119 272
770 16.1 13.518155279503084 163.63003971611576 45130.909 0.418 4442.023445859873 314
780 2.5 0.6797200000000001 0.26567853055901974 45130.909 0.418 2940.993231578948 475
790 0.4 6693.9835 11593.060326163246 45130.909 0.418 2793.9775560000003 500
800 0.1 0.659 0.0 45130.909 0.418 2824.9299841269844 504
810 0.2 45492.174 3694.9130000000005 49187.087 0.418 2819.3373683168315 505
820 0.3 53525.306000000004 6282.7728907058745 57998.107 0.418 2987.672029585799 507
830 0.6 6576.470333333335 3119.9159260250194 57998.107 0.418 3284.952229411765 510
840 0 0 0 57998.107 0.418 3323.2256957364343 516
850 0 0 0 57998.107 0.418 3323.2256957364343 516
860 0 0 0 57998.107 0.418 3323.2256957364343 516
870 0 0 0 57998.107 0.418 3323.2256957364343 516
880 0.1 54755.615 0.0 57998.107 0.418 3323.2256957364343 516
890 0.6 59627.46716666667 765.7626359230427 60005.328 0.418 3422.708073500967 517
900 0.1 53428.335 0.0 60005.328 0.418 4067.5045449330783 523
910 0.1 15366.348 0.0 60005.328 0.418 4161.704603053435 524
920 0 0 0 60005.328 0.418 4183.046780952381 525
930 0.1 37467.555 0.0 60005.328 0.418 4183.046780952381 525
940 0 0 0 60005.328 0.418 4246.325313688213 526
950 0 0 0 60005.328 0.418 4246.325313688213 526
960 0.7 58344.419 466.9602758956803 60005.328 0.418 4246.325313688213 526
970 0.5 10165.0474 10736.744094152857 60005.328 0.418 4956.806844277674 533
980 0 0 0 60005.328 0.418 5005.210566914499 538
990 0 0 0 60005.328 0.418 5005.210566914499 538
1000 0 0 0 60005.328 0.418 5005.210566914499 538
1010 0 0 0 60005.328 0.418 5005.210566914499 538
1020 3.4 1.1608529411764705 1.294671094556291 60005.328 0.418 5005.210566914499 538
1030 31.9 38.323583072100305 384.22040045331585 60005.328 0.403 4707.767052447553 572
1040 17.6 315.56371590909106 2080.229375227984 60005.328 0.403 3035.990995510663 891
1050 2.2 0.5873181818181817 0.07933953867205315 60005.328 0.403 2587.2607225866927 1067
1060 0.3 11982.045333333335 16944.25036241577 60005.328 0.403 2535.004694214877 1089
1070 0 0 0 60005.328 0.403 2560.9581025641037 1092
1080 0.2 55836.984 799.9140000000025 60005.328 0.403 2560.9581025641037 1092
1090 1.4 41581.24971428571 19256.261171444236 60005.328 0.403 2658.3548592321763 1094
1100 0.8 3994.5312500000005 382.52322066011595 60005.328 0.403 3150.1603898916974 1108
1110 0 0 0 60005.328 0.403 3156.213227598567 1116
1120 0 0 0 60005.328 0.403 3156.213227598567 1116
1130 0 0 0 60005.328 0.403 3156.213227598567 1116
1140 0 0 0 60005.328 0.403 3156.213227598567 1116
1150 0.1 51810.479 0.0 60005.328 0.403 3156.213227598567 1116
1160 0.6 38951.8305 20090.922666324022 60005.328 0.403 3199.771209489705 1117
1170 0.1 4235.37 0.0 60005.328 0.403 3390.7884452359754 1123
1180 0 0 0 60005.328 0.403 3391.5398523131676 1124
1190 0 0 0 60005.328 0.403 3391.5398523131676 1124
1200 0 0 0 60005.328 0.403 3391.5398523131676 1124
1210 0 0 0 60005.328 0.403 3391.5398523131676 1124
1220 0 0 0 60005.328 0.403 3391.5398523131676 1124
1222 0 0 0 60005.328 0.403 3391.5398523131676 1124
