20 0.1 9.916 0 9.916 9.916 0 0
30 0.1 5.599 0.0 9.916 5.599 9.916 1
40 0 0 0 9.916 5.599 7.7575 2
50 0 0 0 9.916 5.599 7.7575 2
60 0 0 0 9.916 5.599 7.7575 2
70 0.5 6.1696 0.9451195903164847 9.916 4.859 7.7575 2
80 0.2 6.9815000000000005 0.2775000000000001 9.916 4.859 6.623285714285714 7
90 0 0 0 9.916 4.859 6.702888888888889 9
100 0 0 0 9.916 4.859 6.702888888888889 9
110 0 0 0 9.916 4.859 6.702888888888889 9
120 0 0 0 9.916 4.859 6.702888888888889 9
130 0 0 0 9.916 4.859 6.702888888888889 9
140 0 0 0 9.916 4.859 6.702888888888889 9
150 0.5 44.17700000000001 68.9947067795784 181.979 4.859 6.702888888888889 9
160 0.5 10.895399999999999 7.6157356204112014 181.979 4.859 20.086500000000004 14
170 0.1 6.037 0.0 181.979 4.859 17.667789473684213 19
180 0 0 0 181.979 4.859 17.08625 20
190 0 0 0 181.979 4.859 17.08625 20
200 0 0 0 181.979 4.859 17.08625 20
210 0 0 0 181.979 4.859 17.08625 20
220 0 0 0 181.979 4.859 17.08625 20
230 0 0 0 181.979 4.859 17.08625 20
240 0 0 0 181.979 4.859 17.08625 20
250 0 0 0 181.979 4.859 17.08625 20
260 0 0 0 181.979 4.859 17.08625 20
270 0 0 0 181.979 4.859 17.08625 20
280 0.1 6.455 0.0 181.979 4.859 17.08625 20
290 0.9 888.0571111111111 244.09406926176112 1314.467 4.859 16.580000000000002 21
300 0.7 558.6951428571429 236.21411868981957 1314.467 0.798 278.0231333333333 30
310 0.1 0.847 0.0 1314.467 0.798 331.1232432432432 37
320 0.1 23282.861 0.0 23282.861 0.798 322.4317631578947 38
330 0.3 9237.341666666667 619.6037513413089 23282.861 0.798 911.1607179487179 39
340 0.1 19146.059 0.0 23282.861 0.798 1505.8879285714286 42
350 0.5 20917.9412 3953.261277725944 24227.82 0.798 1916.124465116279 43
360 0.4 1893.0214999999998 118.17537887500092 24227.82 0.798 3895.4803750000005 48
370 0 0 0 24227.82 0.798 3741.4450769230775 52
380 0 0 0 24227.82 0.798 3741.4450769230775 52
390 0 0 0 24227.82 0.798 3741.4450769230775 52
400 0 0 0 24227.82 0.798 3741.4450769230775 52
410 0 0 0 24227.82 0.798 3741.4450769230775 52
420 0 0 0 24227.82 0.798 3741.4450769230775 52
430 0 0 0 24227.82 0.798 3741.4450769230775 52
440 0 0 0 24227.82 0.798 3741.4450769230775 52
450 0 0 0 24227.82 0.798 3741.4450769230775 52
460 0 0 0 24227.82 0.798 3741.4450769230775 52
470 0 0 0 24227.82 0.798 3741.4450769230775 52
480 0 0 0 24227.82 0.798 3741.4450769230775 52
490 0 0 0 24227.82 0.798 3741.4450769230775 52
500 0 0 0 24227.82 0.798 3741.4450769230775 52
510 0 0 0 24227.82 0.798 3741.4450769230775 52
520 0 0 0 24227.82 0.798 3741.4450769230775 52
530 0.4 0.71875 0.09150785485410526 24227.82 0.605 3741.4450769230775 52
540 2.1 521.4583333333333 933.2367506540181 24227.82 0.474 3474.2503392857147 56
550 1.2 782.4109166666667 2592.821506422313 24227.82 0.474 2668.9434285714287 77
560 0 0 0 24227.82 0.474 2414.5794943820224 89
570 0.2 34102.017 100.1840000000011 34202.201 0.474 2414.5794943820224 89
580 0 0 0 34202.201 0.474 3111.0066923076924 91
590 0 0 0 34202.201 0.474 3111.0066923076924 91
600 0.4 8561.556999999999 1041.54868006133 34202.201 0.474 3111.0066923076924 91
610 0.2 7156.9665 1210.6325 34202.201 0.474 3340.503547368421 95
620 0 0 0 34202.201 0.474 3419.1935051546393 97
630 0 0 0 34202.201 0.474 3419.1935051546393 97
640 0 0 0 34202.201 0.474 3419.1935051546393 97
650 0 0 0 34202.201 0.474 3419.1935051546393 97
660 0.1 43949.793 0.0 43949.793 0.474 3419.1935051546393 97
670 0 0 0 43949.793 0.474 3832.7710510204083 98
680 0 0 0 43949.793 0.474 3832.7710510204083 98
690 0 0 0 43949.793 0.474 3832.7710510204083 98
700 0 0 0 43949.793 0.474 3832.7710510204083 98
710 0 0 0 43949.793 0.474 3832.7710510204083 98
720 0 0 0 43949.793 0.474 3832.7710510204083 98
730 0 0 0 43949.793 0.474 3832.7710510204083 98
740 0 0 0 43949.793 0.474 3832.7710510204083 98
750 0 0 0 43949.793 0.474 3832.7710510204083 98
760 1.7 0.7430588235294118 0.3860677280703988 43949.793 0.459 3832.7710510204083 98
770 6.3 0.6298571428571429 0.4378883983769227 43949.793 0.408 3266.297347826087 115
780 0.8 0.65675 0.11409288978722557 43949.793 0.408 2110.471213483146 178
790 0 0 0 43949.793 0.408 2019.7265053763442 186
800 0 0 0 43949.793 0.408 2019.7265053763442 186
810 0.1 41768.362 0.0 43949.793 0.408 2019.7265053763442 186
820 0.2 22321.488 22320.884000000002 44642.372 0.408 2232.286053475936 187
830 0.1 11941.317 0.0 44642.372 0.408 2444.8702010582015 189
840 0 0 0 44642.372 0.408 2494.8515 190
850 0 0 0 44642.372 0.408 2494.8515 190
860 0 0 0 44642.372 0.408 2494.8515 190
870 0 0 0 44642.372 0.408 2494.8515 190
880 0 0 0 44642.372 0.408 2494.8515 190
890 0.2 30002.332000000002 30001.665 60003.997 0.408 2494.8515 190
900 0.1 15350.68 0.0 60003.997 0.408 2781.3877552083336 192
910 0 0 0 60003.997 0.408 2846.513621761658 193
920 0 0 0 60003.997 0.408 2846.513621761658 193
930 0 0 0 60003.997 0.408 2846.513621761658 193
940 0 0 0 60003.997 0.408 2846.513621761658 193
950 0.1 54686.344 0.0 60003.997 0.408 2846.513621761658 193
960 0.1 58516.601 0.0 60003.997 0.408 3113.7292422680416 194
970 0.1 3678.234 0.0 60003.997 0.408 3397.8465333333343 195
980 0 0 0 60003.997 0.408 3399.2770816326542 196
990 0 0 0 60003.997 0.408 3399.2770816326542 196
1000 0 0 0 60003.997 0.408 3399.2770816326542 196
1010 0 0 0 60003.997 0.408 3399.2770816326542 196
1020 1.8 77.9396111111111 313.4483402081396 60003.997 0.408 3399.2770816326542 196
1030 11.3 133.77081415929212 666.3527569106847 60003.997 0.408 3119.912247663552 214
1040 5.5 269.58378181818176 1976.8263049075651 60003.997 0.408 2088.00404587156 327
1050 0.6 0.6545 0.05846295123124274 60003.997 0.408 1826.1896099476442 382
1060 0.1 0.632 0.0 60003.997 0.408 1797.9596855670106 388
1070 0 0 0 60003.997 0.408 1793.3393059125967 389
1080 0.1 53260.708 0.0 60003.997 0.408 1793.3393059125967 389
1090 0.2 52295.013 964.7900000000009 60003.997 0.408 1925.3069179487181 390
1100 0.4 3856.7070000000003 288.25973966979853 60003.997 0.408 2182.2952142857143 392
1110 0 0 0 60003.997 0.408 2199.2084646464646 396
1120 0 0 0 60003.997 0.408 2199.2084646464646 396
1130 0 0 0 60003.997 0.408 2199.2084646464646 396
1140 0 0 0 60003.997 0.408 2199.2084646464646 396
1150 0 0 0 60003.997 0.408 2199.2084646464646 396
1160 0.1 6691.905 0.0 60003.997 0.408 2199.2084646464646 396
1170 0.1 478.589 0.0 60003.997 0.408 2210.5250806045337 397
1180 0 0 0 60003.997 0.408 2206.1734824120604 398
1190 0 0 0 60003.997 0.408 2206.1734824120604 398
1200 0 0 0 60003.997 0.408 2206.1734824120604 398
1210 0 0 0 60003.997 0.408 2206.1734824120604 398
1220 0 0 0 60003.997 0.408 2206.1734824120604 398
1222 0 0 0 60003.997 0.408 2206.1734824120604 398
