0 0.1 39.335 0 39.335 39.335 0 0
10 0.1 32.405 0.0 39.335 32.405 39.335 1
20 0.5 30.4592 2.8891746503110536 39.335 26.265 35.870000000000005 2
30 0 0 0 39.335 26.265 32.00514285714286 7
40 0.6 25.074833333333334 1.619050484766373 39.335 23.016 32.00514285714286 7
50 0 0 0 39.335 23.016 28.806538461538462 13
60 0 0 0 39.335 23.016 28.806538461538462 13
70 0 0 0 39.335 23.016 28.806538461538462 13
80 0.1 195.678 0.0 195.678 23.016 28.806538461538462 13
90 0.1 39.029 0.0 195.678 23.016 40.725928571428575 14
100 0.4 42.48125 5.502630887811758 195.678 23.016 40.6128 15
110 0.7 37.883 5.2169871984289395 195.678 23.016 41.00615789473684 19
120 0.8 38.74812500000001 7.831419035486161 195.678 23.016 40.16530769230769 26
130 0 0 0 195.678 23.016 39.83185294117647 34
140 0 0 0 195.678 23.016 39.83185294117647 34
150 0.1 90.159 0.0 195.678 23.016 39.83185294117647 34
160 0 0 0 195.678 23.016 41.26977142857144 35
170 0 0 0 195.678 23.016 41.26977142857144 35
180 0 0 0 195.678 23.016 41.26977142857144 35
190 0 0 0 195.678 23.016 41.26977142857144 35
200 0.2 33.879 2.5089999999999977 195.678 23.016 41.26977142857144 35
210 0.4 47.469 4.636743091869549 195.678 23.016 40.870270270270275 37
220 0.3 36.702 5.546826540163906 195.678 23.016 41.51404878048781 41
230 1.4 43.45564285714284 6.242934859356074 195.678 23.016 41.18595454545455 44
240 1.2 45.61741666666666 11.162144346393402 195.678 23.016 41.73381034482759 58
250 0.2 36.431 3.1149999999999967 195.678 23.016 42.399571428571434 70
260 0 0 0 195.678 23.016 42.23377777777778 72
270 0 0 0 195.678 23.016 42.23377777777778 72
280 0 0 0 195.678 23.016 42.23377777777778 72
290 0 0 0 195.678 23.016 42.23377777777778 72
300 0.1 0.623 0.0 195.678 0.623 42.23377777777778 72
310 0.1 0.624 0.0 195.678 0.623 41.66376712328768 73
320 0 0 0 195.678 0.623 41.10917567567568 74
330 0 0 0 195.678 0.623 41.10917567567568 74
340 0 0 0 195.678 0.623 41.10917567567568 74
350 0.1 20162.835 0.0 20162.835 0.623 41.10917567567568 74
360 0.1 1.093 0.0 20162.835 0.623 309.39885333333336 75
370 0 0 0 20162.835 0.623 305.34219736842107 76
380 0 0 0 20162.835 0.623 305.34219736842107 76
390 0.1 0.596 0.0 20162.835 0.596 305.34219736842107 76
400 0.2 0.698 0.089 20162.835 0.596 301.38445454545456 77
410 0.4 0.60875 0.010256095748383008 20162.835 0.596 293.77213924050636 79
420 4.3 0.6325116279069768 0.27126845641575636 20162.835 0.491 279.6437831325302 83
430 0.5 0.595 0.03312400941915094 20162.835 0.491 184.42565079365085 126
440 0.4 0.6535 0.027445400343226914 20162.835 0.491 177.40921374045806 131
450 0.1 0.617 0.0 20162.835 0.491 172.17200740740748 135
460 0 0 0 20162.835 0.491 170.9105735294118 136
470 0.2 0.6075 0.0675 20162.835 0.491 170.9105735294118 136
480 0.4 0.587 0.007905694150420957 20162.835 0.491 168.44241304347833 138
490 0 0 0 20162.835 0.491 163.71409154929583 142
500 0 0 0 20162.835 0.491 163.71409154929583 142
510 0 0 0 20162.835 0.491 163.71409154929583 142
520 0 0 0 20162.835 0.491 163.71409154929583 142
530 0.1 0.592 0.0 20162.835 0.491 163.71409154929583 142
540 2.8 0.9921428571428568 1.9859850149464462 20162.835 0.465 162.57337762237768 143
550 3.3 0.62369696969697 0.19947028104737874 20162.835 0.458 136.11563157894741 171
560 0.3 0.6356666666666667 0.027824849006278966 20162.835 0.458 114.19781862745101 204
570 0 0 0 20162.835 0.458 112.55199033816429 207
580 0 0 0 20162.835 0.458 112.55199033816429 207
590 0.1 0.642 0.0 20162.835 0.458 112.55199033816429 207
600 1.9 1906.5638947368413 3796.021303884771 20162.835 0.458 112.01396153846157 208
610 0 0 0 20162.835 0.458 262.2185814977973 227
620 0.2 0.597 0.01100000000000001 20162.835 0.458 262.2185814977973 227
630 0 0 0 20162.835 0.458 259.93367685589516 229
640 0.1 0.611 0.0 20162.835 0.458 259.93367685589516 229
650 0.5 0.842 0.38012629480213544 20162.835 0.458 258.8061869565217 230
660 1.2 0.6080833333333332 0.043055116485216455 20162.835 0.458 253.3175872340425 235
670 2.1 0.6340952380952383 0.16590154991150188 20162.835 0.458 241.04020242914973 247
680 0.1 0.772 0.0 20162.835 0.458 222.20241044776114 268
690 0 0 0 20162.835 0.458 221.37924907063191 269
700 0 0 0 20162.835 0.458 221.37924907063191 269
710 0 0 0 20162.835 0.458 221.37924907063191 269
720 0 0 0 20162.835 0.458 221.37924907063191 269
730 0.6 10.543333333333335 22.094586415882258 20162.835 0.458 221.37924907063191 269
740 0 0 0 20162.835 0.458 216.77919272727266 275
750 0 0 0 20162.835 0.458 216.77919272727266 275
760 3.4 1.1029411764705883 1.591485413087159 20162.835 0.436 216.77919272727266 275
770 13.5 0.5874962962962962 0.45844710303652136 20162.835 0.416 193.0478252427184 309
780 3.5 0.7419428571428569 0.7789940011820058 20162.835 0.416 134.52948198198195 444
790 0.3 0.6556666666666667 0.029892399628593854 20162.835 0.416 124.75377453027136 479
800 0 0 0 20162.835 0.416 123.98137966804975 482
810 0.1 0.65 0.0 20162.835 0.416 123.98137966804975 482
820 2 0.61385 0.0854524867982202 20162.835 0.416 123.72603519668733 483
830 0.7 1706.2031428571427 4177.805148562115 20162.835 0.416 118.83091848906557 503
840 0 0 0 20162.835 0.416 140.61838039215684 510
850 0 0 0 20162.835 0.416 140.61838039215684 510
860 0 0 0 20162.835 0.416 140.61838039215684 510
870 0.1 0.602 0.0 20162.835 0.416 140.61838039215684 510
880 0.3 0.6506666666666666 0.034198765409814924 20162.835 0.416 140.34437573385514 511
890 3.4 0.6466176470588235 0.12926216286061767 20162.835 0.416 139.5290428015564 514
900 0.7 0.6321428571428571 0.03749829928116194 20162.835 0.416 130.91224999999997 548
910 0 0 0 20162.835 0.416 129.26907747747745 555
920 0 0 0 20162.835 0.416 129.26907747747745 555
930 0 0 0 20162.835 0.416 129.26907747747745 555
940 0 0 0 20162.835 0.416 129.26907747747745 555
950 0 0 0 20162.835 0.416 129.26907747747745 555
960 0.7 0.612 0.029413310883728425 20162.835 0.416 129.26907747747745 555
970 0.1 0.691 0.0 20162.835 0.416 127.66658718861208 562
980 0.1 0.655 0.0 20162.835 0.416 127.44105328596802 563
990 0 0 0 20162.835 0.416 127.21625531914893 564
1000 0.1 29.406 0.0 20162.835 0.416 127.21625531914893 564
1010 0.1 28.752 0.0 20162.835 0.416 127.04313982300884 565
1020 3.3 1.7870606060606054 1.9970254537670697 20162.835 0.416 126.869480565371 566
1030 25.5 0.856964705882353 1.618727925500002 20162.835 0.395 119.97846243739563 599
1040 16.5 0.5805939393939396 0.3080889264967759 20162.835 0.395 84.4093969555035 854
1050 1.5 0.6621999999999998 0.21073781498977984 20162.835 0.395 70.83554759568202 1019
1060 0.1 0.668 0.0 20162.835 0.395 69.81755899419728 1034
1070 0 0 0 20162.835 0.395 69.75074782608695 1035
1080 1.3 0.6590769230769233 0.13119185102416966 20162.835 0.395 69.75074782608695 1035
1090 2.6 1683.8823461538461 5852.175611503258 23705.338 0.395 68.89369465648853 1048
1100 0.2 0.605 0.0 23705.338 0.395 107.99025418994412 1074
1110 0 0 0 23705.338 0.395 107.7906533457249 1076
1120 0 0 0 23705.338 0.395 107.7906533457249 1076
1130 0 0 0 23705.338 0.395 107.7906533457249 1076
1140 0 0 0 23705.338 0.395 107.7906533457249 1076
1150 0.9 0.6475555555555556 0.1288747118639832 23705.338 0.395 107.7906533457249 1076
1160 1.7 0.6343529411764706 0.036729441911281295 23705.338 0.395 106.90190875576036 1085
1170 0.2 0.656 0.0030000000000000027 23705.338 0.395 105.2625725952813 1102
1180 0 0 0 23705.338 0.395 105.07306793478261 1104
1190 0 0 0 23705.338 0.395 105.07306793478261 1104
1200 0 0 0 23705.338 0.395 105.07306793478261 1104
1210 0.4 2.5885000000000002 3.4148067661289416 23705.338 0.395 105.07306793478261 1104
1220 0.1 0.673 0.0 23705.338 0.395 104.70308754512637 1108
1222 0 0 0 23705.338 0.395 104.60928223624887 1109
