0 0.1 14.934 0 14.934 14.934 0 0
10 0.2 19.822499999999998 4.063499999999999 23.886 14.934 14.934 1
20 0 0 0 23.886 14.934 18.192999999999998 3
30 0 0 0 23.886 14.934 18.192999999999998 3
40 0 0 0 23.886 14.934 18.192999999999998 3
50 0 0 0 23.886 14.934 18.192999999999998 3
60 0.2 6.515499999999999 0.5074999999999996 23.886 6.008 18.192999999999998 3
70 0.8 40.940625 43.25559968644956 147.649 6.008 13.521999999999997 5
80 0.4 62.08675 73.58122348933526 188.949 6.008 30.395 13
90 0 0 0 188.949 6.008 37.851882352941175 17
100 0 0 0 188.949 6.008 37.851882352941175 17
110 0 0 0 188.949 6.008 37.851882352941175 17
120 0 0 0 188.949 6.008 37.851882352941175 17
130 0 0 0 188.949 6.008 37.851882352941175 17
140 0 0 0 188.949 6.008 37.851882352941175 17
150 1.4 58.802857142857135 52.895296593306654 188.949 6.008 37.851882352941175 17
160 0.5 81.173 104.58844182986952 290.148 6.008 47.313612903225795 31
170 0.1 34.122 0.0 290.148 6.008 52.01630555555555 36
180 0 0 0 290.148 6.008 51.53267567567567 37
190 0 0 0 290.148 6.008 51.53267567567567 37
200 0 0 0 290.148 6.008 51.53267567567567 37
210 0 0 0 290.148 6.008 51.53267567567567 37
220 0 0 0 290.148 6.008 51.53267567567567 37
230 0 0 0 290.148 6.008 51.53267567567567 37
240 0 0 0 290.148 6.008 51.53267567567567 37
250 0 0 0 290.148 6.008 51.53267567567567 37
260 0 0 0 290.148 6.008 51.53267567567567 37
270 0 0 0 290.148 6.008 51.53267567567567 37
280 0 0 0 290.148 6.008 51.53267567567567 37
290 1.2 1434.1068333333333 551.3746649766734 2410.623 6.008 51.53267567567567 37
300 0.4 648.3642500000001 85.16445951033508 2410.623 6.008 390.1222653061224 49
310 0.1 0.787 0.0 2410.623 0.787 409.61222641509426 53
320 0.4 22506.81625 1274.479065282043 24023.094 0.787 402.04138888888883 54
330 0.5 9393.1698 368.2994652352351 24023.094 0.787 1926.5086206896551 58
340 0 0 0 24023.094 0.787 2519.1007777777777 63
350 0.7 15746.88342857143 9207.454554626654 24302.591 0.787 2519.1007777777777 63
360 0.3 2906.75 857.3341549633182 24302.591 0.787 3841.879042857143 70
370 0.1 16402.084 0.0 24302.591 0.787 3803.4490821917807 73
380 0.2 19345.6475 1388.2785000000003 24302.591 0.787 3973.700905405405 74
390 0.1 30676.185 0.0 30676.185 0.787 4378.225815789473 76
400 0 0 0 30676.185 0.787 4719.757753246753 77
410 0 0 0 30676.185 0.787 4719.757753246753 77
420 0 0 0 30676.185 0.787 4719.757753246753 77
430 0 0 0 30676.185 0.787 4719.757753246753 77
440 0 0 0 30676.185 0.787 4719.757753246753 77
450 0 0 0 30676.185 0.787 4719.757753246753 77
460 0 0 0 30676.185 0.787 4719.757753246753 77
470 0 0 0 30676.185 0.787 4719.757753246753 77
480 0 0 0 30676.185 0.787 4719.757753246753 77
490 0 0 0 30676.185 0.787 4719.757753246753 77
500 0 0 0 30676.185 0.787 4719.757753246753 77
510 0 0 0 30676.185 0.787 4719.757753246753 77
520 0.1 711.505 0.0 30676.185 0.787 4719.757753246753 77
530 0.8 2.1422499999999998 2.983355399126963 30676.185 0.562 4668.369897435898 78
540 4 389.9200499999998 858.7183083192924 30676.185 0.476 4234.3022093023255 86
550 1.7 0.6909999999999998 0.09922997649548307 30676.185 0.476 3013.8634285714284 126
560 0.5 7399.781400000002 9062.029319069447 30676.185 0.476 2655.6541188811184 143
570 0.3 22101.695333333333 15634.751490993842 33728.318 0.476 2815.928689189189 148
580 0.5 19181.423399999996 9256.60266103815 34891.075 0.476 3199.0896158940395 151
590 0.7 13105.503285714285 1875.6926502497845 34891.075 0.476 3711.343903846154 156
600 1 7663.787200000001 1834.5393632124005 34891.075 0.476 4114.7740613496935 163
610 0.2 6100.0835 298.5174999999999 34891.075 0.476 4319.919329479769 173
620 0.2 13834.446 2769.6759999999995 34891.075 0.476 4340.264062857143 175
630 0 0 0 34891.075 0.476 4447.542954802259 177
640 0 0 0 34891.075 0.476 4447.542954802259 177
650 0 0 0 34891.075 0.476 4447.542954802259 177
660 0.2 44150.733 1262.127999999997 45412.861 0.476 4447.542954802259 177
670 0 0 0 45412.861 0.476 4891.154016759776 179
680 0 0 0 45412.861 0.476 4891.154016759776 179
690 0 0 0 45412.861 0.476 4891.154016759776 179
700 0 0 0 45412.861 0.476 4891.154016759776 179
710 0 0 0 45412.861 0.476 4891.154016759776 179
720 0 0 0 45412.861 0.476 4891.154016759776 179
730 0 0 0 45412.861 0.476 4891.154016759776 179
740 0 0 0 45412.861 0.476 4891.154016759776 179
750 0 0 0 45412.861 0.476 4891.154016759776 179
760 3.8 280.44215789473685 595.5942899135339 45412.861 0.461 4891.154016759776 179
770 9.7 22.22730927835053 210.98334397568465 45412.861 0.436 4083.748253456221 217
780 1.4 0.6402857142857145 0.11034583853337036 45412.861 0.436 2829.074585987261 314
790 0.1 29571.63 0.0 45412.861 0.436 2708.348731707317 328
800 0 0 0 45412.861 0.436 2790.000042553191 329
810 0.1 41794.952 0.0 45412.861 0.436 2790.000042553191 329
820 0.2 57632.0385 369.54149999999936 58001.58 0.436 2908.196866666666 330
830 0.6 7066.705333333332 335.8245239330938 58001.58 0.436 3237.8585632530117 332
840 0 0 0 58001.58 0.436 3305.8262573964494 338
850 0 0 0 58001.58 0.436 3305.8262573964494 338
860 0 0 0 58001.58 0.436 3305.8262573964494 338
870 0 0 0 58001.58 0.436 3305.8262573964494 338
880 0 0 0 58001.58 0.436 3305.8262573964494 338
890 0.3 60004.50866666667 0.5167857927198889 60005.076 0.436 3305.8262573964494 338
900 0.3 45639.372 17905.50347987771 60006.115 0.436 3804.6416451612904 341
910 0.1 15052.527 0.0 60006.115 0.436 4169.479409883721 344
920 0 0 0 60006.115 0.436 4201.024475362319 345
930 0.1 36609.007 0.0 60006.115 0.436 4201.024475362319 345
940 0 0 0 60006.115 0.436 4294.689164739884 346
950 0 0 0 60006.115 0.436 4294.689164739884 346
960 0.2 58097.3125 12.051500000001397 60006.115 0.436 4294.689164739884 346
970 0.3 9551.056333333332 10125.431812326698 60006.115 0.436 4603.899643678161 348
980 0 0 0 60006.115 0.436 4646.183034188034 351
990 0 0 0 60006.115 0.436 4646.183034188034 351
1000 0 0 0 60006.115 0.436 4646.183034188034 351
1010 0 0 0 60006.115 0.436 4646.183034188034 351
1020 3.3 161.13821212121212 525.8638957027015 60006.115 0.436 4646.183034188034 351
1030 18.3 15.902535519125692 143.32805699340784 60006.115 0.436 4260.749494791667 384
1040 9.5 116.01567368421058 1115.2572069287583 60006.115 0.436 2890.7195238095237 567
1050 1.1 1.0280909090909092 1.1207700643709586 60006.115 0.436 2492.5369471299095 662
1060 0.2 5.7010000000000005 4.849 60006.115 0.436 2451.8139197622586 673
1070 0.2 42622.763999999996 2333.327000000003 60006.115 0.436 2444.5661777777777 675
1080 0.1 49121.72 0.0 60006.115 0.436 2563.261001477105 677
1090 1.2 33597.47075 21468.233735672133 60006.115 0.436 2631.931294985251 678
1100 0.4 3790.0055 189.80652919552057 60006.115 0.436 3170.4624159420296 690
1110 0.1 12541.723 0.0 60006.115 0.436 3174.03326945245 694
1120 0 0 0 60006.115 0.436 3187.5119597122307 695
1130 0 0 0 60006.115 0.436 3187.5119597122307 695
1140 0 0 0 60006.115 0.436 3187.5119597122307 695
1150 0.1 51885.566 0.0 60006.115 0.436 3187.5119597122307 695
1160 0.5 34936.3686 23149.53973890415 60006.115 0.436 3257.4804281609204 696
1170 0.1 21.896 0.0 60006.115 0.436 3483.4354079885884 701
1180 0 0 0 60006.115 0.436 3478.504440170941 702
1190 0 0 0 60006.115 0.436 3478.504440170941 702
1200 0 0 0 60006.115 0.436 3478.504440170941 702
1210 0 0 0 60006.115 0.436 3478.504440170941 702
1220 0 0 0 60006.115 0.436 3478.504440170941 702
1222 0 0 0 60006.115 0.436 3478.504440170941 702
