10 0.5 42.7664 26.53070378712182 95.65 26.308 0 0
20 0.3 27.239 2.042849643675879 95.65 25.377 42.7664 5
30 0 0 0 95.65 25.377 36.943625 8
40 0 0 0 95.65 25.377 36.943625 8
50 0 0 0 95.65 25.377 36.943625 8
60 0 0 0 95.65 25.377 36.943625 8
70 0.5 25.0358 11.117622306950349 95.65 8.389 36.943625 8
80 0.8 57.38624999999999 60.786372460753896 217.59 8.389 32.363692307692304 13
90 0.1 29.522 0.0 217.59 8.389 41.896095238095235 21
100 0 0 0 217.59 8.389 41.333636363636366 22
110 0 0 0 217.59 8.389 41.333636363636366 22
120 0 0 0 217.59 8.389 41.333636363636366 22
130 0 0 0 217.59 8.389 41.333636363636366 22
140 0 0 0 217.59 8.389 41.333636363636366 22
150 1 48.1614 41.25516500076081 217.59 8.389 41.333636363636366 22
160 2.2 56.431636363636365 53.26217972321231 217.59 8.389 43.467312500000006 32
170 0.4 37.266749999999995 0.8992831520160924 217.59 8.389 48.74907407407408 54
180 0 0 0 217.59 8.389 47.95718965517242 58
190 0 0 0 217.59 8.389 47.95718965517242 58
200 0 0 0 217.59 8.389 47.95718965517242 58
210 0 0 0 217.59 8.389 47.95718965517242 58
220 0 0 0 217.59 8.389 47.95718965517242 58
230 0 0 0 217.59 8.389 47.95718965517242 58
240 0 0 0 217.59 8.389 47.95718965517242 58
250 0 0 0 217.59 8.389 47.95718965517242 58
260 0 0 0 217.59 8.389 47.95718965517242 58
270 0 0 0 217.59 8.389 47.95718965517242 58
280 0.2 1638.358 68.96299999999997 1707.321 8.389 47.95718965517242 58
290 1.1 1270.1352727272726 624.7819715420865 2261.846 8.389 100.97055 60
300 0.9 886.1466666666665 136.29084720878697 2261.846 8.389 282.10874647887323 71
310 0.2 0.5665 0.012499999999999956 2261.846 0.554 350.06301249999996 80
320 0.5 16762.005999999998 4697.5246236767725 22108.713 0.554 341.53870731707315 82
330 0.7 8942.43857142857 480.88181820896426 22108.713 0.554 1285.243724137931 87
340 0.1 19339.225 0.0 22108.713 0.554 1855.4603617021273 94
350 1.5 13339.932200000003 8245.719195187463 23573.322 0.554 2039.499989473684 95
360 0.7 1781.1968571428572 305.15922977330507 23573.322 0.554 3580.4680181818185 110
370 0.1 16375.243 0.0 23573.322 0.554 3472.819316239317 117
380 0 0 0 23573.322 0.554 3582.161889830509 118
390 0.1 27888.849 0.0 27888.849 0.554 3582.161889830509 118
400 0.1 22169.174 0.0 27888.849 0.554 3786.4197647058827 119
410 0 0 0 27888.849 0.554 3939.609383333334 120
420 0.1 6563.561 0.0 27888.849 0.554 3939.609383333334 120
430 0 0 0 27888.849 0.554 3961.2949338842977 121
440 0 0 0 27888.849 0.554 3961.2949338842977 121
450 0 0 0 27888.849 0.554 3961.2949338842977 121
460 0 0 0 27888.849 0.554 3961.2949338842977 121
470 0 0 0 27888.849 0.554 3961.2949338842977 121
480 0 0 0 27888.849 0.554 3961.2949338842977 121
490 0 0 0 27888.849 0.554 3961.2949338842977 121
500 0 0 0 27888.849 0.554 3961.2949338842977 121
510 0 0 0 27888.849 0.554 3961.2949338842977 121
520 0 0 0 27888.849 0.554 3961.2949338842977 121
530 0.7 0.7284285714285714 0.4769470941438315 27888.849 0.495 3961.2949338842977 121
540 6.2 76.35735483870968 415.1346128257715 27888.849 0.473 3744.701453125 128
550 3.4 0.9927941176470589 1.1795608549598586 27888.849 0.473 2547.662852631579 190
560 0.6 6151.804666666667 8698.362797853086 27888.849 0.473 2161.11471875 224
570 0.4 33573.1985 624.1353309140974 34188.058 0.473 2265.2196739130436 230
580 0.1 11374.624 0.0 34188.058 0.473 2800.398799145299 234
590 0.7 11920.886571428573 1814.0026174666 34188.058 0.473 2836.8848638297873 235
600 1.3 8944.389000000001 1432.0107906653498 34188.058 0.473 3099.6452438016527 242
610 0.4 6760.62875 1479.247108374286 34188.058 0.473 3397.6125725490197 255
620 0.2 11037.8835 3.4575000000004366 34188.058 0.473 3449.5510463320466 259
630 0.1 26369.191 0.0 34188.058 0.473 3507.6991877394635 261
640 0.1 34275.147 0.0 34275.147 0.473 3594.956790076336 262
650 0.3 41827.636999999995 2685.26273411945 43906.543 0.473 3711.611505703422 263
660 0 0 0 43906.543 0.473 4141.491492481203 266
670 0.6 14615.2215 7893.222136068531 43906.543 0.473 4141.491492481203 266
680 0 0 0 43906.543 0.473 4372.529654411765 272
690 0 0 0 43906.543 0.473 4372.529654411765 272
700 0 0 0 43906.543 0.473 4372.529654411765 272
710 0 0 0 43906.543 0.473 4372.529654411765 272
720 0 0 0 43906.543 0.473 4372.529654411765 272
730 0 0 0 43906.543 0.473 4372.529654411765 272
740 0 0 0 43906.543 0.473 4372.529654411765 272
750 0 0 0 43906.543 0.473 4372.529654411765 272
760 3.9 138.5131538461538 477.6576384281378 43906.543 0.46 4372.529654411765 272
770 16 0.6729812500000003 0.8111177278289743 43906.543 0.432 3841.575816720257 311
780 2.5 616.5262399999998 3014.245618564516 43906.543 0.432 2536.810522292993 471
790 0.4 7349.72625 12729.154741755605 43906.543 0.432 2440.0219999999995 496
800 0.1 0.534 0.0 43906.543 0.432 2479.2996339999995 500
810 0.1 41795.783 0.0 43906.543 0.432 2474.3519980039914 501
820 0.4 38873.077 14361.068547998768 58217.034 0.432 2552.681541832669 502
830 0.6 6606.642 3468.2166183251397 58217.034 0.432 2839.799292490118 506
840 0 0 0 58217.034 0.432 2883.9419804687495 512
850 0 0 0 58217.034 0.432 2883.9419804687495 512
860 0 0 0 58217.034 0.432 2883.9419804687495 512
870 0 0 0 58217.034 0.432 2883.9419804687495 512
880 0 0 0 58217.034 0.432 2883.9419804687495 512
890 0.4 59687.98125 403.18957640257383 60003.454 0.432 2883.9419804687495 512
900 0.2 13771.5235 401.8614999999995 60003.454 0.432 3324.2833701550385 516
910 0.2 17902.512 2439.555 60003.454 0.432 3364.620204633204 518
920 0.1 28251.807 0.0 60003.454 0.432 3420.5351730769225 520
930 0.2 38206.269499999995 95.91150000000016 60003.454 0.432 3468.1959635316693 521
940 0 0 0 60003.454 0.432 3601.037544933078 523
950 0.1 56358.998 0.0 60003.454 0.432 3601.037544933078 523
960 0.1 55959.083 0.0 60003.454 0.432 3701.7206755725188 524
970 1.3 8061.71146153846 7977.0483812892135 60003.454 0.432 3801.2585085714286 525
980 0 0 0 60003.454 0.432 3904.206256505576 538
990 0 0 0 60003.454 0.432 3904.206256505576 538
1000 0 0 0 60003.454 0.432 3904.206256505576 538
1010 0 0 0 60003.454 0.432 3904.206256505576 538
1020 3.4 1.5151764705882353 2.409555688486356 60003.454 0.432 3904.206256505576 538
1030 31.5 90.39619047619047 768.9543880255909 60003.454 0.432 3672.228115384615 572
1040 17.3 86.41990173410404 1124.6409319522081 60003.454 0.432 2400.213395715896 887
1050 2.2 0.9381363636363639 1.7081473029799528 60003.454 0.432 2022.5848349056603 1060
1060 0.2 0.636 0.007000000000000006 60003.454 0.432 1981.4792643253234 1082
1070 0 0 0 60003.454 0.432 1977.8245719557192 1084
1080 0.2 55064.1625 10.1875 60003.454 0.432 1977.8245719557192 1084
1090 1.7 20688.352529411768 19642.118629836674 60003.454 0.432 2075.5894668508286 1086
1100 0.5 5998.6906 2353.3884918951735 60003.454 0.432 2362.4588884859477 1103
1110 0.2 13761.9705 2.2335000000002765 60003.454 0.432 2378.867876353791 1108
1120 0 0 0 60003.454 0.432 2399.3779711711713 1110
1130 0.2 36612.307499999995 193.44650000000365 60003.454 0.432 2399.3779711711713 1110
1140 0.2 44747.719 760.6309999999994 60003.454 0.432 2460.9120170863316 1112
1150 0.2 51983.984500000006 2.2584999999980937 60003.454 0.432 2536.8308806104137 1114
1160 0.5 6949.7592 1991.6185052290916 60003.454 0.432 2625.445851254481 1116
1170 0.3 3764.5266666666666 1625.8039117124658 60003.454 0.432 2644.733600356825 1121
1180 0 0 0 60003.454 0.432 2647.7223718861214 1124
1190 0 0 0 60003.454 0.432 2647.7223718861214 1124
1200 0 0 0 60003.454 0.432 2647.7223718861214 1124
1210 0 0 0 60003.454 0.432 2647.7223718861214 1124
1220 0 0 0 60003.454 0.432 2647.7223718861214 1124
1222 0 0 0 60003.454 0.432 2647.7223718861214 1124
