20 0.1 138.432 0 138.432 138.432 0 0
30 0.1 139.615 0.0 139.615 138.432 138.432 1
40 0 0 0 139.615 138.432 139.0235 2
50 0 0 0 139.615 138.432 139.0235 2
60 0 0 0 139.615 138.432 139.0235 2
70 0.4 145.634 9.670013779721305 160.941 136.343 139.0235 2
80 0.3 137.03766666666664 4.610628470055777 160.941 133.158 143.4305 6
90 0 0 0 160.941 133.158 141.29955555555554 9
100 0 0 0 160.941 133.158 141.29955555555554 9
110 0 0 0 160.941 133.158 141.29955555555554 9
120 0 0 0 160.941 133.158 141.29955555555554 9
130 0 0 0 160.941 133.158 141.29955555555554 9
140 0 0 0 160.941 133.158 141.29955555555554 9
150 0.3 241.99300000000002 60.01914429579947 289.912 133.158 141.29955555555554 9
160 0.6 150.35233333333335 9.903241669047349 289.912 133.158 166.47291666666666 12
170 0.2 139.9125 0.727499999999992 289.912 133.158 161.09938888888888 18
180 0 0 0 289.912 133.158 158.98069999999998 20
190 0 0 0 289.912 133.158 158.98069999999998 20
200 0 0 0 289.912 133.158 158.98069999999998 20
210 0 0 0 289.912 133.158 158.98069999999998 20
220 0 0 0 289.912 133.158 158.98069999999998 20
230 0 0 0 289.912 133.158 158.98069999999998 20
240 0 0 0 289.912 133.158 158.98069999999998 20
250 0 0 0 289.912 133.158 158.98069999999998 20
260 0 0 0 289.912 133.158 158.98069999999998 20
270 0 0 0 289.912 133.158 158.98069999999998 20
280 0.1 239.946 0.0 289.912 133.158 158.98069999999998 20
290 0.5 1358.2806 364.6776271035008 1800.052 133.158 162.83619047619044 21
300 0.6 546.345 406.25028039456987 1800.052 0.61 392.72934615384617 26
310 0.3 6294.339666666667 8900.611384477861 18881.705 0.61 421.53228125 32
320 0.3 22278.49066666667 1048.9726178861338 23327.937 0.61 924.9157714285715 35
330 0 0 0 23327.937 0.61 2610.7243157894736 38
340 0.1 14962.839 0.0 23327.937 0.61 2610.7243157894736 38
350 0.6 13861.81633333333 7468.0485487497035 23327.937 0.61 2927.4452051282055 39
360 0.1 2943.497 0.0 23327.937 0.61 4385.361355555556 45
370 0.1 9781.148 0.0 23327.937 0.61 4354.01647826087 46
380 0 0 0 23327.937 0.61 4469.487361702128 47
390 0.5 27302.680200000003 1759.3586887737702 30819.273 0.61 4469.487361702128 47
400 0 0 0 30819.273 0.61 6664.986673076924 52
410 0 0 0 30819.273 0.61 6664.986673076924 52
420 0 0 0 30819.273 0.61 6664.986673076924 52
430 0 0 0 30819.273 0.61 6664.986673076924 52
440 0 0 0 30819.273 0.61 6664.986673076924 52
450 0 0 0 30819.273 0.61 6664.986673076924 52
460 0 0 0 30819.273 0.61 6664.986673076924 52
470 0 0 0 30819.273 0.61 6664.986673076924 52
480 0 0 0 30819.273 0.61 6664.986673076924 52
490 0 0 0 30819.273 0.61 6664.986673076924 52
500 0 0 0 30819.273 0.61 6664.986673076924 52
510 0 0 0 30819.273 0.61 6664.986673076924 52
520 0 0 0 30819.273 0.61 6664.986673076924 52
530 0.1 0.497 0.0 30819.273 0.497 6664.986673076924 52
540 1.7 734.0222352941178 1001.0511988700872 30819.273 0.45 6539.241584905661 53
550 1.5 0.6706666666666664 0.14213217635551614 30819.273 0.45 5129.4026 70
560 0 0 0 30819.273 0.45 4224.33225882353 85
570 0.3 33944.405 175.41682772375995 34161.722 0.45 4224.33225882353 85
580 0.1 33257.941 0.0 34161.722 0.45 5237.516556818183 88
590 0.2 13553.8875 366.6505000000002 34161.722 0.45 5552.352786516855 89
600 0 0 0 34161.722 0.45 5728.2106923076935 91
610 0.4 6775.00025 454.2138781352763 34161.722 0.45 5728.2106923076935 91
620 0 0 0 34161.722 0.45 5772.286042105265 95
630 0 0 0 34161.722 0.45 5772.286042105265 95
640 0 0 0 34161.722 0.45 5772.286042105265 95
650 0.1 37684.282 0.0 37684.282 0.45 5772.286042105265 95
660 0.1 43411.595 0.0 43411.595 0.45 6104.702666666668 96
670 0.1 13651.224 0.0 43411.595 0.45 6489.309804123713 97
680 0 0 0 43411.595 0.45 6562.390561224492 98
690 0 0 0 43411.595 0.45 6562.390561224492 98
700 0 0 0 43411.595 0.45 6562.390561224492 98
710 0 0 0 43411.595 0.45 6562.390561224492 98
720 0 0 0 43411.595 0.45 6562.390561224492 98
730 0 0 0 43411.595 0.45 6562.390561224492 98
740 0 0 0 43411.595 0.45 6562.390561224492 98
750 0 0 0 43411.595 0.45 6562.390561224492 98
760 1.1 274.50072727272726 580.076007554667 43411.595 0.434 6562.390561224492 98
770 5.8 0.6007241379310346 0.4794853128923025 43411.595 0.418 5927.832871559634 109
780 1.4 0.7149285714285716 0.419579800733631 43411.595 0.418 3869.273203592815 167
790 0.4 0.683 0.03722230514086951 43411.595 0.418 3570.047701657459 181
800 0 0 0 43411.595 0.418 3492.872248648649 185
810 0 0 0 43411.595 0.418 3492.872248648649 185
820 0.1 57351.131 0.0 57351.131 0.418 3492.872248648649 185
830 0.3 11030.574666666667 5771.665771120172 57351.131 0.418 3782.432779569893 186
840 0.1 9007.634 0.0 57351.131 0.418 3897.4826507936514 189
850 0 0 0 57351.131 0.418 3924.378184210527 190
860 0 0 0 57351.131 0.418 3924.378184210527 190
870 0 0 0 57351.131 0.418 3924.378184210527 190
880 0 0 0 57351.131 0.418 3924.378184210527 190
890 0 0 0 57351.131 0.418 3924.378184210527 190
900 0 0 0 57351.131 0.418 3924.378184210527 190
910 0.1 14996.332 0.0 57351.131 0.418 3924.378184210527 190
920 0 0 0 57351.131 0.418 3982.3465287958124 191
930 0.1 37029.888 0.0 57351.131 0.418 3982.3465287958124 191
940 0 0 0 57351.131 0.418 4154.469140625001 192
950 0 0 0 57351.131 0.418 4154.469140625001 192
960 0.1 58192.468 0.0 58192.468 0.418 4154.469140625001 192
970 0.3 5953.066333333333 5202.68182230436 58192.468 0.418 4434.458772020726 193
980 0 0 0 58192.468 0.418 4457.702765306123 196
990 0 0 0 58192.468 0.418 4457.702765306123 196
1000 0 0 0 58192.468 0.418 4457.702765306123 196
1010 0 0 0 58192.468 0.418 4457.702765306123 196
1020 1.1 257.7693636363636 543.8616478584626 58192.468 0.418 4457.702765306123 196
1030 9.1 0.6328681318681318 0.36016111195802314 58192.468 0.402 4234.517898550725 207
1040 7.5 0.70516 0.5767315040236083 58192.468 0.402 2941.620120805369 298
1050 1.3 0.628923076923077 0.07562708259150136 58192.468 0.402 2350.2833324396784 373
1060 0.1 0.857 0.0 58192.468 0.402 2271.1498937823835 386
1070 0 0 0 58192.468 0.402 2265.283503875969 387
1080 0 0 0 58192.468 0.402 2265.283503875969 387
1090 0.4 25768.395249999998 22688.53728045915 58192.468 0.402 2265.283503875969 387
1100 0.1 3759.322 0.0 58192.468 0.402 2505.7245447570335 391
1110 0 0 0 58192.468 0.402 2508.9224974489803 392
1120 0 0 0 58192.468 0.402 2508.9224974489803 392
1130 0 0 0 58192.468 0.402 2508.9224974489803 392
1140 0.1 45552.017 0.0 58192.468 0.402 2508.9224974489803 392
1150 0.2 51799.054 224.46399999999994 58192.468 0.402 2618.4469109414767 393
1160 0.1 56264.925 0.0 58192.468 0.402 2867.462643037976 395
1170 0.2 986.0340000000001 846.423 58192.468 0.402 3002.304719696971 396
1180 0 0 0 58192.468 0.402 2992.172706030152 398
1190 0 0 0 58192.468 0.402 2992.172706030152 398
1200 0 0 0 58192.468 0.402 2992.172706030152 398
1210 0 0 0 58192.468 0.402 2992.172706030152 398
1220 0 0 0 58192.468 0.402 2992.172706030152 398
1222 0 0 0 58192.468 0.402 2992.172706030152 398
