10 0.3 89.17566666666666 18.983502773607288 114.697 69.2 0 0
20 0 0 0 114.697 69.2 89.17566666666666 3
30 0 0 0 114.697 69.2 89.17566666666666 3
40 0 0 0 114.697 69.2 89.17566666666666 3
50 0 0 0 114.697 69.2 89.17566666666666 3
60 0.1 171.02 0.0 171.02 69.2 89.17566666666666 3
70 0.5 103.33580000000002 14.927384411208807 171.02 69.2 109.63675 4
80 0.8 129.825625 61.10483931927465 288.82 69.2 106.13622222222223 9
90 0 0 0 288.82 69.2 117.28417647058825 17
100 0 0 0 288.82 69.2 117.28417647058825 17
110 0 0 0 288.82 69.2 117.28417647058825 17
120 0 0 0 288.82 69.2 117.28417647058825 17
130 0 0 0 288.82 69.2 117.28417647058825 17
140 0 0 0 288.82 69.2 117.28417647058825 17
150 0.9 297.6442222222222 241.8892297288978 872.38 69.2 117.28417647058825 17
160 0.8 165.90712499999998 40.298411796984944 872.38 69.2 179.7165 26
170 0.2 125.15700000000001 7.873000000000001 872.38 69.2 176.46723529411764 34
180 0.1 146.196 0.0 872.38 69.2 173.61666666666667 36
190 0 0 0 872.38 69.2 172.87556756756757 37
200 0 0 0 872.38 69.2 172.87556756756757 37
210 0 0 0 872.38 69.2 172.87556756756757 37
220 0 0 0 872.38 69.2 172.87556756756757 37
230 0 0 0 872.38 69.2 172.87556756756757 37
240 0 0 0 872.38 69.2 172.87556756756757 37
250 0 0 0 872.38 69.2 172.87556756756757 37
260 0 0 0 872.38 69.2 172.87556756756757 37
270 0 0 0 872.38 69.2 172.87556756756757 37
280 0 0 0 872.38 69.2 172.87556756756757 37
290 0.4 1287.997 211.28015266820503 1505.262 69.2 172.87556756756757 37
300 0.4 838.0705 510.86073151618336 1505.262 0.652 281.6679024390244 41
310 0.3 6345.658 8973.179396555197 19035.65 0.598 331.1259111111111 45
320 0.6 22509.254666666664 1290.7729243424503 24112.33 0.598 707.0341666666667 48
330 0.1 7170.985 0.0 24112.33 0.598 3129.503111111111 54
340 0 0 0 24112.33 0.598 3202.9846 55
350 1 16712.6604 7038.8152202226065 24249.604 0.598 3202.9846 55
360 0.1 4718.201 0.0 24249.604 0.598 5281.396261538462 65
370 0 0 0 24249.604 0.598 5272.862999999999 66
380 0.2 21791.7895 3486.9845000000014 25278.774 0.598 5272.862999999999 66
390 0.3 26487.078666666668 311.4544056704854 26897.59 0.598 5758.713779411765 68
400 0.5 25063.6462 3690.5049261869513 31911.36 0.598 6634.5601830985925 71
410 0 0 0 31911.36 0.598 7847.00005263158 76
420 0.1 16037.359 0.0 31911.36 0.598 7847.00005263158 76
430 0 0 0 31911.36 0.598 7953.368350649353 77
440 0 0 0 31911.36 0.598 7953.368350649353 77
450 0 0 0 31911.36 0.598 7953.368350649353 77
460 0 0 0 31911.36 0.598 7953.368350649353 77
470 0 0 0 31911.36 0.598 7953.368350649353 77
480 0 0 0 31911.36 0.598 7953.368350649353 77
490 0 0 0 31911.36 0.598 7953.368350649353 77
500 0 0 0 31911.36 0.598 7953.368350649353 77
510 0 0 0 31911.36 0.598 7953.368350649353 77
520 0 0 0 31911.36 0.598 7953.368350649353 77
530 0.5 1004.3948 2006.3919012135589 31911.36 0.488 7953.368350649353 77
540 2.5 390.87147999999985 902.1078191675813 31911.36 0.468 7529.650451219514 82
550 2.1 0.6897142857142858 0.34236045372108737 31911.36 0.451 5861.711439252338 107
560 1.2 0.6464166666666666 0.09121902061643843 31911.36 0.451 4900.137562500002 128
570 0.5 13719.7794 16803.234093474322 34659.289 0.451 4480.18117857143 140
580 0.5 28069.332199999997 8804.432519568569 34985.239 0.451 4798.788013793105 145
590 0.3 11053.963000000002 1452.4202394954432 34985.239 0.451 5574.472820000001 150
600 0.9 8717.334444444445 1634.7419615753913 34985.239 0.451 5681.9138039215695 153
610 0.4 7007.628000000001 917.5136747455052 34985.239 0.451 5850.5482839506185 162
620 0.2 12302.4155 15.625499999998738 34985.239 0.451 5878.4297228915675 166
630 0.1 26085.636 0.0 34985.239 0.451 5954.905744047621 168
640 0.1 36157.147 0.0 36157.147 0.451 6074.022491124261 169
650 0.2 41185.701 3315.898000000001 44501.599 0.451 6250.982047058824 170
660 0.4 44078.96475 1170.4446081187223 45377.859 0.451 6657.1997093023265 172
670 0.3 21882.528000000002 15267.853567703636 45377.859 0.451 7507.694369318182 176
680 0 0 0 45377.859 0.451 7748.613368715084 179
690 0 0 0 45377.859 0.451 7748.613368715084 179
700 0 0 0 45377.859 0.451 7748.613368715084 179
710 0 0 0 45377.859 0.451 7748.613368715084 179
720 0 0 0 45377.859 0.451 7748.613368715084 179
730 0 0 0 45377.859 0.451 7748.613368715084 179
740 0 0 0 45377.859 0.451 7748.613368715084 179
750 0 0 0 45377.859 0.451 7748.613368715084 179
760 1.2 370.257 859.0793710144017 45377.859 0.417 7748.613368715084 179
770 7.9 27.577329113924037 238.86114608567047 45377.859 0.399 7285.051712041885 191
780 4.6 0.6118913043478259 0.29545758382114534 45377.859 0.38 5161.568466666667 270
790 0.5 2.9429999999999996 4.611086596454245 45377.859 0.38 4410.289977848101 316
800 0.1 1.445 0.0 45377.859 0.38 4341.63971339564 321
810 0.2 24621.8865 24621.1815 49243.068 0.38 4328.160847826089 322
820 0.5 49500.6262 9687.4785961933 58404.144 0.38 4453.430759259261 324
830 0.3 8678.634666666667 7723.0175512080905 58404.144 0.38 5138.038592705169 329
840 0 0 0 58404.144 0.38 5170.031930722894 332
850 0 0 0 58404.144 0.38 5170.031930722894 332
860 0 0 0 58404.144 0.38 5170.031930722894 332
870 0 0 0 58404.144 0.38 5170.031930722894 332
880 0 0 0 58404.144 0.38 5170.031930722894 332
890 0.3 59447.69733333334 69.14044478370744 59528.186 0.38 5170.031930722894 332
900 0.3 57770.66766666667 3158.4110025110554 60004.242 0.38 5656.100576119405 335
910 0.1 20445.939 0.0 60004.242 0.38 6118.655905325446 338
920 0.1 28299.1 0.0 60004.242 0.38 6160.919277286138 339
930 0 0 0 60004.242 0.38 6226.031573529414 340
940 0 0 0 60004.242 0.38 6226.031573529414 340
950 0 0 0 60004.242 0.38 6226.031573529414 340
960 0.4 58440.10425 904.8838364211139 60004.242 0.38 6226.031573529414 340
970 0.6 15602.21166666667 18538.196282510045 60004.242 0.38 6833.171953488374 344
980 0 0 0 60004.242 0.38 6983.498348571431 350
990 0.1 133.734 0.0 60004.242 0.38 6983.498348571431 350
1000 0 0 0 60004.242 0.38 6963.983350427353 351
1010 0 0 0 60004.242 0.38 6963.983350427353 351
1020 1.3 152.7268461538461 525.8931980436633 60004.242 0.38 6963.983350427353 351
1030 12.2 13.9417213114754 142.49853630391573 60004.242 0.38 6720.724189560442 364
1040 13.8 0.6650797101449271 0.836739029680832 60004.242 0.38 5037.128590534981 486
1050 4.2 0.9226190476190477 1.3469894288902011 60004.242 0.38 3923.2953141025655 624
1060 0.4 0.61975 0.06583074889441863 60004.242 0.38 3675.938477477479 666
1070 0 0 0 60004.242 0.38 3653.9962761194042 670
1080 0 0 0 60004.242 0.38 3653.9962761194042 670
1090 1.1 23921.997545454546 20709.392707178806 60004.242 0.38 3653.9962761194042 670
1100 0.5 7598.5168 2306.2654153526564 60004.242 0.38 3981.3795565345094 681
1110 0 0 0 60004.242 0.38 4007.743530612246 686
1120 0 0 0 60004.242 0.38 4007.743530612246 686
1130 0 0 0 60004.242 0.38 4007.743530612246 686
1140 0.1 45495.376 0.0 60004.242 0.38 4007.743530612246 686
1150 0.5 51882.27560000001 140.99464327498683 60004.242 0.38 4068.1330975254746 687
1160 0.5 35200.9208 21748.394484201424 60004.242 0.38 4413.611005780348 692
1170 0.5 2770.4474 1828.7009876503703 60004.242 0.38 4634.466886657103 697
1180 0 0 0 60004.242 0.38 4621.190394586896 702
1190 0 0 0 60004.242 0.38 4621.190394586896 702
1200 0 0 0 60004.242 0.38 4621.190394586896 702
1210 0 0 0 60004.242 0.38 4621.190394586896 702
1220 0 0 0 60004.242 0.38 4621.190394586896 702
1222 0 0 0 60004.242 0.38 4621.190394586896 702
