0 0.9 31.515222222222228 19.758480400283702 82.9 11.425 0 0
10 1.2 48.723583333333345 34.169620201914086 160.665 11.425 31.515222222222228 9
20 0.8 45.07487499999999 7.976109882604115 160.665 11.425 41.34857142857144 21
30 0.1 39.104 0.0 160.665 11.425 42.37651724137932 29
40 0 0 0 160.665 11.425 42.267433333333344 30
50 0 0 0 160.665 11.425 42.267433333333344 30
60 0.7 17.20342857142857 9.984350638547777 160.665 9.656 42.267433333333344 30
70 3.9 55.03035897435898 43.67110272896077 191.66 9.656 37.5255945945946 37
80 1.3 82.46961538461538 83.68359837418603 323.367 9.656 46.50830263157895 76
90 0.1 52.076 0.0 323.367 9.656 51.7610786516854 89
100 0 0 0 323.367 9.656 51.76457777777779 90
110 0 0 0 323.367 9.656 51.76457777777779 90
120 0 0 0 323.367 9.656 51.76457777777779 90
130 0 0 0 323.367 9.656 51.76457777777779 90
140 1.1 43.05927272727273 41.131659598042674 323.367 9.656 51.76457777777779 90
150 7.2 173.6234583333333 206.24285380959515 951.809 9.656 50.816475247524764 101
160 3 101.31726666666664 100.61968815758122 951.809 9.656 101.92689595375722 173
170 0.3 40.12866666666667 2.4957211827891 951.809 9.656 101.83680295566502 203
180 0 0 0 951.809 9.656 100.93814077669902 206
190 0 0 0 951.809 9.656 100.93814077669902 206
200 0 0 0 951.809 9.656 100.93814077669902 206
210 0 0 0 951.809 9.656 100.93814077669902 206
220 0 0 0 951.809 9.656 100.93814077669902 206
230 0 0 0 951.809 9.656 100.93814077669902 206
240 0 0 0 951.809 9.656 100.93814077669902 206
250 0 0 0 951.809 9.656 100.93814077669902 206
260 0 0 0 951.809 9.656 100.93814077669902 206
270 0.2 15.177500000000002 4.9835 951.809 9.656 100.93814077669902 206
280 3.4 1813.0429117647057 1268.7105639818017 3501.012 9.656 100.11351923076921 208
290 12.7 1842.2818031496067 604.1472988049813 3501.012 9.656 340.77302066115703 242
300 2.2 688.3603181818183 356.2358877140241 3501.012 0.568 857.5524661246614 369
310 0.4 4768.916 8259.077007473868 19074.057 0.42 848.0327033248084 391
320 2.2 22284.94172727273 1026.6378208242827 23474.387 0.42 887.7378506329115 395
330 1.2 8957.936166666665 611.7544961563199 23474.387 0.42 2016.607119904077 417
340 0.1 19388.621 0.0 23474.387 0.42 2210.7701701631704 429
350 1.2 18711.5675 7282.747181985626 24261.807 0.42 2250.7186604651165 430
360 0 0 0 24261.807 0.42 2697.619533936652 442
370 0 0 0 24261.807 0.42 2697.619533936652 442
380 0 0 0 24261.807 0.42 2697.619533936652 442
390 0 0 0 24261.807 0.42 2697.619533936652 442
400 0 0 0 24261.807 0.42 2697.619533936652 442
410 0 0 0 24261.807 0.42 2697.619533936652 442
420 0 0 0 24261.807 0.42 2697.619533936652 442
430 0 0 0 24261.807 0.42 2697.619533936652 442
440 0 0 0 24261.807 0.42 2697.619533936652 442
450 0 0 0 24261.807 0.42 2697.619533936652 442
460 0 0 0 24261.807 0.42 2697.619533936652 442
470 0 0 0 24261.807 0.42 2697.619533936652 442
480 0 0 0 24261.807 0.42 2697.619533936652 442
490 0 0 0 24261.807 0.42 2697.619533936652 442
500 0 0 0 24261.807 0.42 2697.619533936652 442
510 0 0 0 24261.807 0.42 2697.619533936652 442
520 0.5 1403.4576 900.917020704704 24261.807 0.42 2697.619533936652 442
530 14.1 1307.5421063829776 1785.4217165913828 24261.807 0.392 2683.1434496644297 447
540 24.8 1001.2839274193544 1436.593487342493 24261.807 0.392 2353.2798622448977 588
550 2.7 691.8780370370371 2444.1688668666457 24261.807 0.392 1952.2092978468897 836
560 0.5 11090.2682 9054.773271128426 24261.807 0.392 1912.7783082271144 863
570 1.8 32914.189722222225 1179.4747452741565 34251.333 0.392 1965.644033410138 868
580 1.1 23291.69254545454 10599.807730812368 35018.851 0.392 2594.3955259593677 886
590 1.6 12758.569187499997 1742.2978383066854 35018.851 0.392 2848.208532887402 897
600 0.8 7546.04975 2162.300819289186 35018.851 0.392 3021.8840755750266 913
610 0 0 0 35018.851 0.392 3061.1819315960906 921
620 0 0 0 35018.851 0.392 3061.1819315960906 921
630 0 0 0 35018.851 0.392 3061.1819315960906 921
640 0 0 0 35018.851 0.392 3061.1819315960906 921
650 0 0 0 35018.851 0.392 3061.1819315960906 921
660 0 0 0 35018.851 0.392 3061.1819315960906 921
670 0 0 0 35018.851 0.392 3061.1819315960906 921
680 0 0 0 35018.851 0.392 3061.1819315960906 921
690 0 0 0 35018.851 0.392 3061.1819315960906 921
700 0 0 0 35018.851 0.392 3061.1819315960906 921
710 0 0 0 35018.851 0.392 3061.1819315960906 921
720 0 0 0 35018.851 0.392 3061.1819315960906 921
730 0 0 0 35018.851 0.392 3061.1819315960906 921
740 0 0 0 35018.851 0.392 3061.1819315960906 921
750 1.7 507.7732941176472 1048.649054726787 35018.851 0.392 3061.1819315960906 921
760 48.8 467.1090532786888 985.9984970043707 35018.851 0.368 3014.9048027718545 938
770 33.5 24.013447761194058 214.59036684625067 35018.851 0.368 2143.00836115007 1426
780 2 2302.70445 5480.276515098299 35018.851 0.368 1739.9059784213514 1761
790 0.3 19736.129333333334 13956.246590195622 35018.851 0.368 1746.2260061763054 1781
800 0.2 0.6525000000000001 0.007500000000000034 35018.851 0.368 1776.4780857623318 1784
810 0.5 40084.619999999995 20049.769815175117 50743.061 0.368 1774.4894792833147 1786
820 1.6 46467.5294375 16045.955524253251 58123.625 0.368 1881.4412674483528 1791
830 1.9 8700.555263157896 2540.257877009979 58123.625 0.368 2276.2267742114 1807
840 0.7 13212.792000000001 2156.2129193041856 58123.625 0.368 2343.073565717415 1826
850 0 0 0 58123.625 0.368 2384.5836743044188 1833
860 0 0 0 58123.625 0.368 2384.5836743044188 1833
870 0.1 46164.479 0.0 58123.625 0.368 2384.5836743044188 1833
880 0.5 53983.564399999996 455.3552820010337 58123.625 0.368 2408.4549367502727 1834
890 0.4 59876.10975 223.04211716890205 60006.387 0.368 2548.680900489396 1839
900 0.3 46953.989 17127.80702944871 60006.387 0.368 2673.10288388497 1843
910 0.2 15597.988 121.26900000000023 60006.387 0.368 2745.065320693391 1846
920 0 0 0 60006.387 0.368 2758.97541017316 1848
930 0 0 0 60006.387 0.368 2758.97541017316 1848
940 0.1 45219.992 0.0 60006.387 0.368 2758.97541017316 1848
950 0 0 0 60006.387 0.368 2781.93972417523 1849
960 0.1 57866.844 0.0 60006.387 0.368 2781.93972417523 1849
970 0 0 0 60006.387 0.368 2811.7153481081077 1850
980 0 0 0 60006.387 0.368 2811.7153481081077 1850
990 0 0 0 60006.387 0.368 2811.7153481081077 1850
1000 0 0 0 60006.387 0.368 2811.7153481081077 1850
1010 0.1 0.448 0.0 60006.387 0.368 2811.7153481081077 1850
1020 53.6 213.37366231343296 669.6881169038772 60006.387 0.368 2810.1965650999455 1851
1030 106.1 134.32918755890702 602.935788864148 60006.387 0.362 2227.0809069962293 2387
1040 20 410.2039400000001 2348.1915223705064 60006.387 0.362 1583.1106128190254 3448
1050 1.5 0.5809333333333334 0.04777233043881734 60006.387 0.362 1518.8065189144734 3648
1060 0.1 35941.449 0.0 60006.387 0.362 1512.5893789243785 3663
1070 0.7 35161.72871428571 14433.406250064503 60006.387 0.362 1521.9859017467245 3664
1080 0.5 54029.5608 2338.6060996162983 60006.387 0.362 1586.1314205938431 3671
1090 2 23542.9278 25285.500879130443 60006.387 0.362 1657.4636150707286 3676
1100 0.5 4684.3204 1039.3550497139274 60006.387 0.362 1775.8914515692634 3696
1110 0.2 13071.1165 525.1605 60006.387 0.362 1779.8206990002695 3701
1120 0 0 0 60006.387 0.362 1785.919157439913 3703
1130 0 0 0 60006.387 0.362 1785.919157439913 3703
1140 0 0 0 60006.387 0.362 1785.919157439913 3703
1150 0.1 51974.401 0.0 60006.387 0.362 1785.919157439913 3703
1160 0.2 25506.698 17775.443000000003 60006.387 0.362 1799.468963552915 3704
1170 0 0 0 60006.387 0.362 1812.2629349703177 3706
1180 0 0 0 60006.387 0.362 1812.2629349703177 3706
1190 0 0 0 60006.387 0.362 1812.2629349703177 3706
1200 0 0 0 60006.387 0.362 1812.2629349703177 3706
1210 0 0 0 60006.387 0.362 1812.2629349703177 3706
1220 0 0 0 60006.387 0.362 1812.2629349703177 3706
1222 0 0 0 60006.387 0.362 1812.2629349703177 3706
