0 0.1 1805.852 0 1805.852 1805.852 0 0
10 0.1 6175.498 0.0 6175.498 1805.852 1805.852 1
20 0.7 7250.155142857142 555.8891549895352 7950.432 1805.852 3990.6749999999997 2
30 0.2 10525.275000000001 279.4680000000003 10804.743 1805.852 6525.826222222222 9
40 1.2 6357.232333333333 4229.75014635895 10840.49 1433.834 7252.998727272728 11
50 0.3 1716.8046666666667 287.20823017145983 10840.49 1311.1 6785.642347826087 23
60 0 0 0 10840.49 1311.1 6200.776461538461 26
70 0.1 7150.717 0.0 10840.49 1311.1 6200.776461538461 26
80 0 0 0 10840.49 1311.1 6235.959444444445 27
90 0.1 18149.613 0.0 18149.613 1311.1 6235.959444444445 27
100 0.6 20512.747499999998 1843.0243858537478 22065.744 1311.1 6661.447071428572 28
110 0.9 19129.393777777776 1052.6408303869491 22065.744 1311.1 9105.794205882354 34
120 0.8 18722.677625000004 1570.3269331403524 22065.744 1311.1 11203.756906976745 43
130 1.6 14783.724999999993 3474.90678772965 22065.744 1311.1 12383.195450980395 51
140 0.1 1839.177 0.0 22065.744 1311.1 12956.45623880597 67
150 0.1 7128.767 0.0 22065.744 1311.1 12792.966838235294 68
160 0 0 0 22065.744 1311.1 12710.876985507246 69
170 0 0 0 22065.744 1311.1 12710.876985507246 69
180 0 0 0 22065.744 1311.1 12710.876985507246 69
190 0.1 41630.786 0.0 41630.786 1311.1 12710.876985507246 69
200 0.5 38255.5698 2300.0135395707057 41630.786 1311.1 13124.018542857142 70
210 0.3 35980.07766666667 1693.1728024365661 41630.786 1311.1 14799.455293333333 75
220 0.2 36744.5665 383.1765000000014 41630.786 1311.1 15614.094615384614 78
230 1.7 36607.19111764705 2345.225135963106 41630.786 1311.1 16142.356412499998 80
240 1.2 37817.11758333333 2406.0126235214852 43681.056 1311.1 19728.976927835047 97
250 0.6 36313.977 1680.4525962129946 43681.056 1311.1 21720.331862385316 109
260 0.8 32459.318374999995 1458.9991623887174 43681.056 1311.1 22481.739434782605 115
270 2.1 28563.99666666667 3257.900911593031 43681.056 1311.1 23130.687658536583 123
280 0 0 0 43681.056 1311.1 23923.04522222222 144
290 0 0 0 43681.056 1311.1 23923.04522222222 144
300 0.2 1.0835000000000001 0.2765 43681.056 0.807 23923.04522222222 144
310 0.1 0.945 0.0 43681.056 0.807 23595.34711643835 146
320 0 0 0 43681.056 0.807 23434.840979591834 147
330 0.1 47517.765 0.0 47517.765 0.807 23434.840979591834 147
340 0 0 0 47517.765 0.807 23597.563439189187 148
350 0 0 0 47517.765 0.807 23597.563439189187 148
360 0.1 60003.856 0.0 60003.856 0.807 23597.563439189187 148
370 0.1 60016.613 0.0 60016.613 0.807 23841.90097315436 149
380 0 0 0 60016.613 0.807 24083.06572 150
390 0.2 60005.9895 0.11549999999988358 60016.613 0.807 24083.06572 150
400 0.1 60000.01 0.0 60016.613 0.807 24555.735769736842 152
410 1 60000.42960000001 2.451736168517547 60016.613 0.807 24787.397692810457 153
420 4.4 60001.324840909096 2.206564987231184 60016.613 0.807 26947.706398773007 163
430 0.1 60004.921 0.0 60016.613 0.807 33973.59630917875 207
440 0.3 60002.352333333336 1.1198456242791182 60016.613 0.807 34098.74690865385 208
450 0.2 60005.1575 1.2595000000001164 60016.613 0.807 34467.044616113744 211
460 0.2 60001.8775 1.033499999999549 60016.613 0.807 34706.83910328639 213
470 0.8 60003.020625000005 2.1382582828963623 60016.613 0.807 34942.141786046515 215
480 4 60002.308 3.668162925770801 60022.15 0.807 35841.18676681615 223
490 0.9 60019.31599999999 38.61366012177498 60125.81 0.807 39515.882011406844 263
500 0.4 60003.687000000005 3.091402998640913 60125.81 0.807 40194.30445955883 272
510 0.8 38943.4885 11005.749982747495 60125.81 0.807 40481.39696014493 276
520 0 0 0 60125.81 0.807 40438.075595070426 284
530 0.4 2.3542500000000004 1.931538425064332 60125.81 0.651 40438.075595070426 284
540 5.5 1.4137454545454546 2.3999985395312367 60125.81 0.561 39876.46835416667 288
550 5.8 5.5360689655172415 21.14449889072974 60125.81 0.561 33482.50916034985 343
560 0.7 2.7612857142857146 3.226326204138417 60125.81 0.561 28640.45320199501 401
570 0 0 0 60125.81 0.561 28149.12025245098 408
580 0.1 57669.891 0.0 60125.81 0.561 28149.12025245098 408
590 0.6 59122.22766666667 914.1521381543772 60125.81 0.561 28221.29817603912 409
600 1.8 60001.95783333333 3.1679794691049086 60125.81 0.561 28668.05860240964 415
610 0.2 60000.1475 0.20049999999901047 60125.81 0.561 29970.622542725174 433
620 0.1 60004.804 0.0 60125.81 0.561 30108.689324137933 435
630 0 0 0 60125.81 0.561 30177.258394495413 436
640 0.1 60004.461 0.0 60125.81 0.561 30177.258394495413 436
650 0.6 60000.48133333333 0.8351270695072537 60125.81 0.561 30245.512862700227 437
660 3.7 60001.06732432431 2.9003222193226548 60125.81 0.561 30648.514693002257 443
670 1.5 60000.61093333333 2.144187133207734 60125.81 0.561 32911.10729166667 480
680 0.2 60003.171 0.6240000000016153 60125.81 0.561 33732.00134141414 495
690 0.1 60002.552 0.0 60125.81 0.561 33837.72033400403 497
700 0.1 60010.701 0.0 60125.81 0.561 33890.26015662651 498
710 0.5 60007.56480000001 2.8138320774360226 60125.81 0.561 33942.605729458926 499
720 0.9 59818.721222222215 533.8681341431655 60125.81 0.561 34201.18667261906 504
730 2.7 60005.7322962963 9.179197608017084 60125.81 0.561 34650.61710331385 513
740 1 30671.764999999996 23993.17032704957 60125.81 0.561 35918.37286296297 540
750 0 0 0 60125.81 0.561 35822.979992727276 550
760 7.4 1.8351081081081082 3.7538949378650512 60125.81 0.532 35822.979992727276 550
770 24.8 1.4603306451612899 2.161752898063671 60125.81 0.526 31574.959605769236 624
780 7.5 2.274960000000001 4.099259137746722 60125.81 0.526 22595.340545871564 872
790 0.7 4.3795714285714284 7.144867685611676 60125.81 0.526 20806.0270095037 947
800 0.1 2.253 0.0 60125.81 0.526 20653.39437631028 954
810 0.3 38104.22066666667 26948.896512935178 60125.81 0.526 20631.770144502625 955
820 3.6 40001.635111111114 28284.5489132995 60125.81 0.526 20686.4855427975 958
830 0.2 30000.7765 30000.161500000002 60125.81 0.526 21386.0281830986 994
840 0.1 60006.414 0.0 60125.81 0.526 21403.326874497998 996
850 0 0 0 60125.81 0.526 21442.04611935808 997
860 0 0 0 60125.81 0.526 21442.04611935808 997
870 0.1 60021.708 0.0 60125.81 0.526 21442.04611935808 997
880 2.2 60004.94659090908 1.6452200642850126 60125.81 0.526 21480.703095190387 998
890 4.5 58671.226822222234 8844.667091824682 60125.81 0.526 22311.618150980397 1020
900 0.1 60005.682 0.0 60125.81 0.526 23847.939644131464 1065
910 0 0 0 60125.81 0.526 23881.858727016894 1066
920 0 0 0 60125.81 0.526 23881.858727016894 1066
930 0.1 60018.712 0.0 60125.81 0.526 23881.858727016894 1066
940 0.1 60003.083 0.0 60125.81 0.526 23915.72644329898 1067
950 2.8 60003.95675000001 7.568588312536475 60125.81 0.526 23949.516102996266 1068
960 2.1 60002.70104761904 2.3504051216406467 60125.81 0.526 24870.614951642347 1096
970 0.2 60000.809 1.5380000000004657 60125.81 0.526 25531.11075111908 1117
980 0 0 0 60125.81 0.526 25592.718790884726 1119
990 0 0 0 60125.81 0.526 25592.718790884726 1119
1000 1.1 36757.47363636363 6640.486145763497 60125.81 0.526 25592.718790884726 1119
1010 0.2 1479.547 128.77700000000004 60125.81 0.526 25701.40224513275 1130
1020 7.5 2.117773333333334 3.3872754383558608 60125.81 0.526 25658.607447879866 1132
1030 48.9 11.918779141104286 39.93998824120842 60125.81 0.526 24064.37652361227 1207
1040 31.5 3.111419047619049 9.381060089127857 60125.81 0.526 17129.440298938687 1696
1050 4.4 2.065522727272727 3.2222947250271843 60125.81 0.526 14446.798032819499 2011
1060 0.1 3.344 0.0 60125.81 0.526 14137.519088564482 2055
1070 0.2 51478.6475 1733.625500000002 60125.81 0.526 14130.644489785998 2056
1080 2.1 54120.44747619048 17574.679244254694 60125.81 0.526 14166.939925170076 2058
1090 4.3 27907.96079069767 29926.048374728143 60125.81 0.526 14570.510708513715 2079
1100 0.6 59999.98683333333 2.9694669789180668 60125.81 0.526 14840.779489632429 2122
1110 0 0 0 60125.81 0.526 14968.108081766924 2128
1120 0 0 0 60125.81 0.526 14968.108081766924 2128
1130 0 0 0 60125.81 0.526 14968.108081766924 2128
1140 0.3 60005.60566666667 10.785116915864798 60125.81 0.526 14968.108081766924 2128
1150 3.8 60000.4862368421 9.401092068238283 60125.81 0.526 15031.511410136094 2131
1160 0.9 59999.722444444444 2.269586115531082 60125.81 0.526 15819.349604426012 2169
1170 0.2 59999.6615 0.18549999999959255 60125.81 0.526 16001.913128558317 2178
1180 0 0 0 60125.81 0.526 16042.278035321107 2180
1190 0 0 0 60125.81 0.526 16042.278035321107 2180
1200 0 0 0 60125.81 0.526 16042.278035321107 2180
1210 3.4 50063.94847058825 9818.671677003293 60125.81 0.526 16042.278035321107 2180
1220 0.4 1645.29 305.92576842838844 60125.81 0.526 16564.742712285464 2214
1222 0 0 0 60125.81 0.526 16537.83657574392 2218
