0 2.1 21
10 0.9 30
20 0 30
30 0 30
40 0 30
50 0 30
60 4.3 73
70 1.7 90
80 0 90
90 0 90
100 0 90
110 0 90
120 0 90
130 0 90
140 6.1 151
150 5.5 206
160 0 206
170 0 206
180 0 206
190 0 206
200 0 206
210 0 206
220 0 206
230 0 206
240 0 206
250 0 206
260 0 206
270 5.4 260
280 15.8 418
290 2.4 442
300 0 442
310 0 442
320 0 442
330 0 442
340 0 442
350 0 442
360 0 442
370 0 442
380 0 442
390 0 442
400 0 442
410 0 442
420 0 442
430 0 442
440 0 442
450 0 442
460 0 442
470 0 442
480 0 442
490 0 442
500 0 442
510 0 442
520 27.3 715
530 20.6 921
540 0 921
550 0 921
560 0 921
570 0 921
580 0 921
590 0 921
600 0 921
610 0 921
620 0 921
630 0 921
640 0 921
650 0 921
660 0 921
670 0 921
680 0 921
690 0 921
700 0 921
710 0 921
720 0 921
730 0 921
740 0 921
750 53.8 1459
760 39.1 1850
770 0 1850
780 0 1850
790 0 1850
800 0 1850
810 0 1850
820 0 1850
830 0 1850
840 0 1850
850 0 1850
860 0 1850
870 0 1850
880 0 1850
890 0 1850
900 0 1850
910 0 1850
920 0 1850
930 0 1850
940 0 1850
950 0 1850
960 0 1850
970 0 1850
980 0 1850
990 0 1850
1000 0 1850
1010 42.8 2278
1020 122.4 3502
1030 20.4 3706
1040 0 3706
1050 0 3706
1060 0 3706
1070 0 3706
1080 0 3706
1090 0 3706
1100 0 3706
1110 0 3706
1120 0 3706
1130 0 3706
1140 0 3706
1150 0 3706
1160 0 3706
1170 0 3706
1180 0 3706
1190 0 3706
1200 0 3706
1210 0 3706
1220 0 3706
1222 0 3706
