0 0.1 0.028198330388232204 0 0.028198330388232204 0.028198330388232204 0 0
10 0.1 0.011451057140775133 0.0 0.028198330388232204 0.011451057140775133 0.028198330388232204 1
20 0.1 0.017697272537997088 0.0 0.028198330388232204 0.011451057140775133 0.01982469376450367 2
30 0.1 0.006246746486205101 0.0 0.028198330388232204 0.006246746486205101 0.01911555335566814 3
40 0.1 0.003122788025148853 0.0 0.028198330388232204 0.003122788025148853 0.01589835163830238 4
50 0.1 0.010410918971817642 0.0 0.028198330388232204 0.003122788025148853 0.013343238915671676 5
60 0.1 0.01561491536715871 0.0 0.028198330388232204 0.003122788025148853 0.012854518925029338 6
70 0.1 0.03643518181155724 0.0 0.03643518181155724 0.003122788025148853 0.013248861273904964 7
80 0.1 0.018737898440590452 0.0 0.03643518181155724 0.003122788025148853 0.0161471513411115 8
90 0.1 0.002082248828735034 0.0 0.03643518181155724 0.002082248828735034 0.016435012129942493 9
100 0.1 0.023943867246871683 0.0 0.03643518181155724 0.002082248828735034 0.014999735799821747 10
110 0.1 0.05413677865345174 0.0 0.05413677865345174 0.002082248828735034 0.015812838658644468 11
120 0.1 0.04893590437716047 0.0 0.05413677865345174 0.002082248828735034 0.019006500324878408 12
130 0.1 0.016657296937139524 0.0 0.05413677865345174 0.002082248828735034 0.021308762175053952 13
140 0.1 0.0031227230144686164 0.0 0.05413677865345174 0.002082248828735034 0.020976514658060063 14
150 0.1 0.014578473842052648 0.0 0.05413677865345174 0.002082248828735034 0.019786261881820637 15
160 0.1 0.036439733885829106 0.0 0.05413677865345174 0.002082248828735034 0.019460775129335136 16
170 0.1 0.02915269766570185 0.0 0.05413677865345174 0.002082248828735034 0.020459537409128897 17
180 0.1 0.029154518950437316 0.0 0.05413677865345174 0.002082248828735034 0.02094249075671628 18
190 0.1 0.04996460840238165 0.0 0.05413677865345174 0.002082248828735034 0.021374702766912123 19
200 0.1 0.048933356932399086 0.0 0.05413677865345174 0.002082248828735034 0.022804198048685602 20
210 0.1 0.04789970218880813 0.0 0.05413677865345174 0.002082248828735034 0.024048443709814817 21
220 0.1 0.014573769297232024 0.0 0.05413677865345174 0.002082248828735034 0.02513259182249633 22
230 0.1 0.007288326183832411 0.0 0.05413677865345174 0.002082248828735034 0.024673512582267444 23
240 0.1 0.0020817936734290263 0.0 0.05413677865345174 0.0020817936734290263 0.02394912981566599 24
