0 0.1 375603.47265625 0 375603.47265625 375603.47265625 0 0
10 0.1 375597.53515625 0.0 375603.47265625 375597.53515625 375603.47265625 1
20 0.1 375592.05859375 0.0 375603.47265625 375592.05859375 375600.50390625 2
30 0.1 375592.85546875 0.0 375603.47265625 375592.05859375 375597.6888020833 3
40 0.1 375596.49609375 0.0 375603.47265625 375592.05859375 375596.48046875 4
50 0.1 375595.5703125 0.0 375603.47265625 375592.05859375 375596.48359375 5
60 0.1 375595.171875 0.0 375603.47265625 375592.05859375 375596.3313802083 6
70 0.1 375572.48828125 0.0 375603.47265625 375572.48828125 375596.16573660716 7
80 0.1 375577.9140625 0.0 375603.47265625 375572.48828125 375593.2060546875 8
90 0.1 375587.90234375 0.0 375603.47265625 375572.48828125 375591.50694444444 9
100 0.1 375576.21484375 0.0 375603.47265625 375572.48828125 375591.146484375 10
110 0.1 375535.5703125 0.0 375603.47265625 375535.5703125 375589.7890625 11
120 0.1 375530.10546875 0.0 375603.47265625 375530.10546875 375585.2708333333 12
130 0.1 375551.70703125 0.0 375603.47265625 375530.10546875 375581.02734375 13
140 0.1 375559.6875 0.0 375603.47265625 375530.10546875 375578.93303571426 14
150 0.1 375569.2578125 0.0 375603.47265625 375530.10546875 375577.65 15
160 0.1 375541.16796875 0.0 375603.47265625 375530.10546875 375577.12548828125 16
170 0.1 375516.54296875 0.0 375603.47265625 375516.54296875 375575.01034007355 17
180 0.1 375500.34375 0.0 375603.47265625 375500.34375 375571.76215277775 18
190 0.1 375478.12890625 0.0 375603.47265625 375478.12890625 375568.0032894737 19
200 0.1 375461.0859375 0.0 375603.47265625 375461.0859375 375563.5095703125 20
210 0.1 375490.44921875 0.0 375603.47265625 375461.0859375 375558.63225446426 21
220 0.1 375507.59765625 0.0 375603.47265625 375461.0859375 375555.5330255681 22
230 0.1 375515.84375 0.0 375603.47265625 375461.0859375 375553.448879076 23
240 0.1 375520.69921875 0.0 375603.47265625 375461.0859375 375551.8819986978 24
