0 0.1 0.0 0 0.0 0.0 0 0
10 0.1 0.0 0.0 0.0 0.0 0.0 1
20 0.1 0.0 0.0 0.0 0.0 0.0 2
30 0.1 0.0 0.0 0.0 0.0 0.0 3
40 0.1 0.078125 0.0 0.078125 0.0 0.0 4
50 0.1 0.0703125 0.0 0.078125 0.0 0.015625 5
60 0.1 0.05859375 0.0 0.078125 0.0 0.024739583333333332 6
70 0.1 0.05078125 0.0 0.078125 0.0 0.029575892857142856 7
80 0.1 0.0390625 0.0 0.078125 0.0 0.0322265625 8
90 0.1 0.03125 0.0 0.078125 0.0 0.03298611111111111 9
100 0.1 0.109375 0.0 0.109375 0.0 0.0328125 10
110 0.1 0.08984375 0.0 0.109375 0.0 0.03977272727272727 11
120 0.1 0.078125 0.0 0.109375 0.0 0.0439453125 12
130 0.1 0.05859375 0.0 0.109375 0.0 0.04657451923076923 13
140 0.1 0.05078125 0.0 0.109375 0.0 0.04743303571428571 14
150 0.1 0.05078125 0.0 0.109375 0.0 0.04765625 15
160 0.1 0.0390625 0.0 0.109375 0.0 0.0478515625 16
170 0.1 0.109375 0.0 0.109375 0.0 0.04733455882352941 17
180 0.1 0.08984375 0.0 0.109375 0.0 0.05078125 18
190 0.1 0.078125 0.0 0.109375 0.0 0.05283717105263158 19
200 0.1 0.0703125 0.0 0.109375 0.0 0.0541015625 20
210 0.1 0.05859375 0.0 0.109375 0.0 0.054873511904761904 21
220 0.1 0.05078125 0.0 0.109375 0.0 0.05504261363636364 22
230 0.1 0.0390625 0.0 0.109375 0.0 0.054857336956521736 23
240 0.1 0.03125 0.0 0.109375 0.0 0.05419921875 24
