10 0.1 758 0 758 758 0 0
20 0.1 1396.0 0.0 1396 758 758.0 1
30 0.1 783.0 0.0 1396 758 1077.0 2
40 0.1 148.0 0.0 1396 148 979.0 3
50 0.1 138.0 0.0 1396 138 771.25 4
60 0.1 1143.0 0.0 1396 138 644.6 5
70 0.1 3216.0 0.0 3216 138 727.6666666666666 6
80 0.1 1614.0 0.0 3216 138 1083.142857142857 7
90 0.1 480.0 0.0 3216 138 1149.5 8
100 0.1 2465.0 0.0 3216 138 1075.111111111111 9
110 0.1 3976.0 0.0 3976 138 1214.1 10
120 0.1 4568.0 0.0 4568 138 1465.1818181818182 11
130 0.1 1544.0 0.0 4568 138 1723.75 12
140 0.1 57.0 0.0 4568 57 1709.923076923077 13
150 0.1 1929.0 0.0 4568 57 1591.857142857143 14
160 0.1 4382.0 0.0 4568 57 1614.3333333333333 15
170 0.1 3057.0 0.0 4568 57 1787.3125 16
180 0.1 3382.0 0.0 4568 57 1862.0 17
190 0.1 4415.0 0.0 4568 57 1946.4444444444443 18
200 0.1 4233.0 0.0 4568 57 2076.3684210526317 19
210 0.1 4012.0 0.0 4568 57 2184.2 20
220 0.1 2115.0 0.0 4568 57 2271.2380952380954 21
230 0.1 869.0 0.0 4568 57 2264.1363636363635 22
240 0.1 73.0 0.0 4568 57 2203.478260869565 23
