10 0.1 283 0 283 283 0 0
20 0.1 448.0 0.0 448 283 283.0 1
30 0.1 251.0 0.0 448 251 365.5 2
40 0.1 45.0 0.0 448 45 327.3333333333333 3
50 0.1 328.0 0.0 448 45 256.75 4
60 0.1 961.0 0.0 961 45 271.0 5
70 0.1 1027.0 0.0 1027 45 386.0 6
80 0.1 529.0 0.0 1027 45 477.57142857142856 7
90 0.1 205.0 0.0 1027 45 484.0 8
100 0.1 1032.0 0.0 1032 45 453.0 9
110 0.1 1099.0 0.0 1099 45 510.9 10
120 0.1 1133.0 0.0 1133 45 564.3636363636364 11
130 0.1 588.0 0.0 1133 45 611.75 12
140 0.1 55.0 0.0 1133 45 609.9230769230769 13
150 0.1 906.0 0.0 1133 45 570.2857142857143 14
160 0.1 1584.0 0.0 1584 45 592.6666666666666 15
170 0.1 967.0 0.0 1584 45 654.625 16
180 0.1 979.0 0.0 1584 45 673.0 17
190 0.1 1061.0 0.0 1584 45 690.0 18
200 0.1 998.0 0.0 1584 45 709.5263157894736 19
210 0.1 1086.0 0.0 1584 45 723.95 20
220 0.1 664.0 0.0 1584 45 741.1904761904761 21
230 0.1 384.0 0.0 1584 45 737.6818181818181 22
240 0.1 54.0 0.0 1584 45 722.304347826087 23
