10 0.6 12923.417166666666 2965.782654357384 17397.224 10223.34 0 0
20 1.8 14842.778055555556 4832.570325548811 25375.052 6480.616 12923.417166666666 6
30 0.5 24912.355199999998 4662.760393760135 33146.713 6480.616 14362.937833333335 24
40 0 0 0 33146.713 6480.616 16181.802896551724 29
50 0.1 33155.815 0.0 33155.815 6480.616 16181.802896551724 29
60 1.3 9300.82023076923 2652.188572938675 33155.815 5305.045 16747.6033 30
70 3.1 16183.492225806453 3918.4042277256813 33155.815 5305.045 14496.250279069767 43
80 1.6 21182.004999999997 4770.821374322234 33155.815 5305.045 15203.06785135135 74
90 0 0 0 33155.815 5305.045 16265.99001111111 90
100 0.9 14293.449888888888 2649.0483864507705 33155.815 5305.045 16265.99001111111 90
110 4.3 21065.598302325583 4105.255862460295 33155.815 5305.045 16086.66818181818 99
120 4.9 25994.536836734693 4036.9080419117467 35728.898 5305.045 17594.372373239436 142
130 1.3 33784.03446153846 3904.022221479626 41167.929 5305.045 19749.388387434556 191
140 0.2 37420.258 626.797999999997 41167.929 5305.045 20643.753088235295 204
150 0 0 0 41167.929 5305.045 20806.63177669903 206
160 0 0 0 41167.929 5305.045 20806.63177669903 206
170 0.6 30723.042833333337 3098.535658809788 41167.929 5305.045 20806.63177669903 206
180 1.4 39261.85414285714 2235.990791001096 42077.389 5305.045 21087.28491981132 212
190 2 47265.35244999999 2955.7173985682966 53890.291 5305.045 22213.143190265484 226
200 7.2 53580.47283333337 4077.9605446744185 63871.49 5305.045 24249.908170731705 246
210 8 59696.93367499998 4422.134308821031 73031.834 5305.045 30890.790735849063 318
220 3.5 72319.6633142857 5197.28102790183 84070.956 5305.045 36680.97022110553 398
230 0.9 78312.89655555556 3497.589485593346 84164.07 5305.045 39561.69599076213 433
240 0.1 100741.839 0.0 100741.839 5305.045 40350.747585972844 442
