0 535.90703125 535.90703125
10 943.76015625 1479.6671875
20 1043.1 2522.7671875
30 173.88203125 2696.64921875
40 40.0375 2736.68671875
50 559.37890625 3296.065625
60 2667.27421875 5963.33984375
70 1855.98671875 7819.3265625
80 331.9640625 8151.290625
90 1740.0375 9891.328125
100 3265.728125 13157.05625
110 4417.325 17574.38125
120 1804.5015625 19378.8828125
130 39.58359375 19418.46640625
140 1373.9578125 20792.42421875
150 3073.009375 23865.43359375
160 3067.44453125 26932.878125
170 2926.4875 29859.365625
180 4272.32578125 34131.69140625
190 4036.5953125 38168.28671875
200 3741.8015625 41910.08828125
210 2363.03046875 44273.11875
220 683.0265625 44956.1453125
230 25.24140625 44981.38671875
240 0.25703125 44981.64375
