10 0.2 7.4405 0.2915000000000001 7.732 7.149 0 0
20 0 0 0 7.732 7.149 7.4405 2
30 0 0 0 7.732 7.149 7.4405 2
40 0 0 0 7.732 7.149 7.4405 2
50 0 0 0 7.732 7.149 7.4405 2
60 0.6 50.13416666666668 87.85813294248229 245.925 6.16 7.4405 2
70 0.1 19.685 0.0 245.925 6.16 39.460750000000004 8
80 0 0 0 245.925 6.16 37.263444444444445 9
90 0 0 0 245.925 6.16 37.263444444444445 9
100 0.2 202.13549999999998 134.5675 336.703 6.16 37.263444444444445 9
110 0.3 112.53133333333334 79.8155799007242 336.703 6.16 67.24018181818181 11
120 0.2 35.92 3.539999999999999 336.703 6.16 76.94542857142856 14
130 0 0 0 336.703 6.16 71.81724999999999 16
140 0 0 0 336.703 6.16 71.81724999999999 16
150 0 0 0 336.703 6.16 71.81724999999999 16
160 0.1 3823.082 0.0 3823.082 6.16 71.81724999999999 16
170 0.1 4252.803 0.0 4252.803 6.16 292.47988235294116 17
180 0.9 5265.866888888889 155.85247492238324 5557.853 6.16 512.4978333333333 18
190 0.7 4426.177571428571 732.7635893004856 5557.853 6.16 2096.954185185185 27
200 0.1 3126.402 0.0 5557.853 6.16 2576.500176470588 34
210 0 0 0 5557.853 6.16 2592.211657142857 35
220 0 0 0 5557.853 6.16 2592.211657142857 35
230 0 0 0 5557.853 6.16 2592.211657142857 35
240 0 0 0 5557.853 6.16 2592.211657142857 35
