10 0.2 6.9945 0.6285000000000005 7.623 6.366 0 0
20 0 0 0 7.623 6.366 6.9945 2
30 0 0 0 7.623 6.366 6.9945 2
40 0 0 0 7.623 6.366 6.9945 2
50 0 0 0 7.623 6.366 6.9945 2
60 0.6 11.433 5.963511856839615 24.299 6.117 6.9945 2
70 0.1 8.646 0.0 24.299 6.117 10.323375 8
80 0 0 0 24.299 6.117 10.137 9
90 0 0 0 24.299 6.117 10.137 9
100 0.2 132.32150000000001 21.963500000000003 154.285 6.117 10.137 9
110 0.3 134.07766666666666 133.09869459498424 321.996 6.117 32.35236363636364 11
120 0.2 13.7105 1.5035000000000003 321.996 6.117 54.15064285714285 14
130 0 0 0 321.996 6.117 49.095625 16
140 0 0 0 321.996 6.117 49.095625 16
150 0 0 0 321.996 6.117 49.095625 16
160 0.1 4552.224 0.0 4552.224 6.117 49.095625 16
170 0.1 3639.921 0.0 4552.224 6.117 313.9855294117647 17
180 0.2 2652.6635 2648.9514999999997 5301.615 3.712 498.7597222222222 18
190 1.1 3873.4061818181817 613.2239963060833 5306.706 3.712 714.1501000000001 20
200 0.4 3424.827 1149.8557339816593 5306.706 3.712 1835.1764516129033 31
210 0 0 0 5306.706 3.712 2016.8508000000002 35
220 0 0 0 5306.706 3.712 2016.8508000000002 35
230 0 0 0 5306.706 3.712 2016.8508000000002 35
240 0 0 0 5306.706 3.712 2016.8508000000002 35
