10 0.5 11.2518 1.953046891398156 14.716 9.331 0 0
20 0.5 9.9354 0.42157637504964623 14.716 9.331 11.2518 5
30 0 0 0 14.716 9.331 10.5936 10
40 0.1 9.52 0.0 14.716 9.331 10.5936 10
50 0 0 0 14.716 9.331 10.496 11
60 0.5 81.44160000000001 95.8190936141644 262.93 9.331 10.496 11
70 1.3 16.723000000000003 9.491915248089983 262.93 9.331 32.6665 16
80 0.3 10.252 0.5683420331689945 262.93 9.331 25.519413793103446 29
90 0.1 130.027 0.0 262.93 9.331 24.08809375 32
100 0 0 0 262.93 9.331 27.298363636363636 33
110 1.8 144.6475555555556 82.48084451234199 359.063 9.331 27.298363636363636 33
120 1.4 41.07564285714285 49.64460452572169 359.063 9.331 68.71572549019609 51
130 0.1 13.939 0.0 359.063 9.331 62.76247692307693 65
140 0 0 0 359.063 9.331 62.02272727272728 66
150 0 0 0 359.063 9.331 62.02272727272728 66
160 0 0 0 359.063 9.331 62.02272727272728 66
170 0.1 4679.14 0.0 4679.14 9.331 62.02272727272728 66
180 0.7 5240.120285714286 127.64133758276903 5402.536 9.331 130.93492537313435 67
190 1 4515.7503 694.799522464437 5574.104 9.331 614.2362432432433 74
200 2.5 2965.8895199999993 1122.2813766337956 5574.104 9.331 1078.7022023809525 84
210 2.9 415.7742068965517 533.5809941924521 5574.104 9.331 1511.5433302752294 109
220 0.3 44.193333333333335 22.398221437327464 5574.104 9.331 1281.2730072463767 138
230 0 0 0 5574.104 9.331 1254.952163120567 141
240 0 0 0 5574.104 9.331 1254.952163120567 141
