0 0.1 191.739 0 191.739 191.739 0 0
10 0.4 265.94475 80.71301432351228 357.301 168.645 191.739 1
20 0.5 241.83140000000003 21.141633944423504 357.301 168.645 251.1036 5
30 0 0 0 357.301 168.645 246.46750000000003 10
40 0.1 171.886 0.0 357.301 168.645 246.46750000000003 10
50 0 0 0 357.301 168.645 239.68736363636364 11
60 0.8 834.7994999999999 335.467906430332 1187.752 168.645 239.68736363636364 11
70 1.1 541.6139090909091 237.75260231993428 1187.752 168.645 490.26089473684203 19
80 0.2 178.704 3.1099999999999923 1187.752 168.645 509.0903333333333 30
90 0.1 291.923 0.0 1187.752 168.645 488.44118749999996 32
100 0 0 0 1187.752 168.645 482.4860909090909 33
110 2.3 8072.466043478263 2765.0078852639585 11455.921 168.645 482.4860909090909 33
120 1 3148.9627 2460.7464332374457 11455.921 168.645 3599.7992857142863 56
130 0 0 0 11455.921 168.645 3531.4907121212127 66
140 0 0 0 11455.921 168.645 3531.4907121212127 66
150 0 0 0 11455.921 168.645 3531.4907121212127 66
160 0 0 0 11455.921 168.645 3531.4907121212127 66
170 0.5 18638.629999999997 1099.4790506649967 20443.087 168.645 3531.4907121212127 66
180 0.8 12830.110875000002 7445.339359569188 20443.087 1.422 4595.3737605633805 71
190 1.5 15263.009866666664 811.6944612560294 20443.087 1.422 5429.271189873418 79
200 2.4 14441.675208333329 1242.1365595117734 20443.087 1.422 6998.484808510638 94
210 2.2 12088.86822727273 2800.482398632114 20443.087 1.422 8512.35404237288 118
220 0.1 1819.075 0.0 20443.087 1.422 9074.3777 140
230 0 0 0 20443.087 1.422 9022.921652482268 141
240 0 0 0 20443.087 1.422 9022.921652482268 141
