10 0.2 128.57999999999998 4.214999999999993 132.795 124.365 0 0
20 0 0 0 132.795 124.365 128.57999999999998 2
30 0 0 0 132.795 124.365 128.57999999999998 2
40 0 0 0 132.795 124.365 128.57999999999998 2
50 0 0 0 132.795 124.365 128.57999999999998 2
60 0.3 152.65099999999998 14.007766441037871 169.451 124.365 128.57999999999998 2
70 0.4 177.90524999999997 64.2652543034531 288.905 124.365 143.02259999999998 5
80 0 0 0 288.905 124.365 158.52599999999998 9
90 0 0 0 288.905 124.365 158.52599999999998 9
100 0.1 529.243 0.0 529.243 124.365 158.52599999999998 9
110 0.3 367.7006666666667 125.04581362133727 529.243 124.365 195.59769999999997 10
120 0.3 162.59366666666668 29.41935609235676 529.243 124.365 235.3137692307692 13
130 0 0 0 529.243 124.365 221.67874999999998 16
140 0 0 0 529.243 124.365 221.67874999999998 16
150 0 0 0 529.243 124.365 221.67874999999998 16
160 0 0 0 529.243 124.365 221.67874999999998 16
170 0.1 4548.25 0.0 4548.25 124.365 221.67874999999998 16
180 0.1 5165.764 0.0 5165.764 124.365 476.1829411764706 17
190 0.5 4254.5618 398.4403292641949 5165.764 124.365 736.7152222222222 18
200 1.1 3626.0361818181814 1415.1780990163115 5286.323 124.365 1501.4644782608698 23
210 0.1 1239.938 0.0 5286.323 124.365 2188.8259117647062 34
220 0 0 0 5286.323 124.365 2161.7148285714284 35
230 0 0 0 5286.323 124.365 2161.7148285714284 35
240 0 0 0 5286.323 124.365 2161.7148285714284 35
