10 0.5 9.317000000000002 1.3811876049255583 11.744 7.71 0 0
20 0.5 8.859 0.9037537275165175 11.744 7.71 9.317000000000002 5
30 0 0 0 11.744 7.71 9.088000000000001 10
40 0.1 7.687 0.0 11.744 7.687 9.088000000000001 10
50 0 0 0 11.744 7.687 8.960636363636365 11
60 0.5 45.724199999999996 32.37106232053561 89.492 7.687 8.960636363636365 11
70 1.3 13.788923076923075 6.687467192863177 89.492 7.687 20.44925 16
80 0.3 12.991333333333332 7.1745389786073055 89.492 7.687 17.46358620689655 29
90 0.1 314.595 0.0 314.595 7.687 17.0443125 32
100 0 0 0 314.595 7.687 26.061 33
110 1.7 165.48229411764703 82.40733509025881 368.831 7.687 26.061 33
120 1.5 42.09573333333333 43.33644692475632 368.831 7.687 73.46423999999999 50
130 0.1 9.328 0.0 368.831 7.687 66.22535384615384 65
140 0 0 0 368.831 7.687 65.36327272727272 66
150 0 0 0 368.831 7.687 65.36327272727272 66
160 0 0 0 368.831 7.687 65.36327272727272 66
170 0 0 0 368.831 7.687 65.36327272727272 66
180 0.3 3392.9660000000003 2398.188124667037 5120.631 1.617 65.36327272727272 66
190 1 4200.8212 617.891976924413 5120.631 1.617 210.04165217391304 69
200 2.7 2760.7177777777774 963.3870154270077 5120.631 1.617 715.2036202531646 79
210 3.2 362.98493749999994 447.34016527644667 5120.631 1.617 1236.2308113207546 106
220 0.3 49.87466666666666 25.028025708970514 5120.631 1.617 1033.7390144927535 138
230 0 0 0 5120.631 1.617 1012.805730496454 141
240 0 0 0 5120.631 1.617 1012.805730496454 141
