0 2.6 2.2964230769230776 2.7799061435882626 16.082 1.329 0 0
10 0.4 1.732 0.07839323950443684 16.082 1.329 2.2964230769230776 26
20 0 0 0 16.082 1.329 2.2211666666666674 30
30 1 1.5758000000000003 0.1915091642715826 16.082 1.326 2.2211666666666674 30
40 3.5 1.5597714285714284 0.13189521505764354 16.082 1.242 2.059825000000001 40
50 0.7 1.5984285714285715 0.2135314343823592 16.082 1.242 1.826466666666667 75
60 0 0 0 16.082 1.242 1.8070000000000002 82
70 0 0 0 16.082 1.242 1.8070000000000002 82
80 6.2 1.6769838709677414 0.8945103813374667 16.082 1.213 1.8070000000000002 82
90 5.8 1.518551724137931 0.1678983859787482 16.082 1.112 1.7510208333333332 144
100 0 0 0 16.082 1.112 1.6842722772277225 202
110 0 0 0 16.082 1.112 1.6842722772277225 202
120 0 0 0 16.082 1.112 1.6842722772277225 202
130 3.9 1.6529230769230765 0.8472324593856673 16.082 1.112 1.6842722772277225 202
140 14.6 1.5829931506849322 1.0688844555915018 16.082 1.057 1.679199170124481 241
150 2.5 1.393 0.14401749893676116 16.082 1.057 1.6429043927648581 387
160 0 0 0 16.082 1.057 1.6277402912621362 412
170 0 0 0 16.082 1.057 1.6277402912621362 412
180 26.3 1.515859315589354 1.8467234408269995 21.481 0.907 1.6277402912621362 412
190 21.1 1.2723601895734586 0.42597629501271556 21.481 0.907 1.5841481481481485 675
200 0 0 0 21.481 0.907 1.5098961625282168 886
210 0 0 0 21.481 0.907 1.5098961625282168 886
220 0 0 0 21.481 0.907 1.5098961625282168 886
230 55.5 1.3166702702702728 1.2120859680653875 27.458 0.868 1.5098961625282168 886
240 40.5 1.2104888888888876 0.538091862367086 27.458 0.868 1.435475364330327 1441
250 0 0 0 27.458 0.868 1.386114842903576 1846
260 0 0 0 27.458 0.868 1.386114842903576 1846
270 0 0 0 27.458 0.868 1.386114842903576 1846
280 0 0 0 27.458 0.868 1.386114842903576 1846
290 97.2 1.2082438271604918 0.5225572046313224 27.458 0.818 1.386114842903576 1846
300 86.1 1.1883170731707342 1.3214158872526292 38.641 0.818 1.3247625975869406 2818
310 0 0 0 38.641 0.818 1.292830116879587 3679
320 0 0 0 38.641 0.818 1.292830116879587 3679
330 0 0 0 38.641 0.818 1.292830116879587 3679
340 0 0 0 38.641 0.818 1.292830116879587 3679
350 0 0 0 38.641 0.818 1.292830116879587 3679
360 76.1 1.3141616294349516 1.7451509222090864 38.641 0.818 1.292830116879587 3679
370 249 1.1148052208835353 0.5454562014347121 38.641 0.757 1.296486261261261 4440
380 65.6 1.072478658536586 0.2554507843070334 38.641 0.757 1.2312069264069267 6930
390 0.9 1.2537777777777777 0.12386711318342357 38.641 0.757 1.2174808858423416 7586
400 0 0 0 38.641 0.757 1.2175238973008562 7595
410 0 0 0 38.641 0.757 1.2175238973008562 7595
420 0 0 0 38.641 0.757 1.2175238973008562 7595
430 0 0 0 38.641 0.757 1.2175238973008562 7595
440 422.5 1.123742958579878 0.6106995765073657 38.641 0.753 1.2175238973008562 7595
450 734.5 1.0388780122532346 0.7676906544117895 38.641 0.727 1.184002368866327 11820
460 115.3 1.066664353859498 0.32961583082122276 38.641 0.727 1.1283833550743538 19165
470 10 1.1893800000000012 0.20828013731510736 38.641 0.727 1.124880943006201 20318
480 2.5 1.1906 0.12826347882386474 38.641 0.727 1.1251968361249873 20418
490 0.1 1.612 0.0 38.641 0.727 1.12527681847087 20443
500 0 0 0 38.641 0.727 1.1253006261005671 20444
507 0 0 0 38.641 0.727 1.1253006261005671 20444
