0 0.1 0.09792809021075201 0 0.09792809021075201 0.09792809021075201 0 0
10 0.1 0.017698193743167976 0.0 0.09792809021075201 0.017698193743167976 0.09792809021075201 1
20 0.1 0.03955943284265756 0.0 0.09792809021075201 0.017698193743167976 0.05781314197695999 2
30 0.1 0.012491022077881523 0.0 0.09792809021075201 0.012491022077881523 0.05172857226552585 3
40 0.1 0.006245836109260493 0.0 0.09792809021075201 0.006245836109260493 0.04191918471861477 4
50 0.1 0.02602838134702079 0.0 0.09792809021075201 0.006245836109260493 0.03478451499674391 5
60 0.1 0.026024858945264514 0.0 0.09792809021075201 0.006245836109260493 0.033325159388456725 6
70 0.1 0.008327608102762684 0.0 0.09792809021075201 0.006245836109260493 0.03228225932514355 7
80 0.1 0.00728650539201399 0.0 0.09792809021075201 0.006245836109260493 0.02928792792234594 8
90 0.1 0.028110651854782457 0.0 0.09792809021075201 0.006245836109260493 0.026843325418975727 9
100 0.1 0.09681549880802423 0.0 0.09792809021075201 0.006245836109260493 0.026970058062556403 10
110 0.1 0.05309734513274337 0.0 0.09792809021075201 0.006245836109260493 0.033319643584871654 11
120 0.1 0.016657817201278485 0.0 0.09792809021075201 0.006245836109260493 0.03496778538052763 12
130 0.1 0.005204592532450634 0.0 0.09792809021075201 0.005204592532450634 0.03355932628981616 13
140 0.1 0.012494143370295176 0.0 0.09792809021075201 0.005204592532450634 0.03153398816429005 14
150 0.1 0.10518422861427588 0.0 0.10518422861427588 0.005204592532450634 0.03026466517802373 15
160 0.1 0.1395368210596468 0.0 0.1395368210596468 0.005204592532450634 0.03494713789278949 16
170 0.1 0.06454366587201615 0.0 0.1395368210596468 0.005204592532450634 0.041099472196722275 17
180 0.1 0.008327781479013991 0.0 0.1395368210596468 0.005204592532450634 0.042401927400905266 18
190 0.1 0.2249671922844585 0.0 0.2249671922844585 0.005204592532450634 0.0406085512997531 19
200 0.1 0.4491314360743203 0.0 0.4491314360743203 0.005204592532450634 0.049826483348988364 20
210 0.1 0.23640908144136638 0.0 0.4491314360743203 0.005204592532450634 0.06884100490733751 21
220 0.1 0.05206055683971596 0.0 0.4491314360743203 0.005204592532450634 0.07645773565888427 22
230 0.1 0.02394611083925913 0.0 0.4491314360743203 0.005204592532450634 0.07539698875370303 23
240 0.1 0.3668692090424922 0.0 0.4491314360743203 0.005204592532450634 0.07325320217393454 24
250 0.1 0.8080660633106727 0.0 0.8080660633106727 0.005204592532450634 0.08499784244867684 25
260 0.1 0.5696433220515491 0.0 0.8080660633106727 0.005204592532450634 0.11280815863567667 26
270 0.1 0.12494403548410607 0.0 0.8080660633106727 0.005204592532450634 0.1297279795029312 27
280 0.1 0.019779098697702502 0.0 0.8080660633106727 0.005204592532450634 0.12955712435940173 28
290 0.1 0.00832691466994192 0.0 0.8080660633106727 0.005204592532450634 0.12577167519865348 29
300 0.1 0.5586650407012497 0.0 0.8080660633106727 0.005204592532450634 0.12185684984769643 30
310 0.1 1.7108282912580846 0.0 1.7108282912580846 0.005204592532450634 0.13594743664942396 31
320 0.1 1.0594479608755045 0.0 1.7108282912580846 0.005204592532450634 0.1851624633559446 32
330 0.1 0.27907073610113187 0.0 1.7108282912580846 0.005204592532450634 0.21165596328077974 33
340 0.1 0.03331216622770948 0.0 1.7108282912580846 0.005204592532450634 0.21363875071667246 34
350 0.1 0.004164237528108603 0.0 1.7108282912580846 0.004164237528108603 0.20848656258841636 35
360 0.1 0.0031229505636925763 0.0 1.7108282912580846 0.0031229505636925763 0.20281094244785225 36
370 0.1 0.3324960131747637 0.0 1.7108282912580846 0.0031229505636925763 0.1974139696942263 37
380 0.1 2.4233189659670837 0.0 2.4233189659670837 0.0031229505636925763 0.20096876031213518 38
390 0.1 3.708649342249392 0.0 3.708649342249392 0.0031229505636925763 0.2579520989186723 39
400 0.1 1.2592909191364265 0.0 3.708649342249392 0.0031229505636925763 0.3442195300019403 40
410 0.1 0.19576196178476596 0.0 3.708649342249392 0.0031229505636925763 0.3665383443710741 41
420 0.1 0.020822488287350338 0.0 3.708649342249392 0.0031229505636925763 0.36247224002378103 42
430 0.1 0.03123113119157176 0.0 3.708649342249392 0.0031229505636925763 0.35452689696014317 43
440 0.1 0.055173849677285024 0.0 3.708649342249392 0.0031229505636925763 0.34717926591994835 44
450 0.1 2.0645888566478092 0.0 3.708649342249392 0.0031229505636925763 0.3406902566701114 45
460 0.1 4.158242491193697 0.0 4.158242491193697 0.0031229505636925763 0.3781663131913657 46
470 0.1 4.857080333045028 0.0 4.857080333045028 0.0031229505636925763 0.45859346591481953 47
480 0.1 5.1930869959267865 0.0 5.1930869959267865 0.0031229505636925763 0.5502286089800322 48
490 0.1 1.1085642842258805 0.0 5.1930869959267865 0.0031229505636925763 0.6449808209585374 49
500 0.1 0.16240357287860333 0.0 5.1930869959267865 0.0031229505636925763 0.6542524902238843 50
507 0.1 0.03747618700617316 0.0 5.1930869959267865 0.0031229505636925763 0.6446083938053494 51
