0 0 0
10 1.6 16
20 1.3 29
30 0.1 30
40 0.6 36
50 2.3 59
60 1.9 78
70 0.4 82
80 0.1 83
90 3 113
100 5.7 170
110 2.8 198
120 0.2 200
130 0.2 202
140 1.6 218
150 10.5 323
160 6.6 389
170 2.2 411
180 0.3 414
190 13.7 551
200 21.7 768
210 9.8 866
220 1.9 885
230 1 895
240 26.1 1156
250 45.7 1613
260 19.7 1810
270 3.1 1841
280 0.4 1845
290 1.7 1862
300 48.7 2349
310 89.1 3240
320 38.1 3621
330 5.3 3674
340 0.5 3679
350 0 3679
360 0.1 3680
370 30.3 3983
380 160.5 5588
390 142 7008
400 35.8 7366
410 3.5 7401
420 0.4 7405
430 0 7405
440 3.8 7443
450 45.5 7898
460 134.2 9240
470 342.3 12663
480 207.5 14738
490 18.8 14926
500 1.4 14940
507 0 14940
