0 0.1 375552.35546875 0 375552.35546875 375552.35546875 0 0
10 0.1 375547.08203125 0.0 375552.35546875 375547.08203125 375552.35546875 1
20 0.1 375532.28515625 0.0 375552.35546875 375532.28515625 375549.71875 2
30 0.1 375539.18359375 0.0 375552.35546875 375532.28515625 375543.9075520833 3
40 0.1 375541.63671875 0.0 375552.35546875 375532.28515625 375542.7265625 4
50 0.1 375530.63671875 0.0 375552.35546875 375530.63671875 375542.50859375 5
60 0.1 375520.2265625 0.0 375552.35546875 375520.2265625 375540.5299479167 6
70 0.1 375531.390625 0.0 375552.35546875 375520.2265625 375537.62946428574 7
80 0.1 375534.22265625 0.0 375552.35546875 375520.2265625 375536.849609375 8
90 0.1 375522.671875 0.0 375552.35546875 375520.2265625 375536.55772569444 9
100 0.1 375480.9375 0.0 375552.35546875 375480.9375 375535.169140625 10
110 0.1 375487.6171875 0.0 375552.35546875 375480.9375 375530.2389914773 11
120 0.1 375510.72265625 0.0 375552.35546875 375480.9375 375526.6871744792 12
130 0.1 375524.19140625 0.0 375552.35546875 375480.9375 375525.4591346154 13
140 0.1 375523.828125 0.0 375552.35546875 375480.9375 375525.36858258926 14
150 0.1 375463.57421875 0.0 375552.35546875 375463.57421875 375525.26588541665 15
160 0.1 375451.73046875 0.0 375552.35546875 375451.73046875 375521.41015625 16
170 0.1 375490.72265625 0.0 375552.35546875 375451.73046875 375517.31135110295 17
180 0.1 375501.58984375 0.0 375552.35546875 375451.73046875 375515.8342013889 18
190 0.1 375422.390625 0.0 375552.35546875 375422.390625 375515.0844983553 19
200 0.1 375323.71484375 0.0 375552.35546875 375323.71484375 375510.4498046875 20
210 0.1 375346.20703125 0.0 375552.35546875 375323.71484375 375501.5576636905 21
220 0.1 375403.83203125 0.0 375552.35546875 375323.71484375 375494.4962713068 22
230 0.1 375451.46875 0.0 375552.35546875 375323.71484375 375490.5543478261 23
240 0.1 375289.30859375 0.0 375552.35546875 375289.30859375 375488.92578125 24
250 0.1 375077.0625 0.0 375552.35546875 375077.0625 375480.94109375 25
260 0.1 375154.64453125 0.0 375552.35546875 375077.0625 375465.4073016827 26
270 0.1 375323.89453125 0.0 375552.35546875 375077.0625 375453.89756944444 27
280 0.1 375354.6796875 0.0 375552.35546875 375077.0625 375449.25460379466 28
290 0.1 375375.97265625 0.0 375552.35546875 375077.0625 375445.9933997845 29
300 0.1 375083.30859375 0.0 375552.35546875 375077.0625 375443.659375 30
310 0.1 374668.34765625 0.0 375552.35546875 374668.34765625 375432.03515625 31
320 0.1 374819.28515625 0.0 375552.35546875 374668.34765625 375408.169921875 32
330 0.1 375140.46484375 0.0 375552.35546875 374668.34765625 375390.3249289773 33
340 0.1 375233.96484375 0.0 375552.35546875 374668.34765625 375382.9761029412 34
350 0.1 375247.25390625 0.0 375552.35546875 374668.34765625 375378.71863839286 35
360 0.1 375248.04296875 0.0 375552.35546875 374668.34765625 375375.06684027775 36
370 0.1 375112.2421875 0.0 375552.35546875 374668.34765625 375371.63376266893 37
380 0.1 374105.09375 0.0 375552.35546875 374105.09375 375364.8076685855 38
390 0.1 373822.2265625 0.0 375552.35546875 373822.2265625 375332.5073116987 39
400 0.1 374510.515625 0.0 375552.35546875 373822.2265625 375294.7502929687 40
410 0.1 374919.953125 0.0 375552.35546875 373822.2265625 375275.6226181402 41
420 0.1 374979.28125 0.0 375552.35546875 373822.2265625 375267.15429687494 42
430 0.1 374991.48046875 0.0 375552.35546875 373822.2265625 375260.4595748546 43
440 0.1 375002.28125 0.0 375552.35546875 373822.2265625 375254.3464133522 44
450 0.1 373933.6796875 0.0 375552.35546875 373822.2265625 375248.74496527767 45
460 0.1 372773.08203125 0.0 375552.35546875 372773.08203125 375220.15658967383 46
470 0.1 371540.95703125 0.0 375552.35546875 371540.95703125 375168.09117353713 47
480 0.1 372299.43359375 0.0 375552.35546875 371540.95703125 375092.5258789062 48
490 0.1 374170.58984375 0.0 375552.35546875 371540.95703125 375035.5239955356 49
500 0.1 374626.8828125 0.0 375552.35546875 371540.95703125 375018.2253124999 50
507 0.1 374704.94140625 0.0 375552.35546875 371540.95703125 375010.551930147 51
