10 0.1 660 0 660 660 0 0
20 0.1 2148.0 0.0 2148 660 660.0 1
30 0.1 699.0 0.0 2148 660 1404.0 2
40 0.1 175.0 0.0 2148 175 1169.0 3
50 0.1 2033.0 0.0 2148 175 920.5 4
60 0.1 2508.0 0.0 2508 175 1143.0 5
70 0.1 829.0 0.0 2508 175 1370.5 6
80 0.1 50.0 0.0 2508 50 1293.142857142857 7
90 0.1 1395.0 0.0 2508 50 1137.75 8
100 0.1 5229.0 0.0 5229 50 1166.3333333333333 9
110 0.1 4416.0 0.0 5229 50 1572.6 10
120 0.1 1196.0 0.0 5229 50 1831.090909090909 11
130 0.1 22.0 0.0 5229 22 1778.1666666666667 12
140 0.1 636.0 0.0 5229 22 1643.076923076923 13
150 0.1 6812.0 0.0 6812 22 1571.142857142857 14
160 0.1 10860.0 0.0 10860 22 1920.5333333333333 15
170 0.1 3608.0 0.0 10860 22 2479.25 16
180 0.1 455.0 0.0 10860 22 2545.6470588235293 17
190 0.1 6711.0 0.0 10860 22 2429.5 18
200 0.1 23721.0 0.0 23721 22 2654.842105263158 19
210 0.1 19140.0 0.0 23721 22 3708.15 20
220 0.1 3382.0 0.0 23721 22 4443.0 21
230 0.1 306.0 0.0 23721 22 4394.772727272727 22
240 0.1 13175.0 0.0 23721 22 4217.0 23
250 0.1 48207.0 0.0 48207 22 4590.25 24
260 0.1 35258.0 0.0 48207 22 6334.92 25
270 0.1 6416.0 0.0 48207 22 7447.346153846154 26
280 0.1 566.0 0.0 48207 22 7409.148148148148 27
290 0.1 20.0 0.0 48207 20 7164.75 28
300 0.1 24220.0 0.0 48207 20 6918.379310344828 29
310 0.1 101913.0 0.0 101913 20 7495.1 30
320 0.1 78680.0 0.0 101913 20 10540.838709677419 31
330 0.1 13264.0 0.0 101913 20 12670.1875 32
340 0.1 740.0 0.0 101913 20 12688.181818181818 33
350 0.1 17.0 0.0 101913 17 12336.764705882353 34
360 0.1 1.0 0.0 101913 1 11984.771428571428 35
370 0.1 12391.0 0.0 101913 1 11651.888888888889 36
380 0.1 130587.0 0.0 130587 1 11671.864864864865 37
390 0.1 257229.0 0.0 257229 1 14801.21052631579 38
400 0.1 99176.0 0.0 257229 1 21017.30769230769 39
410 0.1 9543.0 0.0 257229 1 22971.275 40
420 0.1 482.0 0.0 257229 1 22643.756097560974 41
430 0.1 198.0 0.0 257229 1 22116.095238095237 42
440 0.1 243.0 0.0 257229 1 21606.372093023256 43
450 0.1 93811.0 0.0 257229 1 21120.840909090908 44
460 0.1 202876.0 0.0 257229 1 22736.17777777778 45
470 0.1 402221.0 0.0 402221 1 26652.260869565216 46
480 0.1 461021.0 0.0 461021 1 34643.085106382976 47
490 0.1 64034.0 0.0 461021 1 43525.95833333333 48
500 0.1 2919.0 0.0 461021 1 43944.489795918365 49
507 0.1 260.0 0.0 461021 1 43123.98 50
