0 8 38.46795000000001 43.91017876412597 126.359 5.381 0 0
10 14.5 39.76045517241379 45.49880748812099 284.506 5.381 38.46795000000001 80
20 4.3 38.52948837209305 27.823501547961207 284.506 5.381 39.300897777777784 225
30 1.9 33.065315789473686 38.10895669283097 284.506 5.381 39.17712686567165 268
40 19 40.30438421052627 48.84901138572724 284.506 5.381 38.77251219512196 287
50 19.8 38.961025252525246 47.70182673210922 290.784 5.377 39.38269182389936 477
60 5.2 37.72336538461539 31.506548283362918 290.784 5.377 39.25900296296295 675
70 0.6 39.97366666666667 18.928308690659314 290.784 5.377 39.14916368638239 727
80 17.4 36.42899425287356 45.475750756631584 290.784 4.923 39.155912687585264 733
90 50.6 39.13563241106718 47.09936952075081 293.478 4.923 38.63277728776185 907
100 29.7 35.303094276094285 38.32190199476226 308.102 4.923 38.81285138004246 1413
110 7.2 43.42495833333333 53.18807469083375 308.102 4.923 38.20326198830409 1710
120 0.4 54.432 37.511178653835984 308.102 4.923 38.414239618406285 1782
130 7.3 26.376630136986297 35.057150048467086 308.102 4.923 38.450113661814115 1786
140 75.2 38.79657180851068 47.54721097605229 308.102 4.923 37.976006993007 1859
150 75.7 40.53957992073986 47.368600823339925 388.17 4.923 38.2123397165837 2611
160 23 38.969973913043475 49.79121582367034 388.17 4.923 38.73541597387177 3368
170 4.9 38.41681632653061 24.63069807828042 388.17 4.923 38.750409949972244 3598
180 78.1 38.2749756722151 50.9641936557066 388.17 4.805 38.745927885933675 3647
190 207.1 40.48284934814103 49.91061561568004 388.17 4.767 38.662862466124686 4428
200 106.6 41.03421013133209 53.259315408775 388.17 4.767 39.242827511924936 6499
210 26.4 34.980753787878776 41.096577345828365 388.17 4.767 39.49525499008595 7565
220 3.3 29.594121212121216 13.823002589573955 388.17 4.767 39.34302248052116 7829
230 169.4 38.37501475796926 50.77857602097759 388.17 4.685 39.30210239124907 7862
240 411.4 43.85912858531846 54.90565504412325 401.484 4.685 39.13775680200922 9556
250 203.8 42.097532875367925 54.35830558277977 437.398 4.685 40.558658302852976 13670
260 51.5 35.53017281553397 39.30286611519781 437.398 4.685 40.75831620830151 15708
270 6.3 30.153349206349205 17.53851307443655 437.398 4.685 40.592348517536834 16223
280 0.6 28.640333333333334 9.574876198793499 437.398 4.685 40.55196678128454 16286
290 289.6 39.58997824585635 54.337325860979256 501.69 4.579 40.54757997790326 16292
300 781.5 50.82532898272553 66.71263007933543 598.175 4.579 40.403051386283096 19188
310 436.9 47.22090775921255 68.00001387160708 722.637 4.579 43.41938658667556 27003
320 95.2 41.07269012605035 54.69205023937318 722.637 4.579 43.948802817799304 31372
330 10.4 33.22946153846153 32.86410168813004 722.637 4.579 43.864096120529624 32324
340 1 28.160200000000003 11.982332183677766 722.637 4.579 43.829989731096575 32428
350 0 0 0 722.637 4.579 43.82515904186447 32438
360 129.5 30.987613127413145 45.07548413614069 722.637 4.579 43.82515904186447 32438
370 1213.7 62.0436888028346 83.6557571307442 897.183 4.579 43.33232941036966 33733
380 1385.2 88.39953566272034 131.09411450054264 1933.161 4.579 48.28327270547206 45870
390 466.5 56.92087717041797 94.41803168959932 1933.161 4.579 57.58789201634248 59722
400 74 38.70593783783782 60.904697369600505 1933.161 4.579 57.539565114075906 64387
410 6.9 35.1616956521739 22.696219339961942 1933.161 4.579 57.325569625501025 65127
420 1 32.3826 7.802412719152969 1933.161 4.579 57.30211255291744 65196
430 0 0 0 1933.161 4.579 57.29829089347614 65206
440 1166.8 72.02761295851913 108.15007541789879 1933.161 4.424 57.29829089347614 65206
450 1917.7 1057.6283250247786 1131.0749083091014 8784.401 0.715 59.533919712776836 76874
460 1702.6 1782.521145189707 1742.3472654883005 11653.65 0.704 258.8078097364961 96051
470 1367.3 2065.1215477949236 2047.3525456699442 12972.138 0.704 488.23327423790994 113077
480 407 235.6928953316965 740.5849269074369 12972.138 0.703 658.3381528520721 126750
490 28.3 34.625176678445236 39.527680403329065 12972.138 0.703 645.1890456963778 130820
500 2.6 35.799269230769234 24.77931119294371 12972.138 0.703 643.8710775725966 131103
507 0 0 0 12972.138 0.703 643.7505102913935 131129
