10 0.1 383 0 383 383 0 0
20 0.1 1311.0 0.0 1311 383 383.0 1
30 0.1 188.0 0.0 1311 188 847.0 2
40 0.1 126.0 0.0 1311 126 627.3333333333334 3
50 0.1 838.0 0.0 1311 126 502.0 4
60 0.1 654.0 0.0 1311 126 569.2 5
70 0.1 232.0 0.0 1311 126 583.3333333333334 6
80 0.1 23.0 0.0 1311 23 533.1428571428571 7
90 0.1 908.0 0.0 1311 23 469.375 8
100 0.1 1889.0 0.0 1889 23 518.1111111111111 9
110 0.1 1201.0 0.0 1889 23 655.2 10
120 0.1 312.0 0.0 1889 23 704.8181818181819 11
130 0.1 20.0 0.0 1889 20 672.0833333333334 12
140 0.1 542.0 0.0 1889 20 621.9230769230769 13
150 0.1 3020.0 0.0 3020 20 616.2142857142857 14
160 0.1 3001.0 0.0 3020 20 776.4666666666667 15
170 0.1 968.0 0.0 3020 20 915.5 16
180 0.1 162.0 0.0 3020 20 918.5882352941177 17
190 0.1 4624.0 0.0 4624 20 876.5555555555555 18
200 0.1 9140.0 0.0 9140 20 1073.7894736842106 19
210 0.1 5331.0 0.0 9140 20 1477.1000000000001 20
220 0.1 1021.0 0.0 9140 20 1660.6190476190477 21
230 0.1 777.0 0.0 9140 20 1631.5454545454545 22
240 0.1 8314.0 0.0 9140 20 1594.391304347826 23
250 0.1 18774.0 0.0 18774 20 1874.375 24
260 0.1 10937.0 0.0 18774 20 2550.36 25
270 0.1 1938.0 0.0 18774 20 2872.923076923077 26
280 0.1 239.0 0.0 18774 20 2838.296296296296 27
290 0.1 20.0 0.0 18774 20 2745.464285714286 28
300 0.1 15279.0 0.0 18774 20 2651.4827586206898 29
310 0.1 39445.0 0.0 39445 20 3072.4 30
320 0.1 25509.0 0.0 39445 20 4245.709677419355 31
330 0.1 5536.0 0.0 39445 20 4910.1875 32
340 0.1 360.0 0.0 39445 20 4929.151515151515 33
350 0.1 18.0 0.0 39445 18 4794.764705882353 34
360 0.1 1.0 0.0 39445 1 4658.285714285715 35
370 0.1 9783.0 0.0 39445 1 4528.916666666667 36
380 0.1 61392.0 0.0 61392 1 4670.918918918919 37
390 0.1 83863.0 0.0 83863 1 6163.578947368421 38
400 0.1 29284.0 0.0 83863 1 8155.871794871795 39
410 0.1 3259.0 0.0 83863 1 8684.075 40
420 0.1 252.0 0.0 83863 1 8551.756097560976 41
430 0.1 1073.0 0.0 83863 1 8354.142857142857 42
440 0.1 1450.0 0.0 83863 1 8184.813953488372 43
450 0.1 60436.0 0.0 83863 1 8031.75 44
460 0.1 98478.0 0.0 98478 1 9196.288888888888 45
470 0.1 119768.0 0.0 119768 1 11137.195652173914 46
480 0.1 128969.0 0.0 128969 1 13448.489361702128 47
490 0.1 21093.0 0.0 128969 1 15855.166666666666 48
500 0.1 2918.0 0.0 128969 1 15962.061224489797 49
507 0.1 918.0 0.0 128969 1 15701.18 50
