10 1.6 11598.723187500002 2747.5573701782414 16210.851 6563.675 0 0
20 1.3 17149.89276923077 3340.1054334818223 22461.145 6563.675 11598.723187500002 16
30 0.1 23553.007 0.0 23553.007 6563.675 14087.17851724138 29
40 0.6 8546.338833333333 2036.317920303656 23553.007 5497.132 14402.706133333333 30
50 2.3 13050.585739130434 3840.8571265516534 23553.007 5497.132 13426.644916666666 36
60 1.9 16783.086421052634 4079.1064018726515 25680.052 5497.132 13280.045576271186 59
70 0.4 29400.5305 2466.6732789108396 31995.726 5497.132 14133.350397435897 78
80 0.1 5892.631 0.0 31995.726 5497.132 14878.090890243902 82
90 3 10608.5419 2591.89990293516 31995.726 5497.132 14769.832337349399 83
100 5.7 15034.51410526316 4038.5090263549755 31995.726 5497.132 13665.06496460177 113
110 2.8 22000.657178571422 3382.2499674969763 31995.726 5497.132 14124.233205882352 170
120 0.2 35110.1185 5125.567500000003 40235.686 5497.132 15238.07093939394 198
130 0.2 39012.762 1033.8849999999966 40235.686 5497.132 15436.791415000002 200
140 1.6 9213.756125000002 1869.912799277678 40235.686 4321.013 15670.216866336636 202
150 10.5 12497.185561904762 3604.2812343467626 40235.686 4321.013 15196.348188073398 218
160 6.6 18733.957454545463 4738.565432323158 40235.686 4321.013 14318.911421052633 323
170 2.2 25960.648636363632 4088.665472045412 40235.686 4321.013 15067.993781491006 389
180 0.3 13545.627999999999 10710.30803529164 40235.686 4321.013 15651.055598540148 411
190 13.7 10838.823715328472 2922.7715348711035 40235.686 3450.947 15635.798876811596 414
200 21.7 15191.316009216594 4110.39688050602 40235.686 3450.947 14443.084544464611 551
210 9.8 21769.98726530612 4332.9631850741 40235.686 3450.947 14654.498903645836 768
220 1.9 30749.703473684214 4618.700501933169 40991.099 3450.947 15459.71583140878 866
230 1 8368.732299999998 9980.362035987253 40991.099 3450.947 15787.975453107347 885
240 26.1 10652.782593869742 3051.837261062779 40991.099 3450.947 15705.07888156425 895
250 45.7 15348.542266958433 3924.5524111838704 40991.099 3450.947 14564.378768166096 1156
260 19.7 22099.38443654822 3861.0577124011093 40991.099 3450.947 14786.55032362059 1613
270 3.1 32148.423838709674 4225.947402408374 41751.402 3450.947 15582.477572375696 1810
280 0.4 42897.38325 6507.556999117157 52388.483 3450.947 15861.426151548078 1841
290 1.7 8327.953058823532 10431.81158704643 52388.483 3450.947 15920.040692682931 1845
300 48.7 10609.267408624222 3060.6959114554734 52388.483 2964.12 15850.725177228791 1862
310 89.1 15105.226814814812 4077.0705088175673 52388.483 2964.12 14764.054281822053 2349
320 38.1 21605.305766404206 4328.1763525671995 52388.483 2964.12 14857.876728395062 3240
330 5.3 30606.96560377359 4187.567110155021 52388.483 2964.12 15567.838193040598 3621
340 0.5 41049.6296 4328.991482641776 52388.483 2964.12 15784.788044093631 3674
350 0 0 0 52388.483 2964.12 15819.124605055724 3679
360 0.1 2658.156 0.0 52388.483 2658.156 15819.124605055724 3679
370 30.3 8448.710844884492 2214.537732830572 52388.483 2445.588 15815.548254891306 3680
380 160.5 12928.697026168235 3565.595012660785 52388.483 2445.588 15255.128537283457 3983
390 142 18088.177552816906 4401.953291924727 52388.483 2445.588 14586.924783643528 5588
400 35.8 26180.852421787717 4243.014531866731 52388.483 2445.588 15296.36812442923 7008
410 3.5 35820.23245714285 3229.300099736762 52388.483 2445.588 15825.37238433343 7366
420 0.4 45861.92925 3352.9860651975073 52388.483 2445.588 15919.929890420219 7401
430 0 0 0 52388.483 2445.588 15936.10382660365 7405
440 3.8 5597.165578947368 1524.8473645147092 52388.483 2137.799 15936.10382660365 7405
450 45.5 11604.09016043956 3397.803006080424 52388.483 1104.074 15883.318705898162 7443
460 134.2 19348.273988077523 3770.9061133432374 52388.483 1104.074 15636.794397442394 7898
470 342.3 26817.256043236866 4415.105766804991 52388.483 1104.074 16175.842623701305 9240
480 207.5 31596.904212048194 4181.027248897689 52388.483 1104.074 19052.377262812908 12663
490 18.8 40785.56508510635 3773.4117394199993 52849.121 1104.074 20818.552688220916 14738
500 1.4 51702.527785714294 3520.0835418244583 58416.313 1104.074 21070.04661362722 14926
507 0 0 0 58416.313 1104.074 21098.751749933057 14940
