0 318.78828125 318.78828125
10 2009.265625 2328.05390625
20 688.39921875 3016.453125
30 99.79375 3116.246875
40 1030.05859375 4146.30546875
50 3062.3203125 7208.62578125
60 902.16171875 8110.7875
70 42.74296875 8153.53046875
80 437.0609375 8590.59140625
90 4368.73671875 12959.328125
100 4563.53359375 17522.86171875
110 1703.78125 19226.64296875
120 3.72109375 19230.3640625
130 128.57265625 19358.93671875
140 4748.87734375 24107.8140625
150 10907.965625 35015.7796875
160 3981.61640625 38997.39609375
170 567.89921875 39565.2953125
180 2954.51015625 42519.80546875
190 20250.9328125 62770.73828125
200 20827.1125 83597.85078125
210 4556.4703125 88154.32109375
220 96.57265625 88250.89375
230 5240.40703125 93491.30078125
240 41784.73203125 135276.0328125
250 37878.11875 173154.1515625
260 9121.34609375 182275.49765625
270 556.19453125 182831.6921875
280 12.31171875 182844.00390625
290 8937.88125 191781.88515625
300 82480.4078125 274262.29296875
310 89823.27578125 364085.56875
320 20448.58515625 384534.15390625
330 1010.803125 385544.95703125
340 121.228125 385666.18515625
350 0 385666.18515625
360 2220.89296875 387887.078125
370 79460.27109375 467347.34921875
380 253283.825 720631.17421875
390 133340.00234375 853971.1765625
400 13711.18671875 867682.36328125
410 495.09375 868177.45703125
420 11.0546875 868188.51171875
430 0 868188.51171875
440 38807.546875 906996.05859375
450 133382.825 1040378.88359375
460 377527.92890625 1417906.8125
470 506253.05078125 1924159.86328125
480 105182.790625 2029342.65390625
490 3025.15078125 2032367.8046875
500 75.67578125 2032443.48046875
507 0 2032443.48046875
