0 0.2 17.541 2.2260000000000004 19.767 15.315 0 0
10 0 0 0 19.767 15.315 17.541 2
20 0 0 0 19.767 15.315 17.541 2
30 0.1 15.874 0.0 19.767 15.315 17.541 2
40 0.6 18.025000000000002 0.9440363693558983 19.767 15.315 16.985333333333333 3
50 0 0 0 19.767 15.315 17.678444444444445 9
60 0 0 0 19.767 15.315 17.678444444444445 9
70 0 0 0 19.767 15.315 17.678444444444445 9
80 0.5 20.523200000000003 7.040120578512844 34.459 15.315 17.678444444444445 9
90 0.8 16.1315 1.3719413252759765 34.459 14.204 18.69442857142857 14
100 0 0 0 34.459 14.204 17.762454545454545 22
110 0 0 0 34.459 14.204 17.762454545454545 22
120 0 0 0 34.459 14.204 17.762454545454545 22
130 0.2 16.6785 1.3445 34.459 14.204 17.762454545454545 22
140 1.8 15.62627777777778 0.7883598167190439 34.459 13.629 17.672124999999998 24
150 0.4 15.434 0.9548274713266268 34.459 13.629 16.795333333333332 42
160 0 0 0 34.459 13.629 16.67695652173913 46
170 0 0 0 34.459 13.629 16.67695652173913 46
180 3.2 15.653125 1.634075804353947 34.459 13.566 16.67695652173913 46
190 2.6 15.96 2.6370615639965047 34.459 13.566 16.256923076923076 78
200 0 0 0 34.459 13.566 16.182692307692307 104
210 0 0 0 34.459 13.566 16.182692307692307 104
220 0 0 0 34.459 13.566 16.182692307692307 104
230 5.4 15.890055555555547 3.8801166812193353 39.091 13.072 16.182692307692307 104
240 4.1 21.28346341463414 20.820668967366572 136.614 13.072 16.08267721518987 158
250 0 0 0 136.614 13.072 17.154195979899495 199
260 0 0 0 136.614 13.072 17.154195979899495 199
270 0 0 0 136.614 13.072 17.154195979899495 199
280 0 0 0 136.614 13.072 17.154195979899495 199
290 10.6 15.745207547169807 2.950166703690774 136.614 13.072 17.154195979899495 199
300 8.6 28.688232558139543 42.494884397097266 270.758 13.072 16.664514754098356 305
310 0 0 0 270.758 13.072 19.309117647058823 391
320 0 0 0 270.758 13.072 19.309117647058823 391
330 0 0 0 270.758 13.072 19.309117647058823 391
340 0 0 0 270.758 13.072 19.309117647058823 391
350 0 0 0 270.758 13.072 19.309117647058823 391
360 6.6 18.048924242424235 15.688655273226562 270.758 12.602 19.309117647058823 391
370 25.4 29.938464566929113 40.88286771741832 333.22 12.602 19.127120350109408 457
380 5 64.17948000000001 88.2811328627448 566.198 12.602 22.989400843881846 711
390 0 0 0 566.198 12.602 25.695713534822595 761
400 0 0 0 566.198 12.602 25.695713534822595 761
410 0 0 0 566.198 12.602 25.695713534822595 761
420 0 0 0 566.198 12.602 25.695713534822595 761
430 0 0 0 566.198 12.602 25.695713534822595 761
440 40.3 45.22594292803973 77.42056567077859 723.45 12.602 25.695713534822595 761
450 32.7 1280.7309449541283 953.5849492505646 4470.944 2.028 32.45746821305842 1164
460 0 0 0 4470.944 2.028 306.22368343393697 1491
470 0 0 0 4470.944 2.028 306.22368343393697 1491
480 0 0 0 4470.944 2.028 306.22368343393697 1491
490 0 0 0 4470.944 2.028 306.22368343393697 1491
500 0 0 0 4470.944 2.028 306.22368343393697 1491
507 0 0 0 4470.944 2.028 306.22368343393697 1491
