40 0.3 7.2026666666666666 0.37434505769706933 7.718 6.84 0 0
50 0.1 6.329 0.0 7.718 6.329 7.2026666666666666 3
60 0.1 7.117 0.0 7.718 6.329 6.98425 4
70 0 0 0 7.718 6.329 7.010800000000001 5
80 0 0 0 7.718 6.329 7.010800000000001 5
90 0.8 7.23575 0.8521375695860384 9.364 6.329 7.010800000000001 5
100 0.4 7.55525 0.688323824591304 9.364 6.329 7.149230769230769 13
110 0.1 10.589 0.0 10.589 6.329 7.244764705882353 17
120 0 0 0 10.589 6.329 7.430555555555555 18
130 0 0 0 10.589 6.329 7.430555555555555 18
140 0.8 6.786875 0.8034432832347286 10.589 5.684 7.430555555555555 18
150 0.9 7.091666666666666 0.7245749711995919 10.589 5.684 7.232500000000001 26
160 0.2 6.8740000000000006 0.837 10.589 5.684 7.196285714285715 35
170 0.1 7.056 0.0 10.589 5.684 7.178864864864865 37
180 0.2 7.248 0.47299999999999986 10.589 5.684 7.1756315789473675 38
190 1.9 6.747736842105263 0.5919354376339279 10.589 5.684 7.179249999999999 40
200 2 6.7696 0.5328231789252416 10.589 5.684 7.04028813559322 59
210 0.3 6.906 0.40762073875928684 10.589 5.684 6.971759493670886 79
220 0 0 0 10.589 5.684 6.969353658536585 82
230 0.9 7.5985555555555555 1.6010164903801385 11.056 5.684 6.969353658536585 82
240 5 10.238660000000003 17.442259642156465 128.491 5.684 7.031582417582418 91
250 4 7.3946250000000004 2.239863418687621 128.491 5.684 8.168843971631208 141
260 0.4 6.950749999999999 0.7820298507729742 128.491 5.684 7.997745856353594 181
270 0 0 0 128.491 5.684 7.9751081081081105 185
280 0 0 0 128.491 5.684 7.9751081081081105 185
290 1.4 6.856714285714284 0.6743568818375273 128.491 5.684 7.9751081081081105 185
300 8.1 12.789481481481483 32.27636275349712 271.003 5.276 7.896427135678394 199
310 8.2 9.931048780487805 22.11276798478291 271.003 5.228 9.31191785714286 280
320 0.9 7.556777777777778 1.3336681894332538 271.003 5.228 9.452162983425415 362
330 0.1 5.974 0.0 271.003 5.228 9.406183288409705 371
340 0 0 0 271.003 5.228 9.396956989247315 372
350 0 0 0 271.003 5.228 9.396956989247315 372
360 0.1 7.336 0.0 271.003 5.228 9.396956989247315 372
370 11.2 12.541464285714289 19.10344281514674 271.003 5.228 9.391431635388741 373
380 19.3 14.62257512953367 38.66941830755093 495.655 5.228 10.118861855670104 485
390 7.3 7.6597397260273965 2.016864608759269 495.655 5.228 11.40089233038348 678
400 0.2 6.6899999999999995 0.03900000000000037 495.655 5.228 11.037238348868174 751
410 0 0 0 495.655 5.228 11.025691899070383 753
420 0 0 0 495.655 5.228 11.025691899070383 753
430 0 0 0 495.655 5.228 11.025691899070383 753
440 4.7 23.07808510638298 37.12234957131464 495.655 5.228 11.025691899070383 753
450 20.2 265.70992079207934 318.94334329903484 1479.636 0.824 11.733769999999998 800
460 34.3 352.037562682216 437.7707500701354 3223.796 0.803 62.93455089820361 1002
470 14.7 383.84231292517 521.9775192245156 3223.796 0.803 136.66119256505584 1345
480 1.1 9.667363636363637 3.568874110027298 3223.796 0.803 161.01482841823065 1492
490 0.1 7.665 0.0 3223.796 0.803 159.90716234198277 1503
500 0 0 0 3223.796 0.803 159.80593750000008 1504
507 0 0 0 3223.796 0.803 159.80593750000008 1504
