0 0.4 80.50174999999999 9.70021833195006 94.999 71.105 0 0
10 0.6 70.40966666666667 2.176350819350798 94.999 66.828 80.50174999999999 4
20 0.3 92.63366666666667 9.2721662817033 105.331 66.828 74.44649999999999 10
30 0 0 0 105.331 66.828 78.64353846153845 13
40 0.5 75.894 7.6163901948363995 105.331 66.828 78.64353846153845 13
50 0.9 83.52266666666668 17.757060917968506 126.544 66.828 77.87977777777776 18
60 0.1 68.213 0.0 126.544 66.828 79.76074074074074 27
70 0 0 0 126.544 66.828 79.34832142857144 28
80 0.1 72.582 0.0 126.544 66.828 79.34832142857144 28
90 1.7 72.36923529411767 2.9560377202363606 126.544 66.828 79.115 29
100 1.3 72.28061538461537 4.463325899241536 126.544 66.828 76.62200000000001 46
110 0.1 82.214 0.0 126.544 66.828 75.66542372881356 59
120 0 0 0 126.544 66.828 75.77456666666667 60
130 0 0 0 126.544 66.828 75.77456666666667 60
140 2.7 74.83562962962966 9.417026829486579 126.544 66.828 75.77456666666667 60
150 3.2 74.16040624999997 7.899698075161545 126.544 66.828 75.48317241379311 87
160 0.9 80.02733333333332 10.803392317025034 126.544 66.828 75.1274705882353 119
170 0.1 69.937 0.0 126.544 66.828 75.47199218749999 128
180 1.9 90.50068421052632 61.92538156103058 349.788 66.828 75.42908527131782 129
190 9.8 78.27511224489787 23.73819374044348 349.788 66.828 77.36395270270269 148
200 3.3 76.85096969696971 9.90188271196473 349.788 65.791 77.72693495934955 246
210 0.1 71.906 0.0 349.788 65.791 77.62332616487451 279
220 0 0 0 349.788 65.791 77.60290714285709 280
230 3.6 79.05636111111112 22.2988422533956 349.788 65.791 77.60290714285709 280
240 16.7 87.75022754491017 37.18143734948089 349.788 65.791 77.76849050632906 316
250 7.4 81.27889189189186 18.7080967429899 349.788 65.791 81.21973291925461 483
260 0.6 72.26650000000001 4.892107376513045 349.788 65.791 81.22759245960499 557
270 0.1 96.779 0.0 349.788 65.791 81.13209236234455 563
280 0 0 0 349.788 65.791 81.15983510638294 564
290 3.8 89.960947368421 33.29749521395785 349.788 65.791 81.15983510638294 564
300 29.5 110.05547457627111 59.94190047352658 525.694 65.791 81.71538704318934 602
310 16.3 96.05409815950922 60.097589773972395 570.086 65.791 91.03570568561868 897
320 1.6 91.896 66.47229864011024 570.086 65.791 91.80740188679242 1060
330 0 0 0 570.086 65.791 91.80871933085498 1076
340 0 0 0 570.086 65.791 91.80871933085498 1076
350 0 0 0 570.086 65.791 91.80871933085498 1076
360 0.2 71.65350000000001 1.0305 570.086 65.791 91.80871933085498 1076
370 38.3 169.93445691906018 115.49344687847949 701.599 65.791 91.77132560296842 1078
380 56.3 194.3923090586146 169.72592675857516 1750.885 65.791 112.26172895277207 1461
390 12.1 116.37243801652899 89.82384748130828 1750.885 65.791 135.10733992094862 2024
400 0.9 78.76055555555556 9.936708186328456 1750.885 65.791 134.0504993006993 2145
410 0.1 77.586 0.0 1750.885 65.791 133.81948282265552 2154
420 0 0 0 1750.885 65.791 133.79338839907192 2155
430 0 0 0 1750.885 65.791 133.79338839907192 2155
440 16 303.93316875000005 258.92455554777973 1750.885 65.791 133.79338839907192 2155
450 38.9 3378.445272493575 2210.1186636528896 8790.657 0.904 145.552509287257 2315
460 101.4 5033.396314595654 2266.217584930916 11659.033 0.9 610.6395229289942 2704
470 67.1 5670.345502235463 2135.531356538906 12978.36 0.884 1816.8459206562652 3718
480 1.7 1868.5176470588242 2024.4564726759725 12978.36 0.884 2405.9774356345383 4389
490 0 0 0 12978.36 0.884 2403.9037142532884 4406
500 0 0 0 12978.36 0.884 2403.9037142532884 4406
507 0 0 0 12978.36 0.884 2403.9037142532884 4406
