0 0.1 30.373 0 30.373 30.373 0 0
10 0.9 29.01633333333334 1.3901053517229862 30.804 26.738 30.373 1
20 0.2 29.68 5.183 34.863 24.497 29.152000000000005 10
30 0 0 0 34.863 24.497 29.240000000000006 12
40 0.4 29.778 7.269100666519897 42.131 23.921 29.240000000000006 12
50 0.9 27.665444444444447 2.511107463124194 42.131 23.829 29.374500000000005 16
60 0.2 27.9295 1.0485000000000007 42.131 23.829 28.759240000000005 25
70 0 0 0 42.131 23.829 28.697777777777784 27
80 0.3 28.05033333333333 1.441724045100941 42.131 23.829 28.697777777777784 27
90 1.6 27.197 4.267516681279641 42.131 23.66 28.633033333333337 30
100 2 33.46600000000001 24.37190102351477 138.566 23.66 28.13354347826087 46
110 0.1 24.669 0.0 138.566 23.66 29.749439393939397 66
120 0 0 0 138.566 23.66 29.67361194029851 67
130 0 0 0 138.566 23.66 29.67361194029851 67
140 1.7 26.137000000000004 2.9143391542307424 138.566 22.916 29.67361194029851 67
150 3.2 26.559968750000003 3.7846598219355774 138.566 22.916 28.95786904761905 84
160 0.7 26.981 2.547821926946342 138.566 22.916 28.29637931034483 116
170 0.1 29.342 0.0 138.566 22.916 28.221520325203254 123
180 0.2 24.389499999999998 0.2625000000000002 138.566 22.916 28.230556451612905 124
190 7.6 27.73285526315789 15.213224694241266 148.825 22.916 28.169587301587306 126
200 5.3 26.67956603773585 5.544365654408984 148.825 22.55 28.005272277227725 202
210 1 31.919099999999997 14.109745507626986 148.825 22.55 27.729733333333336 255
220 0 0 0 148.825 22.55 27.887822641509434 265
230 1.7 29.620117647058827 9.993982694792214 148.825 22.55 27.887822641509434 265
240 13.9 29.342244604316527 17.229342676447956 151.244 22.201 27.99225177304965 282
250 10.2 29.505862745098028 22.471941738767764 241.393 22.201 28.437973871733963 421
260 2.4 26.563625000000002 2.274255039430494 241.393 21.632 28.64624282982791 523
270 0.2 28.1585 0.11550000000000082 241.393 21.632 28.554866544789757 547
280 0 0 0 241.393 21.632 28.55342258652094 549
290 2.1 27.962476190476185 8.129572674407967 241.393 21.632 28.55342258652094 549
300 27.9 38.47540501792114 37.30176043042366 289.956 21.632 28.531650877192973 570
310 25.3 29.431849802371545 17.02612924340156 289.956 21.632 31.7993863368669 849
320 2.5 25.344320000000003 1.8449576411397632 289.956 21.632 31.25584119782214 1102
330 0.2 28.3805 0.9284999999999997 289.956 21.632 31.124707187222715 1127
340 0 0 0 289.956 21.632 31.11984588131089 1129
350 0 0 0 289.956 21.632 31.11984588131089 1129
360 0.1 29.196 0.0 289.956 21.632 31.11984588131089 1129
370 24.9 71.9980923694779 77.3333391360494 398.169 21.632 31.11814336283186 1130
380 67 86.03312985074622 128.79404439809116 1586.1 21.632 38.49965699782451 1379
390 22.9 38.36972489082967 38.94513475876625 1586.1 21.632 54.04256905807709 2049
400 1 25.6579 0.8817734913230263 1586.1 21.632 52.46702853380156 2278
410 0.1 30.851 0.0 1586.1 21.632 52.34985576923075 2288
420 0 0 0 1586.1 21.632 52.34046352118827 2289
430 0 0 0 1586.1 21.632 52.34046352118827 2289
440 10.7 138.02833644859817 142.72354017875898 1586.1 21.632 52.34046352118827 2289
450 32.6 2610.946288343555 1730.3903304989356 7035.738 0.843 56.167092237061745 2396
460 104.1 3009.1421805955824 1647.0508662887464 9000.688 0.796 362.1399129316675 2722
470 74.9 3208.88793991989 1774.312428547932 9610.456 0.796 1094.4092088758969 3763
480 4.5 359.04297777777776 925.2968768320911 9610.456 0.796 1445.4164273049641 4512
490 0 0 0 9610.456 0.796 1434.68857888962 4557
500 0 0 0 9610.456 0.796 1434.68857888962 4557
507 0 0 0 9610.456 0.796 1434.68857888962 4557
