40 0.3 10.321666666666667 1.0381279090533866 11.789 9.546 0 0
50 0.2 9.251000000000001 1.3599999999999999 11.789 7.891 10.321666666666667 3
60 0 0 0 11.789 7.891 9.893400000000002 5
70 0 0 0 11.789 7.891 9.893400000000002 5
80 0.2 9.6755 0.8595000000000002 11.789 7.891 9.893400000000002 5
90 0.9 9.333555555555556 0.5819123857518052 11.789 7.891 9.83114285714286 7
100 0.1 8.905 0.0 11.789 7.891 9.551250000000001 16
110 0.1 10.495 0.0 11.789 7.891 9.51323529411765 17
120 0 0 0 11.789 7.891 9.56777777777778 18
130 0 0 0 11.789 7.891 9.56777777777778 18
140 1.1 9.08663636363636 0.9082501930763014 11.789 7.062 9.56777777777778 18
150 0.7 9.025142857142857 0.44511103865742757 11.789 7.062 9.385275862068966 29
160 0.2 11.493 1.798 13.291 7.062 9.315249999999999 36
170 0 0 0 13.291 7.062 9.42986842105263 38
180 0.4 13.087 6.743035963125215 24.747 7.062 9.42986842105263 38
190 2.4 8.903583333333335 0.5625300670976519 24.747 7.062 9.778166666666666 42
200 1.5 9.170333333333334 0.7110137051343587 24.747 7.062 9.460136363636362 66
210 0.1 10.14 0.0 24.747 7.062 9.40646913580247 81
220 0 0 0 24.747 7.062 9.415414634146341 82
230 1.5 8.8912 0.6928578690226926 24.747 7.062 9.415414634146341 82
240 6.1 9.042688524590165 0.64340861098371 24.747 7.062 9.334350515463917 97
250 2.6 8.948230769230769 0.5716876034831709 24.747 7.062 9.221746835443039 158
260 0.1 9.43 0.0 24.747 7.062 9.183097826086957 184
270 0 0 0 24.747 7.062 9.184432432432432 185
280 0 0 0 24.747 7.062 9.184432432432432 185
290 2.2 9.529499999999999 2.602145788487927 24.747 7.062 9.184432432432432 185
300 9.3 14.852397849462378 25.019930270370235 175.582 7.062 9.221106280193236 207
310 6.8 10.38023529411765 3.7865114866793053 175.582 7.062 10.96680666666667 300
320 0.4 9.17825 0.19502868378779623 175.582 7.062 10.858418478260873 368
330 0 0 0 175.582 7.062 10.840352150537639 372
340 0 0 0 175.582 7.062 10.840352150537639 372
350 0 0 0 175.582 7.062 10.840352150537639 372
360 0.5 9.0964 0.37128081016933784 175.582 7.062 10.840352150537639 372
370 14.4 23.672916666666666 51.70675265976443 439.889 7.062 10.817222811671092 377
380 19.4 24.067515463917534 37.98643393183951 439.889 7.062 14.370428023032632 521
390 3.8 12.670052631578946 6.700713084391479 439.889 7.062 17.00152587412588 715
400 0 0 0 439.889 7.062 16.78293891102258 753
410 0 0 0 439.889 7.062 16.78293891102258 753
420 0 0 0 439.889 7.062 16.78293891102258 753
430 0 0 0 439.889 7.062 16.78293891102258 753
440 7.9 54.777721518987335 103.65647596113782 742.715 6.983 16.78293891102258 753
450 23.2 740.2245474137933 644.2241657428801 3616.814 0.809 20.390616586538464 832
460 34.4 819.8992587209298 716.0504818495325 3811.181 0.809 177.34688721804517 1064
470 9.3 995.6681612903216 962.4052719308795 4676.119 0.809 334.33411434659087 1408
480 0.3 10.345333333333334 1.6329813906539847 4676.119 0.809 375.30950832778143 1501
490 0 0 0 4676.119 0.809 374.58152127659565 1504
500 0 0 0 4676.119 0.809 374.58152127659565 1504
507 0 0 0 4676.119 0.809 374.58152127659565 1504
