0 0.1 14.355 0 14.355 14.355 0 0
10 0.6 16.904833333333336 1.8547682170257522 20.415 14.355 14.355 1
20 0.5 19.528200000000005 7.009529524868271 33.398 14.355 16.540571428571432 7
30 0.1 16.718 0.0 33.398 14.355 17.78541666666667 12
40 0.4 15.735999999999999 1.2664631854104555 33.398 14.069 17.703307692307696 13
50 0.7 15.207714285714287 0.9042009438939862 33.398 14.069 17.240411764705886 17
60 0.4 16.94 0.4367854164232139 33.398 14.069 16.64754166666667 24
70 0 0 0 33.398 14.069 16.68932142857143 28
80 0 0 0 33.398 14.069 16.68932142857143 28
90 1 14.8286 2.083285875726133 33.398 12.884 16.68932142857143 28
100 1.7 14.689470588235295 1.3562099489406265 33.398 12.701 16.19965789473684 38
110 0.5 16.308999999999997 1.3961127461634306 33.398 12.701 15.732872727272728 55
120 0 0 0 33.398 12.701 15.780883333333332 60
130 0 0 0 33.398 12.701 15.780883333333332 60
140 1.3 13.728461538461538 0.8152847181185443 33.398 12.544 15.780883333333332 60
150 3.9 18.10238461538462 18.418572439204535 124.514 12.479 15.415383561643834 73
160 1.2 15.265583333333334 1.42655006094735 124.514 12.479 16.351035714285715 112
170 0.5 16.385399999999997 1.4951432841035672 124.514 12.479 16.24599193548387 124
180 0.5 13.6816 0.5129555926198685 124.514 12.479 16.25139534883721 129
190 7.3 14.167410958904107 3.1696230614476426 124.514 11.431 16.15550746268657 134
200 6.3 14.504714285714286 2.779674124034626 124.514 11.431 15.454391304347826 207
210 1 15.412700000000001 1.1745097743314017 124.514 11.431 15.2328 270
220 0 0 0 124.514 11.431 15.239225000000001 280
230 0.8 14.160499999999997 0.40404826444374065 124.514 11.431 15.239225000000001 280
240 12.1 16.567066115702485 13.463770779965893 136.909 11.431 15.209260416666666 288
250 13 15.542707692307694 10.948254111919928 136.909 11.431 15.610958435207825 409
260 2.4 14.369583333333333 1.0350210511815152 136.909 11.431 15.594497217068648 539
270 0.1 16.819 0.0 136.909 11.431 15.54228063943162 563
280 0 0 0 136.909 11.431 15.544544326241137 564
290 0.4 13.551499999999999 0.36370076986445865 136.909 11.431 15.544544326241137 564
300 20.9 27.027253588516754 44.085702812765746 409.832 11.431 15.530508802816904 568
310 23.3 22.79590128755363 39.238166848214014 493.902 11.431 18.622940797940803 777
320 6.2 15.45470967741935 6.24130845562799 493.902 11.431 19.58561386138614 1010
330 0.4 23.74 14.480523229496923 493.902 11.431 19.34669962686567 1072
340 0 0 0 493.902 11.431 19.36303159851301 1076
350 0 0 0 493.902 11.431 19.36303159851301 1076
360 0 0 0 493.902 11.431 19.36303159851301 1076
370 15.9 39.563018867924534 50.23147849435853 493.902 11.431 19.36303159851301 1076
380 57.3 44.429717277486965 66.52370917747929 546.859 11.431 21.96367773279352 1235
390 30.5 18.460081967213114 16.764166896712243 546.859 11.431 29.083722345132756 1808
400 4.1 14.365219512195123 1.140286496139374 546.859 11.431 27.55025792711785 2113
410 0.1 16.279 0.0 546.859 11.431 27.299289229340772 2154
420 0 0 0 546.859 11.431 27.294175406032494 2155
430 0 0 0 546.859 11.431 27.294175406032494 2155
440 3.2 80.25431250000001 84.77996592150969 546.859 11.431 27.294175406032494 2155
450 11.1 1347.903333333334 948.071623225098 3686.349 0.834 28.06908367626887 2187
460 34.6 1113.5664132947963 942.9836543078619 5201.804 0.784 91.82086858137515 2298
470 117.7 916.5718215802891 972.7518454824831 5201.804 0.784 225.5288710287442 2644
480 57.5 72.47017391304335 276.15292397991817 5201.804 0.784 438.39397252028266 3821
490 0.7 15.039142857142858 1.1879043285877664 5201.804 0.784 390.5308732939035 4396
500 0 0 0 5201.804 0.784 389.9339071087894 4403
507 0 0 0 5201.804 0.784 389.9339071087894 4403
