10 0.2 27.266 0.1410000000000009 27.407 27.125 0 0
20 0.1 30.68 0.0 30.68 27.125 27.266 2
30 0 0 0 30.68 27.125 28.403999999999996 3
40 0.1 26.626 0.0 30.68 26.626 28.403999999999996 3
50 0.5 28.3714 1.0624945364565401 30.68 26.471 27.9595 4
60 0.4 31.909 3.5466628681057357 38.018 26.471 28.188333333333333 9
70 0 0 0 38.018 26.471 29.33315384615385 13
80 0.1 24.677 0.0 38.018 24.677 29.33315384615385 13
90 0.3 27.495666666666665 3.211483803823744 38.018 23.337 29.00057142857143 14
100 1.4 26.886928571428573 1.2731365914984314 38.018 23.337 28.735 17
110 0.4 28.49775 3.0099202128129567 38.018 23.337 27.900387096774196 31
120 0 0 0 38.018 23.337 27.968657142857143 35
130 0 0 0 38.018 23.337 27.968657142857143 35
140 0.2 25.9175 1.1645000000000003 38.018 23.337 27.968657142857143 35
150 1.7 25.77535294117647 1.3895410135630042 38.018 23.337 27.857783783783784 37
160 1.8 28.126944444444447 2.923932045726216 38.692 23.337 27.202203703703706 54
170 0.3 32.72566666666666 5.415277421846048 40.35 23.337 27.433388888888892 72
180 0 0 0 40.35 23.337 27.645080000000004 75
190 2.6 25.623423076923075 3.5926242195008915 42.772 23.116 27.645080000000004 75
200 3 25.990933333333327 1.553500411615295 42.772 22.094 27.124653465346537 101
210 1.8 29.289944444444448 6.72252907495239 55.794 22.094 26.86502290076336 131
220 0.5 30.480200000000004 1.3421137656696611 55.794 22.094 27.157966442953022 149
230 0.3 27.317999999999998 4.075937274623674 55.794 22.094 27.26583116883117 154
240 4.2 31.935880952380938 21.12924099351461 147.572 22.094 27.266828025477707 157
250 8.7 29.003344827586194 18.092061888445624 147.572 22.094 28.25225628140703 199
260 5.1 27.3718431372549 3.137670282060162 147.572 22.094 28.48073426573426 286
270 1 29.407100000000003 1.642944213903808 147.572 22.094 28.312919881305632 337
280 0.1 39.507 0.0 147.572 22.094 28.34445244956772 347
290 0.2 29.0075 3.677500000000002 147.572 22.094 28.376528735632178 348
300 8.2 32.8096463414634 20.483792503492733 152.502 21.936 28.380134285714277 350
310 18.9 31.164338624338615 23.989638790597144 268.384 21.936 29.220921296296282 432
320 7.6 27.027171052631573 5.587026888926086 268.384 21.936 29.81239613526569 621
330 1.3 29.84761538461538 1.8223712168685622 268.384 21.936 29.50869870875178 697
340 0.1 33.53 0.0 268.384 21.936 29.5149042253521 710
350 0 0 0 268.384 21.936 29.52055133614626 711
360 0 0 0 268.384 21.936 29.52055133614626 711
370 4.4 81.44622727272728 85.08635571765889 394.755 21.936 29.52055133614626 711
380 29.9 75.88152508361205 82.45240772255244 550.204 21.936 32.546683443708595 755
390 31.1 38.34087459807074 47.39325402685883 550.204 21.936 44.839963946869055 1054
400 7.3 31.163013698630127 35.32006635315955 550.204 21.936 43.359219047619035 1365
410 0.8 30.1045 1.1923814406472433 550.204 21.936 42.74007927677329 1438
420 0 0 0 550.204 21.936 42.67017289073305 1446
430 0 0 0 550.204 21.936 42.67017289073305 1446
440 0.5 123.86799999999998 104.22300543737933 550.204 21.936 42.67017289073305 1446
450 7.7 2788.5906623376627 1559.4605653448248 6405.895 0.877 42.949972432804955 1451
460 40.8 2715.220723039217 1656.005232093309 9434.386 0.83 181.31013808900525 1528
470 75.9 2396.2847562582297 1718.1127222184346 9434.386 0.83 715.3160878099176 1936
480 20.5 243.69978536585384 773.0932516758658 9434.386 0.83 1188.7317536178095 2695
490 3.2 28.442874999999997 2.5297184718610497 9434.386 0.83 1121.9277696551712 2900
500 0.2 32.3455 0.20550000000000068 9434.386 0.83 1109.9934188267382 2932
507 0 0 0 9434.386 0.83 1109.2588258350363 2934
