0 0.6 20.510333333333335 2.3951017839656745 23.736 16.454 0 0
10 2.1 19.57576190476191 1.1632888068199416 23.736 16.454 20.510333333333335 6
20 0.3 24.262666666666664 3.1984669591679196 28.767 16.454 19.78344444444445 27
30 0 0 0 28.767 16.454 20.23136666666667 30
40 2.2 18.967500000000005 1.9751987874641885 28.767 16.23 20.23136666666667 30
50 2.7 20.65996296296296 5.099820828236002 45.751 16.23 19.696653846153847 52
60 0.3 21.546666666666667 0.7946539428511568 45.751 16.23 20.02588607594937 79
70 0 0 0 45.751 16.23 20.081524390243903 82
80 1.2 19.293416666666666 1.300464177280132 45.751 16.23 20.081524390243903 82
90 7.1 19.47108450704225 4.5431771433919295 45.751 16.07 19.98091489361702 94
100 3.5 20.442028571428576 6.435446124998258 54.711 16.07 19.76153333333333 165
110 0.2 20.735500000000002 0.5974999999999993 54.711 16.07 19.880619999999997 200
120 0 0 0 54.711 16.07 19.889084158415837 202
130 0.2 19.109 0.4289999999999994 54.711 16.07 19.889084158415837 202
140 9.4 19.988659574468073 13.144810885841455 138.985 14.914 19.8814362745098 204
150 9.3 18.908322580645148 4.069809987800652 138.985 14.914 19.915258389261737 298
160 2 20.025499999999997 3.588490274474767 138.985 14.914 19.675757033248072 391
170 0.1 21.554 0.0 138.985 14.914 19.692776155717752 411
180 6.1 20.113409836065568 15.12629788104587 138.985 14.914 19.69729368932038 412
190 28 19.33787499999999 11.86380504918592 158.677 14.914 19.750957716701894 473
200 12.8 18.7979921875 5.346184403817966 158.677 14.914 19.597354581673297 753
210 0.5 18.177 1.0075927748847746 158.677 14.914 19.481215664018155 881
220 0 0 0 158.677 14.914 19.473855530474033 886
230 14 21.209864285714293 20.01876350085115 175.304 14.914 19.473855530474033 886
240 57.4 21.508855400696874 20.84881510821115 375.264 14.914 19.710737816764127 1026
250 23.2 20.5797672413793 15.341445341902508 375.264 14.914 20.3558125 1600
260 1.3 23.63053846153846 11.800726174626742 375.264 14.914 20.384173580786026 1832
270 0.1 21.011 0.0 375.264 14.914 20.407047696476962 1845
280 0 0 0 375.264 14.914 20.407374864572045 1846
290 23.2 24.438172413793115 26.66357932706369 375.264 14.914 20.407374864572045 1846
300 106.6 29.16837992495312 34.5881387872297 397.099 14.914 20.857396535129933 2078
310 50.7 24.380220907297847 18.85501895615068 397.099 14.914 23.675306297709934 3144
320 2.7 18.13 1.1763744994528584 397.099 14.914 23.773195015064378 3651
330 0.1 20.267 0.0 397.099 14.914 23.73176862425232 3678
340 0 0 0 397.099 14.914 23.730826855123688 3679
350 0 0 0 397.099 14.914 23.730826855123688 3679
360 2.6 19.28669230769231 5.3607423622625445 397.099 14.914 23.730826855123688 3679
370 142.2 46.484528129395294 64.24136566988957 681.893 14.914 23.699639946018905 3705
380 197.3 61.666453623923154 89.14440445124733 1239.787 14.914 30.01914667446853 5127
390 29.6 23.85970945945946 18.93943499105639 1239.787 14.914 38.813532112676135 7100
400 0.7 18.825999999999997 1.164894967674892 1239.787 14.914 38.21505570578699 7396
410 0.1 20.31 0.0 1239.787 14.914 38.19672213967318 7403
420 0 0 0 1239.787 14.914 38.19430632090769 7404
430 0 0 0 1239.787 14.914 38.19430632090769 7404
440 91.8 89.23847603485841 118.50232221796823 1239.787 14.914 38.19430632090769 7404
450 250.8 1678.4551826156307 1143.7469886494505 7054.81 0.79 43.82498978610918 8322
460 336.8 2005.5786252969049 1211.1234393989794 7054.81 0.757 422.3709291782089 10830
470 67.7 2309.9447769571625 1459.6275293273193 8618.706 0.757 797.9339324552739 14198
480 2.2 278.3291363636364 707.666834196348 8618.706 0.757 866.7494848403347 14875
490 0 0 0 8618.706 0.757 865.880501308987 14897
500 0 0 0 8618.706 0.757 865.880501308987 14897
507 0 0 0 8618.706 0.757 865.880501308987 14897
