10 0.8 14.236875000000001 0.6587870364351439 15.346 13.225 0 0
20 0.4 17.883000000000003 2.2641082129615637 20.751 13.225 14.236875000000001 8
30 0 0 0 20.751 13.225 15.452250000000001 12
40 0 0 0 20.751 13.225 15.452250000000001 12
50 0.7 13.802428571428573 0.9537975012912265 20.751 12.551 15.452250000000001 12
60 0.7 16.088428571428572 0.7072289702257191 20.751 12.551 14.844421052631581 19
70 0.1 16.9 0.0 20.751 12.551 15.179346153846154 26
80 0 0 0 20.751 12.551 15.243074074074073 27
90 0.8 13.781749999999999 1.1194282860013856 20.751 12.044 15.243074074074073 27
100 1.8 15.79022222222222 5.419896109659867 37.729 12.044 14.909057142857144 35
110 1.4 15.209357142857144 0.996181610460868 37.729 12.044 15.20832075471698 53
120 0 0 0 37.729 12.044 15.208537313432835 67
130 0 0 0 37.729 12.044 15.208537313432835 67
140 0.4 13.52575 0.6411842071511117 37.729 12.044 15.208537313432835 67
150 2.4 13.611333333333333 1.4109928143765376 37.729 12.044 15.113732394366197 71
160 2.2 16.047636363636368 7.204083308951531 48.638 11.92 14.734178947368422 95
170 0.7 15.948714285714285 0.6436560115655642 48.638 11.92 14.981153846153846 117
180 0 0 0 48.638 11.92 15.035774193548388 124
190 3.1 18.04629032258064 21.399467192935415 132.962 11.094 15.035774193548388 124
200 6.7 13.519104477611938 1.1230632567387593 132.962 11.094 15.637877419354838 155
210 3.5 15.659685714285716 5.370722413612681 132.962 11.094 14.998427927927928 222
220 0.8 16.519125 1.2101757555723056 132.962 11.094 15.088482490272373 257
230 0.3 18.528333333333332 4.948257628252148 132.962 11.094 15.131671698113205 265
240 6.5 17.142923076923083 18.79364809741492 160.826 11.094 15.169694029850746 268
250 12.7 15.484385826771653 16.441881260566593 194.526 11.094 15.554858858858859 333
260 7.1 14.234746478873236 1.980621297588066 194.526 11.094 15.535402173913043 460
270 1.6 17.704625000000004 5.819810659237549 194.526 11.094 15.361491525423727 531
280 0.2 17.5805 0.28249999999999975 194.526 11.094 15.430029250457036 547
290 0.2 14.347999999999999 0.33299999999999974 194.526 11.094 15.43786338797814 549
300 13.6 23.812205882352945 31.776314800658593 263.612 11.094 15.433907441016332 551
310 28.3 16.890067137809176 19.443306486909638 287.371 11.094 17.09249344978166 687
320 13.9 13.644093525179855 1.5464919219428 287.371 11.012 17.033435051546387 970
330 1.7 15.168764705882355 1.2662535537102104 287.371 11.012 16.608621280432818 1109
340 0.3 16.436 0.5113244240857922 287.371 11.012 16.586882770870332 1126
350 0 0 0 287.371 11.012 16.586481842338348 1129
360 0 0 0 287.371 11.012 16.586481842338348 1129
370 6.6 42.3983484848485 61.14146754552906 407.543 11.012 16.586481842338348 1129
380 48.7 35.66706365503083 52.970564423740726 716.004 11.012 18.012074476987443 1195
390 47.2 17.85065254237288 20.211615383879725 716.004 11.012 23.123834126040435 1682
400 12.8 13.945757812499995 1.5671839830274292 716.004 11.012 21.968336583101213 2154
410 0.7 15.747714285714286 1.0749933839378754 716.004 11.012 21.518340929009646 2282
420 0 0 0 716.004 11.012 21.500693752730456 2289
430 0 0 0 716.004 11.012 21.500693752730456 2289
440 0.7 73.73257142857142 66.07423813918302 716.004 11.012 21.500693752730456 2289
450 10 1372.493939999999 981.5497372642391 4307.212 0.838 21.65993728222997 2296
460 39.9 1528.3414536340863 1311.5185909282159 7694.389 0.808 78.0386519198664 2396
470 116.1 1287.306342807924 1401.82165024946 8973.101 0.808 285.0765116279071 2795
480 52.9 53.24868052930058 218.62074508272872 8973.101 0.808 579.2091794742165 3956
490 6.3 21.525142857142853 24.536629850249668 8973.101 0.808 517.1728129319956 4485
500 0.4 17.508999999999997 0.5981926947063149 8973.101 0.808 510.3069810905894 4548
507 0 0 0 8973.101 0.808 509.8739424428823 4552
