0 2.6 26
10 0.4 30
20 0 30
30 1.3 43
40 3.5 78
50 0.4 82
60 0 82
70 0 82
80 6.6 148
90 5.4 202
100 0 202
110 0 202
120 0 202
130 4.4 246
140 14.3 389
150 2.3 412
160 0 412
170 0 412
180 26.5 677
190 20.9 886
200 0 886
210 0 886
220 0 886
230 55.8 1444
240 40.2 1846
250 0 1846
260 0 1846
270 0 1846
280 0 1846
290 101.6 2862
300 81.7 3679
310 0 3679
320 0 3679
330 0 3679
340 0 3679
350 0 3679
360 82.1 4500
370 247.8 6978
380 42.7 7405
390 0 7405
400 0 7405
410 0 7405
420 0 7405
430 0 7405
440 420.9 11614
450 332.6 14940
460 0 14940
470 0 14940
480 0 14940
490 0 14940
500 0 14940
507 0 14940
