0 26 26
10 14 29
20 1 29
30 13 29
40 42 43
50 23 43
60 4 43
70 0 43
80 65 65
90 89 105
100 32 105
110 4 105
120 2 105
130 44 105
140 171 171
150 89 183
160 23 183
170 1 183
180 263 263
190 335 412
200 118 412
210 20 412
220 1 412
230 549 549
240 690 846
250 233 846
260 36 846
270 5 846
280 1 846
290 1000 1000
300 1330 1589
310 439 1589
320 58 1589
330 5 1589
340 0 1589
350 0 1589
360 820 1589
370 2995 2995
380 1817 3242
390 397 3242
400 39 3242
410 4 3242
420 0 3242
430 0 3242
440 4171 4172
450 7042 7246
460 5700 7246
470 2277 7246
480 202 7246
490 14 7246
500 0 7246
507 0 7246
