0 4.2 42
10 7.2 114
20 3.3 147
30 1.3 160
40 7.4 234
50 16 394
60 8.2 476
70 1.7 493
80 0.1 494
90 2.8 522
100 23.2 754
110 22.2 976
120 9.8 1074
130 2.3 1097
140 0.2 1099
150 7.6 1175
160 43.8 1613
170 49.5 2108
180 24.3 2351
190 5 2401
200 0.7 2408
210 50.7 2915
220 102.9 3944
230 70.6 4650
240 18.8 4838
250 2.9 4867
260 0.6 4873
270 81.5 5688
280 88.3 6571
290 149.2 8063
300 133.1 9394
310 35.9 9753
320 18 9933
330 7.4 10007
340 0.6 10013
350 67 10683
360 48.2 11165
370 32.3 11488
380 97.2 12460
390 179.2 14252
400 115.5 15407
410 110.4 16511
420 173.8 18249
430 49.9 18748
440 5.2 18800
450 0.9 18809
460 2.9 18838
470 2.3 18861
480 8.5 18946
490 13.5 19081
500 2 19101
510 0.8 19109
517 0.1 19110
