0 2.3 2.7484782608695655 4.273340652988471 22.762 1.535 0 0
10 0.7 1.842 0.12453341490769228 22.762 1.535 2.7484782608695655 23
20 0 0 0 22.762 1.535 2.536966666666667 30
30 0 0 0 22.762 1.535 2.536966666666667 30
40 4 1.9341750000000002 0.6566985567023883 22.762 1.535 2.536966666666667 30
50 2 1.84315 0.09915355515562717 22.762 1.535 2.1925142857142856 70
60 0 0 0 22.762 1.535 2.1148777777777776 90
70 0 0 0 22.762 1.535 2.1148777777777776 90
80 0 0 0 22.762 1.535 2.1148777777777776 90
90 2.2 2.028318181818181 1.2214336355418813 22.762 1.525 2.1148777777777776 90
100 7.8 1.8464358974358974 0.8235657087689435 22.762 1.429 2.0978749999999997 112
110 1.1 1.7089090909090912 0.13813462112634542 22.762 1.429 1.994652631578947 190
120 0 0 0 22.762 1.429 1.979014925373134 201
130 0 0 0 22.762 1.429 1.979014925373134 201
140 0 0 0 22.762 1.429 1.979014925373134 201
150 5.6 1.910053571428571 0.8583198583703858 22.762 1.429 1.979014925373134 201
160 16.7 1.751353293413173 0.35721217764015667 22.762 1.211 1.9639883268482485 257
170 1.7 1.809882352941177 0.6042969548893831 22.762 1.211 1.8802382075471693 424
180 0 0 0 22.762 1.211 1.8775260770975053 441
190 0 0 0 22.762 1.211 1.8775260770975053 441
200 0 0 0 22.762 1.211 1.8775260770975053 441
210 27.4 1.8130802919708022 1.5523007979369936 22.762 1.211 1.8775260770975053 441
220 18.9 1.5882910052910066 0.569925805041699 22.762 1.173 1.8528293706293701 715
230 0 0 0 22.762 1.173 1.7975221238938053 904
240 0 0 0 22.762 1.173 1.7975221238938053 904
250 0 0 0 22.762 1.173 1.7975221238938053 904
260 0 0 0 22.762 1.173 1.7975221238938053 904
270 55.6 1.678359712230217 1.5450213847193839 24.591 1.143 1.7975221238938053 904
280 40.4 1.5111707920792075 0.32049430114697747 24.591 1.133 1.752142465753425 1460
290 0 0 0 24.591 1.133 1.6999146995708156 1864
300 0 0 0 24.591 1.133 1.6999146995708156 1864
310 0 0 0 24.591 1.133 1.6999146995708156 1864
320 0 0 0 24.591 1.133 1.6999146995708156 1864
330 0 0 0 24.591 1.133 1.6999146995708156 1864
340 0 0 0 24.591 1.133 1.6999146995708156 1864
350 106.5 1.6849530516431919 1.5407523056219703 35.494 1.1 1.6999146995708156 1864
360 171.6 1.4950372960373 0.4724886054625966 35.494 0.991 1.6944745646978492 2929
370 60.9 1.5735533661740557 0.5072436712880106 35.494 0.991 1.620796555435954 4645
380 6 1.6937666666666662 0.5780773122073627 35.494 0.991 1.6153205177008008 5254
390 0.2 1.444 0.05400000000000005 35.494 0.991 1.6162062476477244 5314
400 2.1 1.6143809523809525 0.19415322279813566 35.494 0.991 1.6161414597441701 5316
410 3.2 1.71821875 1.08828284278419 35.494 0.991 1.6161345325089018 5337
420 0.4 1.68075 0.13219753212522542 35.494 0.991 1.6167429688955128 5369
430 0 0 0 35.494 0.991 1.6167906197654958 5373
440 0 0 0 35.494 0.991 1.6167906197654958 5373
450 0 0 0 35.494 0.991 1.6167906197654958 5373
460 0 0 0 35.494 0.991 1.6167906197654958 5373
470 0 0 0 35.494 0.991 1.6167906197654958 5373
480 0 0 0 35.494 0.991 1.6167906197654958 5373
490 0 0 0 35.494 0.991 1.6167906197654958 5373
500 0 0 0 35.494 0.991 1.6167906197654958 5373
510 0 0 0 35.494 0.991 1.6167906197654958 5373
517 0 0 0 35.494 0.991 1.6167906197654958 5373
