0 6.8 124.6618088235294 126.46045537384607 405.532 5.321 0 0
10 13.1 92.52417557251914 114.96078223633059 405.532 4.473 124.6618088235294 68
20 4.6 444.4619130434783 1069.8264366365559 3610.831 4.473 103.50587939698495 199
30 1.6 235.61806250000006 817.5326573061523 3610.831 4.473 167.5221142857143 245
40 10.3 121.77391262135924 125.75849127308909 3610.831 4.473 171.69657854406134 261
50 28.2 136.74594326241143 375.4433537715049 3701.262 4.453 157.57010989010993 364
60 12.3 248.26790243902389 752.3538811874122 3701.262 4.453 148.4796842105264 646
70 2.1 25.79228571428571 20.39615192731651 3701.262 4.453 164.44060858257475 769
80 0.2 35.042 23.445 3701.262 4.453 160.75502025316453 790
90 3.3 143.43757575757573 135.0207952378762 3701.262 4.453 160.4375631313131 792
100 38.4 125.09388281250007 136.4507025720481 3701.262 4.453 159.7575636363636 825
110 37.6 130.68048936170223 378.47862612413604 3729.325 4.12 148.74775930521093 1209
120 13.6 242.20390441176454 746.380830611831 3852.782 4.12 144.46176971608836 1585
130 3 149.36433333333338 682.7812631831824 3852.782 4.12 152.1857269029634 1721
140 0.2 44.826 31.357000000000003 3852.782 4.12 152.13738777841237 1751
150 9.9 142.94868686868688 141.49089672446016 3852.782 4.12 152.01495607529952 1753
160 72.9 142.4003799725653 163.24775182906026 3852.782 4.12 151.53031209503243 1852
170 84.6 157.5122576832153 463.9921490970149 4612.23 4.12 148.95157497094155 2581
180 34.9 250.00860744985619 877.8345859013434 4928.885 4.12 151.0648920338489 3427
190 6.4 345.13293749999997 1100.4545873557759 4928.885 4.12 160.20984878177964 3776
200 0.7 31.71842857142857 17.392908726236207 4928.885 4.12 163.29190026041667 3840
210 77.4 175.58922739018078 203.3107252579018 4928.885 4.12 163.05248921237327 3847
220 180.7 212.73402268954072 414.00132960090775 7295.6 4.12 165.1523453797879 4621
230 111.3 338.6178230008988 1127.8648523324678 9106.451 4.12 178.52821515245802 6428
240 26.4 241.85941666666673 1010.4985126260927 9106.451 4.12 202.1563458427265 7541
250 3.2 25.971968750000002 17.64055290637948 9106.451 4.12 203.49928122998082 7805
260 0.6 28.736166666666666 15.584512744138719 9106.451 4.12 202.77440257751695 7837
270 131.1 336.09089778794754 505.6239027042706 9106.451 4.12 202.64126099706746 7843
280 183.9 913.9908656878736 1901.7745649719914 10325.743 4.12 221.7533949093292 9154
290 228 2744.8338999999974 4289.660894609623 15847.158 4.12 337.55660684071677 10993
300 201.6 1115.3670034722193 2589.5240637024554 26642.857 4.12 751.0721819483156 13273
310 51.7 1064.7906692456481 4734.296714445881 31510.134 4.12 799.1079174569944 15289
320 25 4948.092439999998 8833.009844170627 33063.755 4.12 807.798160571934 15806
330 8 30.0306625 14.306557509533652 33063.755 4.12 872.2646260587935 16056
340 0.6 29.11883333333333 13.674980504759617 33063.755 4.12 868.0889494918188 16136
350 125.8 396.29814705882364 917.3930307836687 33063.755 4.12 867.7771033329195 16142
360 198.5 732.8344700251889 2557.662621012596 33063.755 0.777 833.6897167241372 17400
370 97.3 4625.767696813972 7728.488969155696 33063.755 0.777 823.3622643280881 19385
380 162.8 8193.326442874679 12050.08472842346 33063.755 0.777 1005.0962502701633 20358
390 301.2 8640.468569389115 13529.675767548548 36591.735 0.777 1537.3640003638664 21986
400 203.2 4890.904219488177 10609.677644712538 36783.091 0.777 2393.2145068805494 24998
410 157.5 7965.905723809516 11635.747601584973 38048.707 0.777 2580.980156011837 27030
420 237.5 5487.110708210518 9206.287695954134 38048.707 0.777 2877.4757955602145 28605
430 67.2 352.61308928571407 3476.659437521521 60003.727 0.777 3077.53657404777 30980
440 6.9 5259.502449275362 16894.795481452173 60006.582 0.777 3019.6840345001874 31652
450 3.2 28135.241281250004 29936.72949448605 60027.23 0.777 3024.556121465273 31721
460 6.4 17822.761265625002 27410.40409090746 60030.759 0.777 3049.8621374358304 31753
470 8.5 27538.279200000004 29895.856180931492 60043.86 0.777 3079.577872552407 31817
480 28.4 25994.79926760563 29729.111010732362 60059.105 0.777 3144.745874960815 31902
490 18.5 6499.59942702703 18631.57931426915 60059.804 0.777 3346.3681692350688 32186
500 2.1 16.927428571428567 4.53362953063971 60059.804 0.777 3364.3888600599275 32371
510 0.8 16.0675 2.4011468613976956 60059.804 0.777 3362.218673283524 32392
517 0.1 18.205 0.0 60059.804 0.777 3361.3924631172813 32400
