10 0.1 2486 0 2486 2486 0 0
20 0.1 3038.0 0.0 3038 2486 2486.0 1
30 0.1 978.0 0.0 3038 978 2762.0 2
40 0.1 133.0 0.0 3038 133 2167.3333333333335 3
50 0.1 4236.0 0.0 4236 133 1658.75 4
60 0.1 6962.0 0.0 6962 133 2174.2 5
70 0.1 2393.0 0.0 6962 133 2972.1666666666665 6
80 0.1 130.0 0.0 6962 130 2889.4285714285716 7
90 0.1 51.0 0.0 6962 51 2544.5 8
100 0.1 2650.0 0.0 6962 51 2267.4444444444443 9
110 0.1 12584.0 0.0 12584 51 2305.7 10
120 0.1 8262.0 0.0 12584 51 3240.090909090909 11
130 0.1 2174.0 0.0 12584 51 3658.5833333333335 12
140 0.1 157.0 0.0 12584 51 3544.3846153846152 13
150 0.1 5.0 0.0 12584 5 3302.4285714285716 14
160 0.1 4565.0 0.0 12584 5 3082.6 15
170 0.1 27050.0 0.0 27050 5 3175.25 16
180 0.1 19972.0 0.0 27050 5 4579.64705882353 17
190 0.1 6324.0 0.0 27050 5 5434.777777777777 18
200 0.1 509.0 0.0 27050 5 5481.578947368421 19
210 0.1 33.0 0.0 27050 5 5232.95 20
220 0.1 35527.0 0.0 35527 5 4985.333333333333 21
230 0.1 52873.0 0.0 52873 5 6373.590909090909 22
240 0.1 29490.0 0.0 52873 5 8395.304347826086 23
250 0.1 3672.0 0.0 52873 5 9274.249999999998 24
260 0.1 177.0 0.0 52873 5 9050.159999999998 25
270 0.1 27.0 0.0 52873 5 8708.884615384613 26
280 0.1 62064.0 0.0 62064 5 8387.33333333333 27
290 0.1 52480.0 0.0 62064 5 10304.35714285714 28
300 0.1 103372.0 0.0 103372 5 11758.68965517241 29
310 0.1 58567.0 0.0 103372 5 14812.466666666664 30
320 0.1 8012.0 0.0 103372 5 16223.903225806447 31
330 0.1 7361.0 0.0 103372 5 15967.281249999996 32
340 0.1 290.0 0.0 103372 5 15706.484848484844 33
350 0.1 67.0 0.0 103372 5 15253.058823529409 34
360 0.1 38842.0 0.0 103372 5 14819.171428571426 35
370 0.1 29631.0 0.0 103372 5 15486.472222222219 36
380 0.1 40929.0 0.0 103372 5 15868.756756756753 37
390 0.1 98397.0 0.0 103372 5 16528.23684210526 38
400 0.1 144293.0 0.0 144293 5 18627.435897435895 39
410 0.1 67240.0 0.0 144293 5 21769.074999999997 40
420 0.1 95475.0 0.0 144293 5 22878.12195121951 41
430 0.1 108131.0 0.0 144293 5 24606.619047619046 42
440 0.1 5932.0 0.0 144293 5 26549.04651162791 43
450 0.1 288.0 0.0 144293 5 26080.477272727272 44
460 0.1 91.0 0.0 144293 5 25507.31111111111 45
470 0.1 211.0 0.0 144293 5 24954.782608695652 46
480 0.1 259.0 0.0 144293 5 24428.31914893617 47
490 0.1 829.0 0.0 144293 5 23924.791666666668 48
500 0.1 628.0 0.0 144293 5 23453.448979591838 49
510 0.1 78.0 0.0 144293 5 22996.94 50
517 0.1 33.0 0.0 144293 5 22547.549019607843 51
