10 1.1 11065.479636363634 3863.7139323032497 17437.401 5786.819 0 0
20 1.1 14441.546090909089 2349.8508623415178 17867.731 5786.819 11065.479636363634 11
30 0.6 25471.4185 4522.156426344506 31643.782 5786.819 12753.51286363636 22
40 0.2 33104.365000000005 2785.899000000003 35890.264 5786.819 15478.778357142855 28
50 1.9 11553.086684210526 3061.575510225449 35890.264 5065.762 16653.817466666667 30
60 2.8 17191.006178571424 4642.402874583455 35890.264 5065.762 14675.983081632656 49
70 1.1 24371.967727272728 4424.066059644106 35890.264 5065.762 15590.536935064936 77
80 0.1 30923.284 0.0 35890.264 5065.762 16688.21578409091 88
90 0.1 44859.608 0.0 44859.608 5065.762 16848.160370786518 89
100 0.9 8829.799333333334 2458.69028916386 44859.608 5065.762 17159.39867777778 90
110 5.1 13220.888215686276 3641.5070378202913 44859.608 5065.762 16402.162373737374 99
120 3.2 20433.107718749994 4461.784578239332 44859.608 5065.762 15320.529159999998 150
130 1.6 25073.4805 3374.5462775109127 44859.608 5065.762 16219.444071428568 182
140 0.2 34497.979 4297.635999999999 44859.608 5065.762 16934.92176262626 198
150 0.1 43244.664 0.0 44859.608 5065.762 17110.552335 200
160 1.8 8908.691111111113 2167.899113152099 44859.608 4669.472 17240.572791044775 201
170 8.4 13101.829309523813 3710.4566470019968 44859.608 4669.472 16555.760598173514 219
180 10.1 19157.014108910895 4781.301914090804 44859.608 4669.472 15598.23509240924 303
190 3.2 25569.882218749997 3466.233650696673 44859.608 4669.472 16487.929846534655 404
200 0.4 35816.17425 554.1540353256366 44859.608 4669.472 17154.495158256883 436
210 1 10741.336900000002 14089.547702520145 52893.833 4572.472 17324.14678636364 440
220 10.4 11349.357173076925 2838.4491724955424 52893.833 3326.914 17177.862122222225 450
230 21.7 15711.736751152068 4173.057108360024 52893.833 3326.914 16083.702348375455 554
240 11 23317.796909090906 4681.783261915179 52893.833 3326.914 15979.011642023346 771
250 1.9 32444.08905263158 4794.234812457864 52893.833 3326.914 16895.318542565266 881
260 0.4 44647.55 1392.5492517349253 52893.833 3326.914 17223.570364444444 900
270 0.1 5082.614 0.0 52893.833 3326.914 17344.915407079647 904
280 6.7 12856.881955223878 2786.5839581383743 52893.833 3326.914 17331.36590276243 905
290 18.1 20824.428530386744 3383.6331658878426 52893.833 3326.914 17022.939540123454 972
300 40.7 26281.296547911534 4289.2375129476295 52893.833 3326.914 17619.704073720728 1153
310 19.5 32513.17499487177 4267.2891121627135 52893.833 3326.914 19879.491341025634 1560
320 6 45746.494533333316 5414.115521873207 55687.299 3326.914 21283.233969230758 1755
330 4.4 52939.36750000001 4053.5737998743116 64592.88 3326.914 22091.936797796134 1815
340 0.5 60791.58219999999 2510.3012386840305 64592.88 3326.914 22822.053500806876 1859
350 0 0 0 64592.88 3326.914 22923.90309495707 1864
360 1 12707.506899999998 4404.599633954634 64592.88 3326.914 22923.90309495707 1864
370 3.6 19133.250777777783 4609.6231841597 64592.88 3326.914 22869.386573105647 1874
380 7.8 27696.25302564102 6459.598564433071 64592.88 3326.914 22798.96725968585 1910
390 12.7 40408.13955905512 5645.261573260215 64592.88 3326.914 22991.11428672031 1988
400 30.4 47842.87983552634 4278.170270607075 64592.88 3326.914 24036.959303073276 2115
410 30.5 55598.35245573766 5526.268445556682 67869.217 3326.914 27028.69135841256 2419
420 40.5 66511.82587654318 4555.932992490324 77444.55 3326.914 30227.570446035228 2724
430 34.1 73536.13439589448 3894.5320885009737 85281.783 3326.914 34923.99852189196 3129
440 4.9 83833.28040816326 4614.441607633362 96097.382 3326.914 38718.44760922189 3470
450 0.7 98946.94557142859 6172.364519610937 108396.795 3326.914 39346.64505370843 3519
460 1.9 109359.48547368422 5405.789833501272 117716.008 3326.914 39464.96669398751 3526
470 2.1 118390.59019047618 5483.087681964344 125740.984 3326.914 39839.577655007044 3545
480 7.8 127128.17969230768 4487.893027254947 135087.586 3326.914 40302.16073499719 3566
490 7.6 134364.53574999998 4415.339627406393 145365.846 3326.914 42160.675959659704 3644
500 1.2 142436.28199999998 2680.3714016141753 146987.977 3326.914 44044.410729569885 3720
510 0.4 153199.68375 1219.4613656925376 154528.067 3326.914 44360.78330600214 3732
517 0.1 164658.526 0.0 164658.526 3326.914 44477.31317799786 3736
