0 2168.60546875 2168.60546875
10 3142.9734375 5311.57890625
20 1277.07265625 6588.6515625
30 110.6578125 6699.309375
40 3443.68828125 10142.99765625
50 7300.09375 17443.09140625
60 3012.3203125 20455.41171875
70 176.90625 20632.31796875
80 36.51328125 20668.83125
90 1417.465625 22086.296875
100 12174.25390625 34260.55078125
110 9407.134375 43667.68515625
120 3078.171875 46745.85703125
130 258.05390625 47003.9109375
140 4.49375 47008.4046875
150 3661.33125 50669.7359375
160 24687.21328125 75356.94921875
170 23184.14375 98541.09296875
180 7483.73515625 106024.828125
190 806.7390625 106831.5671875
200 13.31875 106844.8859375
210 30188.70703125 137033.59296875
220 56795.6625 193829.25546875
230 33861.5921875 227690.84765625
240 4516.43828125 232207.2859375
250 161.03046875 232368.31640625
260 11.6453125 232379.96171875
270 54495.19296875 286875.1546875
280 52190.4015625 339065.55625
290 106224.0296875 445289.5859375
300 71814.0484375 517103.634375
310 11010.1875 528113.821875
320 8718.98515625 536832.80703125
330 137.1359375 536969.94296875
340 11.6859375 536981.62890625
350 33630.9 570612.52890625
360 20974.09453125 591586.6234375
370 36897.95625 628484.5796875
380 90892.23359375 719376.81328125
390 164976.40859375 884353.221875
400 73467.45546875 957820.67734375
410 96145.88046875 1053966.5578125
420 131780.0484375 1185746.60625
430 8686.20859375 1194432.81484375
440 439.6328125 1194872.44765625
450 33.4671875 1194905.91484375
460 90.3265625 1194996.24140625
470 90.6640625 1195086.90546875
480 322.0609375 1195408.96640625
490 333.50703125 1195742.4734375
500 46.103125 1195788.5765625
510 16.6 1195805.1765625
517 2.84296875 1195808.01953125
