10 0.5 9.752600000000001 5.298965582073542 20.264 6.67 0 0
20 0 0 0 20.264 6.67 9.752600000000001 5
30 0 0 0 20.264 6.67 9.752600000000001 5
40 0 0 0 20.264 6.67 9.752600000000001 5
50 0.8 9.804375 4.43174420904174 20.264 6.67 9.752600000000001 5
60 0.3 7.299666666666667 0.2753982974207037 20.264 6.67 9.784461538461539 13
70 0 0 0 20.264 6.67 9.3185625 16
80 0 0 0 20.264 6.67 9.3185625 16
90 0 0 0 20.264 6.67 9.3185625 16
100 0.4 10.77025 5.269780373744242 20.264 6.67 9.3185625 16
110 1.6 10.193249999999999 10.6214814850613 51.234 6.509 9.6089 20
120 0.5 10.3804 5.942667199162343 51.234 6.117 9.868611111111111 36
130 0 0 0 51.234 6.117 9.931024390243902 41
140 0 0 0 51.234 6.117 9.931024390243902 41
150 0 0 0 51.234 6.117 9.931024390243902 41
160 1.1 7.570363636363637 0.7707563313486627 51.234 6.117 9.931024390243902 41
170 3 8.019933333333334 1.2691792343435535 51.234 6.117 9.431653846153846 52
180 1.2 8.52475 3.8160242863701304 51.234 6.117 8.915170731707319 82
190 0 0 0 51.234 6.117 8.865329787234044 94
200 0 0 0 51.234 6.117 8.865329787234044 94
210 0.4 7.90125 1.1871253882804464 51.234 6.117 8.865329787234044 94
220 4.7 13.629531914893619 19.40860753317046 133.078 6.117 8.825979591836736 98
230 3.9 9.307948717948715 2.1650403199741435 133.078 6.117 10.382993103448277 145
240 0.4 8.022 0.28050757565527484 133.078 6.117 10.155130434782608 184
250 0 0 0 133.078 6.117 10.109744680851064 188
260 0 0 0 133.078 6.117 10.109744680851064 188
270 0.3 14.302333333333332 3.280451425574772 133.078 6.117 10.109744680851064 188
280 2.8 51.97332142857143 44.97449903640123 211.944 6.117 10.175596858638743 191
290 6.1 40.33616393442622 32.57234429831356 211.944 6.117 15.519598173515984 219
300 8.4 25.69494047619048 23.843377658692333 211.944 6.117 20.926064285714286 280
310 2.3 11.072347826086958 1.7572641435826775 211.944 6.117 22.026574175824177 364
320 0 0 0 211.944 6.117 21.375547803617575 387
330 0 0 0 211.944 6.117 21.375547803617575 387
340 0 0 0 211.944 6.117 21.375547803617575 387
350 0 0 0 211.944 6.117 21.375547803617575 387
360 0.6 171.02233333333334 124.45223482346773 377.019 2.67 21.375547803617575 387
370 0.8 1624.79775 986.5009086059868 2629.363 2.67 23.660231552162852 393
380 1.4 734.8838571428574 662.2504926487794 2629.363 2.67 55.60312468827931 401
390 3.5 137.50014285714278 116.96813476599827 2629.363 2.67 78.51861927710844 415
400 3.9 86.11123076923074 96.03276708351153 2629.363 2.67 83.10607111111112 450
410 10.3 66.93443689320391 63.239106472269725 2629.363 2.67 83.34574642126789 489
420 15 34.18181999999998 31.54828203395973 2629.363 2.67 80.49040033783784 592
430 2.3 11.422478260869568 2.1819409761587174 2629.363 2.67 71.12882749326145 742
440 0 0 0 2629.363 2.67 69.33373464052286 765
450 0 0 0 2629.363 2.67 69.33373464052286 765
460 0 0 0 2629.363 2.67 69.33373464052286 765
470 0 0 0 2629.363 2.67 69.33373464052286 765
480 0 0 0 2629.363 2.67 69.33373464052286 765
490 0 0 0 2629.363 2.67 69.33373464052286 765
500 0 0 0 2629.363 2.67 69.33373464052286 765
510 0 0 0 2629.363 2.67 69.33373464052286 765
517 0 0 0 2629.363 2.67 69.33373464052286 765
