10 0.4 7.264749999999999 2.1415695616766683 10.931 5.597 0 0
20 0 0 0 10.931 5.597 7.264749999999999 4
30 0 0 0 10.931 5.597 7.264749999999999 4
40 0 0 0 10.931 5.597 7.264749999999999 4
50 0.3 6.153333333333333 0.2696594560222617 10.931 5.597 7.264749999999999 4
60 0.1 5.986 0.0 10.931 5.597 6.788428571428571 7
70 0 0 0 10.931 5.597 6.688124999999999 8
80 0 0 0 10.931 5.597 6.688124999999999 8
90 0 0 0 10.931 5.597 6.688124999999999 8
100 0.8 11.160374999999998 11.762741580276895 42.244 5.597 6.688124999999999 8
110 0.4 7.6115 2.085618193725783 42.244 5.484 8.924249999999999 16
120 0 0 0 42.244 5.484 8.6617 20
130 0 0 0 42.244 5.484 8.6617 20
140 0 0 0 42.244 5.484 8.6617 20
150 0 0 0 42.244 5.484 8.6617 20
160 1.2 6.904083333333333 1.0883689982670808 42.244 5.484 8.6617 20
170 0.9 6.748666666666667 0.4917131051515484 42.244 5.484 8.002593749999999 32
180 0 0 0 42.244 5.484 7.727341463414634 41
190 0 0 0 42.244 5.484 7.727341463414634 41
200 0 0 0 42.244 5.484 7.727341463414634 41
210 0.5 6.4030000000000005 0.6061349684682447 42.244 5.484 7.727341463414634 41
220 2.9 13.243448275862072 15.48943911093822 69.477 5.484 7.583391304347825 46
230 2.4 9.362041666666665 2.8695197693337504 69.477 5.484 9.771946666666667 75
240 0 0 0 69.477 5.484 9.672575757575757 99
250 0 0 0 69.477 5.484 9.672575757575757 99
260 0 0 0 69.477 5.484 9.672575757575757 99
270 0.3 15.426666666666668 3.297248583625781 69.477 5.484 9.672575757575757 99
280 1.8 109.45311111111111 95.13430522213721 418.633 5.484 9.841813725490194 102
290 4 74.08052500000001 71.31680566107386 418.633 5.484 24.78350833333333 120
300 4.3 25.397093023255817 17.013313840983823 418.633 5.484 37.1077625 160
310 0.9 14.705777777777778 9.672383376026795 418.633 5.484 34.62717733990148 203
320 0 0 0 418.633 5.484 33.78145754716981 212
330 0 0 0 418.633 5.484 33.78145754716981 212
340 0 0 0 418.633 5.484 33.78145754716981 212
350 0 0 0 418.633 5.484 33.78145754716981 212
360 0.2 97.57 8.872 418.633 5.484 33.78145754716981 212
370 1.3 525.9056153846154 960.2449834844263 2528.993 1.777 34.37761214953271 214
380 1.1 510.4783636363636 558.4361682986245 2528.993 1.777 62.52679295154185 227
390 1.7 197.69417647058825 150.6840235238023 2528.993 1.777 83.23043697478992 238
400 2.4 124.33391666666665 83.97230632472264 2528.993 1.777 90.86135294117648 255
410 5.2 101.66038461538463 63.59387104151138 2528.993 1.777 93.74071326164875 279
420 6.1 55.5940819672131 83.00707735050048 2528.993 1.777 94.9848912386707 331
430 0.4 12.077749999999998 1.3728549404434545 2528.993 1.777 88.85519897959183 392
440 0 0 0 2528.993 1.777 88.0796691919192 396
450 0 0 0 2528.993 1.777 88.0796691919192 396
460 0 0 0 2528.993 1.777 88.0796691919192 396
470 0 0 0 2528.993 1.777 88.0796691919192 396
480 0 0 0 2528.993 1.777 88.0796691919192 396
490 0 0 0 2528.993 1.777 88.0796691919192 396
500 0 0 0 2528.993 1.777 88.0796691919192 396
510 0 0 0 2528.993 1.777 88.0796691919192 396
517 0 0 0 2528.993 1.777 88.0796691919192 396
