0 0.4 328.08500000000004 35.138119108740014 358.526 268.683 0 0
10 0.2 317.2 35.59800000000001 358.526 268.683 328.08500000000004 4
20 0 0 0 358.526 268.683 324.4566666666667 6
30 0 0 0 358.526 268.683 324.4566666666667 6
40 0.8 293.976875 26.55851056364748 358.526 259.737 324.4566666666667 6
50 0.1 289.711 0.0 358.526 259.737 307.0396428571429 14
60 0 0 0 358.526 259.737 305.8844 15
70 0 0 0 358.526 259.737 305.8844 15
80 0 0 0 358.526 259.737 305.8844 15
90 0.2 289.4095 12.666500000000028 358.526 259.737 305.8844 15
100 0.8 319.722625 49.24894545555646 420.378 259.737 303.9461764705883 17
110 0.1 282.89 0.0 420.378 259.737 308.99464000000006 25
120 0 0 0 420.378 259.737 307.99061538461547 26
130 0 0 0 420.378 259.737 307.99061538461547 26
140 0 0 0 420.378 259.737 307.99061538461547 26
150 0.8 316.810375 31.951596114034338 420.378 259.737 307.99061538461547 26
160 1.8 372.3037222222222 74.66558842212952 543.502 259.737 310.0658529411765 34
170 0.3 438.792 61.550905289849304 543.502 259.737 331.60973076923074 52
180 0 0 0 543.502 259.737 337.4560363636363 55
190 0 0 0 543.502 259.737 337.4560363636363 55
200 0 0 0 543.502 259.737 337.4560363636363 55
210 2.8 470.363 165.70699287382445 1097.65 259.737 337.4560363636363 55
220 1 531.7832000000001 181.29269539493308 1097.65 259.737 382.2921204819277 83
230 0 0 0 1097.65 259.737 398.3664301075269 93
240 0 0 0 1097.65 259.737 398.3664301075269 93
250 0 0 0 1097.65 259.737 398.3664301075269 93
260 0 0 0 1097.65 259.737 398.3664301075269 93
270 3.5 1018.7007714285714 551.1023434006784 2862.59 259.737 398.3664301075269 93
280 1.9 4084.7944736842105 2145.2732059954596 9237.222 259.737 567.9891015625001 128
290 3.1 10604.564903225806 1710.7142774897602 15252.97 259.737 1022.5421768707483 147
300 0 0 0 15252.97 259.737 2691.321415730337 178
310 0 0 0 15252.97 259.737 2691.321415730337 178
320 0 0 0 15252.97 259.737 2691.321415730337 178
330 0 0 0 15252.97 259.737 2691.321415730337 178
340 0 0 0 15252.97 259.737 2691.321415730337 178
350 1.7 3313.377235294118 1767.9916805617254 15252.97 259.737 2691.321415730337 178
360 4 5455.440249999999 6320.3034832682115 15553.623 2.532 2745.5519230769232 195
370 1.9 20493.401578947374 2536.2007454777968 25059.954 2.532 3206.809510638298 235
380 4.2 27339.253357142858 1666.3212759016815 31376.856 2.532 4499.901043307087 254
390 6 31350.043850000002 1351.3590363081626 35048.505 2.532 7740.619952702703 296
400 0.3 35920.348333333335 333.8401053262228 36332.114 2.532 11719.73633988764 356
410 0 0 0 36332.114 2.532 11921.969866295265 359
420 0 0 0 36332.114 2.532 11921.969866295265 359
430 0 0 0 36332.114 2.532 11921.969866295265 359
440 0 0 0 36332.114 2.532 11921.969866295265 359
450 0 0 0 36332.114 2.532 11921.969866295265 359
460 0 0 0 36332.114 2.532 11921.969866295265 359
470 0 0 0 36332.114 2.532 11921.969866295265 359
480 0 0 0 36332.114 2.532 11921.969866295265 359
490 0 0 0 36332.114 2.532 11921.969866295265 359
500 0 0 0 36332.114 2.532 11921.969866295265 359
510 0 0 0 36332.114 2.532 11921.969866295265 359
517 0 0 0 36332.114 2.532 11921.969866295265 359
