0 0.4 79.18325 10.193924670483886 96.741 71.697 0 0
10 0.6 62.589166666666664 4.225194528723567 96.741 58.378 79.18325 4
20 0.1 60.614 0.0 96.741 58.378 69.2268 10
30 0 0 0 96.741 58.378 68.44381818181819 11
40 0.1 61.611 0.0 96.741 58.378 68.44381818181819 11
50 1.2 69.10108333333334 10.885818836589905 96.741 58.378 67.87441666666668 12
60 0.4 70.68225 10.125112477770312 96.741 58.378 68.48775 24
70 0 0 0 96.741 58.378 68.80125000000001 28
80 0 0 0 96.741 58.378 68.80125000000001 28
90 0 0 0 96.741 58.378 68.80125000000001 28
100 1.2 64.11425000000001 5.333925479497568 96.741 58.378 68.80125000000001 28
110 1.1 73.54036363636364 17.475121215720712 118.181 58.378 67.39515000000002 40
120 0 0 0 118.181 58.378 68.72058823529413 51
130 0 0 0 118.181 58.378 68.72058823529413 51
140 0 0 0 118.181 58.378 68.72058823529413 51
150 0 0 0 118.181 58.378 68.72058823529413 51
160 2.1 68.52114285714285 7.097374982784727 118.181 58.378 68.72058823529413 51
170 3.8 81.58126315789472 35.74086401974799 266.147 58.378 68.66241666666667 72
180 0.6 73.89433333333334 18.981270397128036 266.147 58.378 73.12529090909091 110
190 0 0 0 266.147 58.378 73.16506896551725 116
200 0 0 0 266.147 58.378 73.16506896551725 116
210 1 80.6642 15.421325356790835 266.147 58.378 73.16506896551725 116
220 7.7 96.23545454545459 33.30487972379972 266.147 58.378 73.76023809523811 126
230 5 87.16986000000003 20.041816201143053 266.147 58.378 82.28532019704436 203
240 0.5 64.8848 4.485705268962731 266.147 58.378 83.25064426877474 253
250 0 0 0 266.147 58.378 82.8947170542636 258
260 0 0 0 266.147 58.378 82.8947170542636 258
270 1.3 134.4293846153846 35.87161214995343 266.147 58.378 82.8947170542636 258
280 6 492.2220333333332 202.8814331099954 915.834 58.378 85.3668597785978 271
290 12.9 472.25973643410794 254.84940399361227 1213.507 58.378 159.1170422960725 331
300 7.6 274.8904078947368 139.95280895210223 1213.507 58.378 246.93314565217372 460
310 0.1 89.448 0.0 1213.507 58.378 250.8972350746267 536
320 0 0 0 1213.507 58.378 250.59658472998123 537
330 0 0 0 1213.507 58.378 250.59658472998123 537
340 0 0 0 1213.507 58.378 250.59658472998123 537
350 0.3 494.07033333333334 144.672847948589 1213.507 58.378 250.59658472998123 537
360 2.4 932.5874583333334 753.1143267186143 1875.139 2.517 251.94921666666653 540
370 4.8 1482.4301458333339 1564.525107336874 4360.448 1.293 280.91254609929064 564
380 7.1 2257.1463239436616 879.0469046134571 4907.536 1.293 375.1492205882352 612
390 21.2 1468.9412688679254 402.76992418078186 4907.536 1.293 570.7887437774523 683
400 18.2 1297.5497197802197 321.9272633890592 4907.536 1.293 783.5354871508381 895
410 2.6 1001.8006923076929 371.8889841950118 4907.536 1.293 870.3976880222842 1077
420 0 0 0 4907.536 1.293 873.4951296464188 1103
430 0 0 0 4907.536 1.293 873.4951296464188 1103
440 0 0 0 4907.536 1.293 873.4951296464188 1103
450 0 0 0 4907.536 1.293 873.4951296464188 1103
460 0 0 0 4907.536 1.293 873.4951296464188 1103
470 0 0 0 4907.536 1.293 873.4951296464188 1103
480 0 0 0 4907.536 1.293 873.4951296464188 1103
490 0 0 0 4907.536 1.293 873.4951296464188 1103
500 0 0 0 4907.536 1.293 873.4951296464188 1103
510 0 0 0 4907.536 1.293 873.4951296464188 1103
517 0 0 0 4907.536 1.293 873.4951296464188 1103
