0 1 309.762 39.95029593131947 405.697 275.826 0 0
10 0.3 361.07 23.367322924688374 405.697 275.826 309.762 10
20 0 0 0 405.697 275.826 321.6023076923077 13
30 0 0 0 405.697 275.826 321.6023076923077 13
40 2.1 291.8216666666666 20.283669228349172 405.697 271.236 321.6023076923077 13
50 1.3 327.0663076923077 67.61241438282288 478.871 269.672 303.20838235294116 34
60 0 0 0 478.871 269.672 309.8073829787234 47
70 0 0 0 478.871 269.672 309.8073829787234 47
80 0 0 0 478.871 269.672 309.8073829787234 47
90 1.2 295.52399999999994 22.42599888150655 478.871 268.091 309.8073829787234 47
100 5.4 318.2526296296296 51.76708265637262 525.091 268.091 306.9022881355932 59
110 1.1 314.82972727272727 54.092747448821484 525.091 268.091 312.32634513274337 113
120 0 0 0 525.091 268.091 312.5484193548387 124
130 0 0 0 525.091 268.091 312.5484193548387 124
140 0 0 0 525.091 268.091 312.5484193548387 124
150 2.5 328.13756000000006 31.5864179749208 525.091 268.091 312.5484193548387 124
160 10.8 363.07623148148144 76.75131888161131 774.813 268.091 315.16404697986576 149
170 1.3 379.78638461538463 56.33721144970696 774.813 268.091 335.2983501945525 257
180 0 0 0 774.813 268.091 337.44036666666665 270
190 0 0 0 774.813 268.091 337.44036666666665 270
200 0 0 0 774.813 268.091 337.44036666666665 270
210 15.7 428.41109554140155 104.12391447912351 1033.228 268.091 337.44036666666665 270
220 12.6 731.0690952380947 312.29267010151534 1823.382 268.091 370.88862060889943 427
230 0 0 0 1823.382 268.091 452.95505786618446 553
240 0 0 0 1823.382 268.091 452.95505786618446 553
250 0 0 0 1823.382 268.091 452.95505786618446 553
260 0 0 0 1823.382 268.091 452.95505786618446 553
270 28.1 970.6070142348755 445.37286367325873 2777.692 268.091 452.95505786618446 553
280 14.2 4371.768922535209 2182.768398645071 10325.825 268.091 627.3677673860911 834
290 17.1 10044.327356725149 1925.345758946386 15847.198 268.091 1172.1474436475407 976
300 0.2 16447.019 508.89500000000044 16955.914 268.091 2494.852557105493 1147
310 0 0 0 16955.914 268.091 2519.138312445605 1149
320 0 0 0 16955.914 268.091 2519.138312445605 1149
330 0 0 0 16955.914 268.091 2519.138312445605 1149
340 0 0 0 16955.914 268.091 2519.138312445605 1149
350 15.4 2126.5854415584417 1357.0406911281991 16955.914 268.091 2519.138312445605 1149
360 22.7 3885.672436123345 5637.03756577685 16955.914 2.115 2472.7429616270147 1303
370 14 20075.21628571429 2467.261621002832 24843.641 2.115 2682.3736745098035 1530
380 27.6 27521.710347826087 2138.0215332733897 32835.223 2.115 4140.456288622755 1670
390 32.1 31336.909523364488 1466.7702181598468 35525.512 2.115 7456.605374100721 1946
400 0.5 34714.851 530.1667144644215 35525.512 2.115 10837.98059770622 2267
410 0 0 0 35525.512 2.115 10890.526527288732 2272
420 0 0 0 35525.512 2.115 10890.526527288732 2272
430 0 0 0 35525.512 2.115 10890.526527288732 2272
440 0 0 0 35525.512 2.115 10890.526527288732 2272
450 0 0 0 35525.512 2.115 10890.526527288732 2272
460 0 0 0 35525.512 2.115 10890.526527288732 2272
470 0 0 0 35525.512 2.115 10890.526527288732 2272
480 0 0 0 35525.512 2.115 10890.526527288732 2272
490 0 0 0 35525.512 2.115 10890.526527288732 2272
500 0 0 0 35525.512 2.115 10890.526527288732 2272
510 0 0 0 35525.512 2.115 10890.526527288732 2272
517 0 0 0 35525.512 2.115 10890.526527288732 2272
