0 0.2 9.846 0.45700000000000074 10.303 9.389 0 0
10 0.5 10.2252 1.0465133348409847 12.016 9.114 9.846 2
20 0.4 10.071250000000001 0.8186603004299151 12.016 9.114 10.116857142857143 7
30 0 0 0 12.016 9.114 10.100272727272728 11
40 0 0 0 12.016 9.114 10.100272727272728 11
50 0.8 10.316625 1.1030513289847392 12.655 9.114 10.100272727272728 11
60 0.6 9.987833333333333 1.032183352036944 12.655 8.995 10.191368421052633 19
70 0.2 10.4785 0.09349999999999925 12.655 8.995 10.142520000000001 25
80 0.1 11.797 0.0 12.655 8.995 10.167407407407408 27
90 0 0 0 12.655 8.995 10.225607142857145 28
100 0.6 9.896166666666666 0.9553288119223082 12.655 8.549 10.225607142857145 28
110 1.5 11.71746666666667 4.287753271301366 22.433 8.549 10.167470588235297 34
120 0.1 8.138 0.0 22.433 8.138 10.641959183673473 49
130 0.1 14.985 0.0 22.433 8.138 10.591880000000003 50
140 0 0 0 22.433 8.138 10.67801960784314 51
150 0 0 0 22.433 8.138 10.67801960784314 51
160 1.1 13.534090909090908 6.976177821109173 29.577 8.138 10.67801960784314 51
170 3.2 10.9194375 3.0461956390051097 29.577 8.138 11.184741935483874 62
180 2.1 12.336142857142859 6.6827906651959355 34.493 8.138 11.094425531914895 94
190 0.1 9.468 0.0 34.493 8.138 11.321173913043479 115
200 0 0 0 34.493 8.138 11.305198275862072 116
210 0.3 11.254 0.977390744107323 34.493 8.138 11.305198275862072 116
220 5.4 15.788055555555559 7.677036707481909 48.323 8.138 11.303907563025211 119
230 6.4 16.095765625000002 9.2013350198867 51.191 8.138 12.703583815028903 173
240 1.9 10.80194736842105 4.956964972044085 51.191 8.05 13.619616033755275 237
250 0.2 9.369 0.5519999999999996 51.191 8.05 13.410492187500001 256
260 0 0 0 51.191 8.05 13.379162790697675 258
270 0.1 19.767 0.0 51.191 8.05 13.379162790697675 258
280 5 123.91604 73.79813892123839 340.719 8.05 13.403826254826255 259
290 8.1 92.66460493827161 74.08094825751635 340.719 8.05 31.286061488673138 309
300 12.9 48.74282945736434 37.10293568132399 340.719 8.05 44.033912820512825 390
310 1.8 25.077166666666663 12.35377552837818 340.719 8.05 45.20433718689789 519
320 0 0 0 340.719 8.05 44.529683426443206 537
330 0 0 0 340.719 8.05 44.529683426443206 537
340 0 0 0 340.719 8.05 44.529683426443206 537
350 0 0 0 340.719 8.05 44.529683426443206 537
360 0.9 152.25355555555555 124.93666963271264 379.093 1.247 44.529683426443206 537
370 3.2 612.33665625 1066.6291041582124 3198.748 1.185 46.30535164835165 546
380 6 368.40018333333336 346.009446676315 3198.748 1.159 77.64272491349482 578
390 11.7 291.33747008547 168.6917444193925 3198.748 1.159 104.98668652037618 638
400 24.3 227.66655144032924 146.16520367518342 3198.748 1.086 133.86488741721854 755
410 9.9 177.40284848484853 146.78918835364712 3198.748 1.082 156.70437074148296 998
420 0.6 76.86716666666668 70.20702871606866 3198.748 1.082 158.57232816773018 1097
430 0 0 0 3198.748 1.082 158.12787579329105 1103
440 0 0 0 3198.748 1.082 158.12787579329105 1103
450 0 0 0 3198.748 1.082 158.12787579329105 1103
460 0 0 0 3198.748 1.082 158.12787579329105 1103
470 0 0 0 3198.748 1.082 158.12787579329105 1103
480 0 0 0 3198.748 1.082 158.12787579329105 1103
490 0 0 0 3198.748 1.082 158.12787579329105 1103
500 0 0 0 3198.748 1.082 158.12787579329105 1103
510 0 0 0 3198.748 1.082 158.12787579329105 1103
517 0 0 0 3198.748 1.082 158.12787579329105 1103
