10 0.2 119.616 2.742999999999995 122.359 116.873 0 0
20 0.2 127.26 9.073999999999998 136.334 116.873 119.616 2
30 0 0 0 136.334 116.873 123.438 4
40 0 0 0 136.334 116.873 123.438 4
50 0.2 121.74199999999999 1.1260000000000012 136.334 116.873 123.438 4
60 0.2 120.5475 2.512500000000003 136.334 116.873 122.87266666666666 6
70 0 0 0 136.334 116.873 122.291375 8
80 0 0 0 136.334 116.873 122.291375 8
90 0 0 0 136.334 116.873 122.291375 8
100 0.3 123.05900000000001 0.35272935800696203 136.334 116.873 122.291375 8
110 0.8 123.76 1.6979607622085973 136.334 116.873 122.50072727272727 11
120 0.1 123.607 0.0 136.334 116.873 123.03094736842107 19
130 0 0 0 136.334 116.873 123.05975000000001 20
140 0 0 0 136.334 116.873 123.05975000000001 20
150 0 0 0 136.334 116.873 123.05975000000001 20
160 0.7 125.54400000000001 1.6793362634428761 136.334 116.873 123.05975000000001 20
170 1.1 126.75 3.7752044616514167 137.925 116.873 123.70381481481482 27
180 0.3 124.032 1.6875818992471627 137.925 116.873 124.58560526315792 38
190 0 0 0 137.925 116.873 124.54509756097562 41
200 0 0 0 137.925 116.873 124.54509756097562 41
210 0.2 128.9225 2.7665000000000006 137.925 116.873 124.54509756097562 41
220 2.3 136.37413043478264 20.85112077751791 229.182 116.873 124.74869767441861 43
230 2.8 133.62346428571436 17.43398005636888 229.182 116.873 128.79998484848485 66
240 0.5 125.7646 3.2887250173889524 229.182 116.873 130.23676595744683 94
250 0 0 0 229.182 116.873 130.01089898989903 99
260 0 0 0 229.182 116.873 130.01089898989903 99
270 0 0 0 229.182 116.873 130.01089898989903 99
280 1.3 200.97707692307694 46.930081532918635 295.642 116.873 130.01089898989903 99
290 2.5 177.73335999999995 38.69749151754413 295.642 116.873 138.2480446428572 112
300 5 154.26208000000005 27.439093724713313 308.358 116.873 145.45339416058397 137
310 2.5 132.57564000000008 5.315394163220645 308.358 116.873 147.80865775401074 187
320 0 0 0 308.358 116.873 146.01231132075478 212
330 0 0 0 308.358 116.873 146.01231132075478 212
340 0 0 0 308.358 116.873 146.01231132075478 212
350 0 0 0 308.358 116.873 146.01231132075478 212
360 0 0 0 308.358 116.873 146.01231132075478 212
370 0.5 1536.7972 1310.8146676264194 3160.566 1.285 146.01231132075478 212
380 1.7 684.7692941176471 599.4908277648688 3160.566 1.285 178.05804608294937 217
390 1.5 301.07446666666664 133.20051016762494 3160.566 1.285 214.87040170940176 234
400 1.6 273.13181249999997 134.9999302366573 3160.566 1.285 220.06341767068278 249
410 3.9 229.2754358974359 58.18636380864104 3160.566 1.285 223.26754716981137 265
420 7.3 167.6479452054795 36.52930158364351 3160.566 1.285 224.0382960526316 304
430 1.7 134.8774117647059 3.5577070781585234 3160.566 1.285 213.11920954907166 377
440 0.2 133.002 0.8460000000000036 3160.566 1.285 209.74329441624369 394
450 0 0 0 3160.566 1.285 209.35571212121215 396
460 0 0 0 3160.566 1.285 209.35571212121215 396
470 0 0 0 3160.566 1.285 209.35571212121215 396
480 0 0 0 3160.566 1.285 209.35571212121215 396
490 0 0 0 3160.566 1.285 209.35571212121215 396
500 0 0 0 3160.566 1.285 209.35571212121215 396
510 0 0 0 3160.566 1.285 209.35571212121215 396
517 0 0 0 3160.566 1.285 209.35571212121215 396
