0 0.4 10.847750000000001 0.5492956285098214 11.667 10.127 0 0
10 0.6 14.818333333333333 5.527664988240715 23.47 9.165 10.847750000000001 4
20 0.1 8.778 0.0 23.47 8.778 13.230099999999998 10
30 0 0 0 23.47 8.778 12.825363636363635 11
40 0.1 11.189 0.0 23.47 8.778 12.825363636363635 11
50 1.2 11.435666666666668 4.868359893799507 27.153 8.688 12.688999999999998 12
60 0.4 9.263 1.3873469284933744 27.153 8.069 12.062333333333333 24
70 0 0 0 27.153 8.069 11.662428571428572 28
80 0 0 0 27.153 8.069 11.662428571428572 28
90 0 0 0 27.153 8.069 11.662428571428572 28
100 1.2 9.448583333333334 0.5769805684673345 27.153 8.069 11.662428571428572 28
110 1.1 12.911727272727273 8.192867264671687 37.539 8.069 10.998275000000001 40
120 0 0 0 37.539 8.069 11.410980392156864 51
130 0 0 0 37.539 8.069 11.410980392156864 51
140 0 0 0 37.539 8.069 11.410980392156864 51
150 0 0 0 37.539 8.069 11.410980392156864 51
160 2.1 10.77361904761905 4.631769696513629 37.539 8.069 11.410980392156864 51
170 3.8 13.852973684210527 19.60016260604789 132.191 8.069 11.225083333333336 72
180 0.6 11.051499999999999 1.1412264966546586 132.191 8.069 12.132900000000001 110
190 0 0 0 132.191 8.069 12.07696551724138 116
200 0 0 0 132.191 8.069 12.07696551724138 116
210 1 11.2322 2.1179710951757578 132.191 8.069 12.07696551724138 116
220 7.6 17.89 17.775222998083002 154.161 8.069 12.009920634920634 126
230 5.1 15.521039215686274 8.226217304187696 154.161 8.069 14.22222772277228 202
240 0.5 9.2512 0.6973324601651639 154.161 8.069 14.48404347826087 253
250 0 0 0 154.161 8.069 14.382631782945737 258
260 0 0 0 154.161 8.069 14.382631782945737 258
270 1.3 27.487230769230766 25.038585300887558 154.161 8.069 14.382631782945737 258
280 6 127.39863333333338 106.71102691036928 537.175 8.069 15.011265682656827 271
290 12.8 93.04899218749996 76.33949660690232 537.175 8.069 35.38359818731118 331
300 7.7 49.60335064935064 43.891509239767274 537.175 8.069 51.46457952069716 459
310 0.1 17.246 0.0 537.175 8.069 51.1972014925373 536
320 0 0 0 537.175 8.069 51.13397765363127 537
330 0 0 0 537.175 8.069 51.13397765363127 537
340 0 0 0 537.175 8.069 51.13397765363127 537
350 0.3 46.44033333333334 21.39039886387244 537.175 8.069 51.13397765363127 537
360 2.4 175.9770833333333 159.3141168279187 537.175 1.003 51.107901851851835 540
370 4.5 1065.801911111111 1129.942850909782 2960.955 1.003 56.421484042553175 564
380 7.3 592.2188767123288 462.24687613518614 2960.955 1.003 131.00624466338257 609
390 20 310.3555050000001 168.85181811170992 2960.955 1.003 180.37357917888562 682
400 19.3 233.68691709844578 155.54615223676072 2960.955 1.003 209.84793877551022 882
410 2.8 156.9543571428571 119.22597000989768 2960.955 1.003 214.12786697674423 1075
420 0 0 0 2960.955 1.003 212.6764995466909 1103
430 0 0 0 2960.955 1.003 212.6764995466909 1103
440 0 0 0 2960.955 1.003 212.6764995466909 1103
450 0 0 0 2960.955 1.003 212.6764995466909 1103
460 0 0 0 2960.955 1.003 212.6764995466909 1103
470 0 0 0 2960.955 1.003 212.6764995466909 1103
480 0 0 0 2960.955 1.003 212.6764995466909 1103
490 0 0 0 2960.955 1.003 212.6764995466909 1103
500 0 0 0 2960.955 1.003 212.6764995466909 1103
510 0 0 0 2960.955 1.003 212.6764995466909 1103
517 0 0 0 2960.955 1.003 212.6764995466909 1103
