0 0.2 102.67750000000001 18.4365 121.114 84.241 0 0
10 1.2 67.74558333333333 14.296713203031045 121.114 55.191 102.67750000000001 2
20 0.8 60.622875 6.330997994737876 121.114 54.042 72.73585714285714 14
30 0 0 0 121.114 54.042 68.33113636363636 22
40 0.1 72.674 0.0 121.114 54.042 68.33113636363636 22
50 1.6 68.84562500000001 20.499502258820208 138.793 53.598 68.51995652173912 23
60 1.3 62.65669230769231 11.788067450308288 138.793 52.659 68.6535641025641 39
70 0.3 64.40433333333334 3.333202797444056 138.793 52.659 67.15434615384615 52
80 0.1 58.679 0.0 138.793 52.659 67.00434545454546 55
90 0 0 0 138.793 52.659 66.85567857142857 56
100 1 63.083299999999994 5.671291582170679 138.793 52.659 66.85567857142857 56
110 3.3 65.82551515151513 11.353019585304866 138.793 52.659 66.28410606060605 66
120 0.2 64.1935 7.054499999999999 138.793 52.659 66.13124242424242 99
130 0.1 63.172 0.0 138.793 52.659 66.0928712871287 101
140 0 0 0 138.793 52.659 66.06423529411764 102
150 0 0 0 138.793 52.659 66.06423529411764 102
160 2.1 69.66971428571428 8.88088216951692 138.793 52.659 66.06423529411764 102
170 6.4 70.9568125 16.862035492930378 141.938 52.659 66.67980487804877 123
180 4 65.66864999999999 8.762515145635984 141.938 52.659 68.14359358288769 187
190 0.5 60.577 6.493975300230204 141.938 52.659 67.70748017621143 227
200 0 0 0 141.938 52.659 67.55380603448273 232
210 0.6 73.06783333333334 15.07939584794062 141.938 52.659 67.55380603448273 232
220 10.8 93.6454722222223 39.71255666020472 331.015 52.659 67.69281512605039 238
230 12.3 91.2634959349594 32.0448579587986 331.015 52.659 75.79364450867052 346
240 4.4 61.09238636363636 9.19885995460087 331.015 52.157 79.8507697228145 469
250 0.3 58.98999999999999 1.812816776915596 331.015 52.157 78.2418635477583 513
260 0 0 0 331.015 52.157 78.12993410852715 516
270 0.5 175.41199999999998 72.36243999755673 331.015 52.157 78.12993410852715 516
280 9.1 565.7180439560436 258.14049925611425 1071.394 52.157 79.06354318618044 521
290 16.9 478.4745739644968 257.36593389299094 1285.518 52.157 151.42556862745093 612
300 26.1 238.9827279693488 132.75466101292943 1285.518 52.157 222.19545582586423 781
310 3.1 102.82380645161287 25.81525609254786 1285.518 52.157 226.40032917466408 1042
320 0.1 75.93 0.0 1285.518 52.157 222.83008480894685 1073
330 0 0 0 1285.518 52.157 222.69330633147112 1074
340 0 0 0 1285.518 52.157 222.69330633147112 1074
350 0.2 625.7235000000001 131.7555 1285.518 52.157 222.69330633147112 1074
360 1.8 1405.7849999999999 580.0739042963022 2132.635 2.732 223.44243308550182 1076
370 5.7 2022.732192982456 1699.828373771867 4605.099 1.301 242.8959670932358 1094
380 11 2130.235836363637 804.1807067690527 4605.099 1.301 331.03729192006944 1151
390 22.8 1460.1293991228067 405.15508090248534 4605.099 1.301 487.985618556701 1261
400 48.1 1265.6591704781708 334.9947798941974 4605.099 1.301 636.8430946944258 1489
410 21.8 971.6200550458714 338.0304798415451 4605.099 1.301 790.3763598984772 1970
420 1.7 568.4197647058824 330.0885012656863 4605.099 1.301 808.4344611517367 2188
430 0.1 100.189 0.0 4605.099 1.301 806.5840077097505 2205
440 0 0 0 4605.099 1.301 806.2637923844061 2206
450 0 0 0 4605.099 1.301 806.2637923844061 2206
460 0 0 0 4605.099 1.301 806.2637923844061 2206
470 0 0 0 4605.099 1.301 806.2637923844061 2206
480 0 0 0 4605.099 1.301 806.2637923844061 2206
490 0 0 0 4605.099 1.301 806.2637923844061 2206
500 0 0 0 4605.099 1.301 806.2637923844061 2206
510 0 0 0 4605.099 1.301 806.2637923844061 2206
517 0 0 0 4605.099 1.301 806.2637923844061 2206
