0 24 24
10 19 28
20 8 28
30 2 28
40 40 40
50 41 59
60 13 59
70 2 59
80 1 59
90 25 59
100 92 94
110 51 96
120 19 96
130 3 96
140 1 96
150 57 96
160 208 208
170 138 217
180 37 217
190 5 217
200 1 217
210 265 265
220 350 417
230 133 417
240 23 417
250 4 417
260 0 417
270 582 582
280 892 932
290 711 932
300 304 932
310 109 932
320 49 932
330 5 932
340 0 932
350 1102 1102
360 1863 1870
370 1827 1870
380 1749 1870
390 1622 1870
400 1318 1870
410 1013 1870
420 608 1870
430 267 1870
440 218 1870
450 211 1870
460 192 1870
470 171 1870
480 93 1870
490 17 1870
500 5 1870
510 1 1870
517 0 1870
