0 4.2 42
10 7.6 118
20 3 148
30 0.9 157
40 3.5 192
50 13.7 329
60 9.9 428
70 1.6 444
80 0.2 446
90 2.4 470
100 24.5 715
110 25.7 972
120 9.7 1069
130 1.2 1081
140 22 1301
150 53.9 1840
160 36.7 2207
170 9.3 2300
180 1.3 2313
190 12.6 2439
200 95.4 3393
210 105.1 4444
220 39.4 4838
230 6 4898
240 0.4 4902
250 81.5 5717
260 214.6 7863
270 154.9 9412
280 35 9762
290 6.4 9826
300 40.2 10228
310 216.8 12396
320 233 14726
330 259.8 17324
340 88 18204
350 20.4 18408
360 3.2 18440
370 0 18440
373 0 18440
