0 0.1 0.23046875 0 0.23046875 0.23046875 0 0
10 0.1 0.19921875 0.0 0.23046875 0.19921875 0.23046875 1
20 0.1 0.171875 0.0 0.23046875 0.171875 0.21484375 2
30 0.1 0.140625 0.0 0.23046875 0.140625 0.20052083333333334 3
40 0.1 0.12109375 0.0 0.23046875 0.12109375 0.185546875 4
50 0.1 0.1015625 0.0 0.23046875 0.1015625 0.17265625 5
60 0.1 0.078125 0.0 0.23046875 0.078125 0.16080729166666666 6
70 0.1 0.0703125 0.0 0.23046875 0.0703125 0.14899553571428573 7
80 0.1 0.05859375 0.0 0.23046875 0.05859375 0.13916015625 8
90 0.1 0.05078125 0.0 0.23046875 0.05078125 0.13020833333333334 9
100 0.1 0.0390625 0.0 0.23046875 0.0390625 0.122265625 10
110 0.1 0.0390625 0.0 0.23046875 0.0390625 0.11470170454545454 11
120 0.1 0.03125 0.0 0.23046875 0.03125 0.1083984375 12
130 0.1 0.01953125 0.0 0.23046875 0.01953125 0.1024639423076923 13
140 0.1 0.01953125 0.0 0.23046875 0.01953125 0.09654017857142858 14
150 0.1 0.01953125 0.0 0.23046875 0.01953125 0.09140625 15
160 0.1 0.08984375 0.0 0.23046875 0.01953125 0.0869140625 16
170 0.1 0.0703125 0.0 0.23046875 0.01953125 0.08708639705882353 17
180 0.1 0.05859375 0.0 0.23046875 0.01953125 0.0861545138888889 18
190 0.1 0.05078125 0.0 0.23046875 0.01953125 0.08470394736842106 19
200 0.1 0.12109375 0.0 0.23046875 0.01953125 0.08300781250000001 20
210 0.1 0.1015625 0.0 0.23046875 0.01953125 0.08482142857142858 21
220 0.1 0.16015625 0.0 0.23046875 0.01953125 0.08558238636363637 22
230 0.1 0.140625 0.0 0.23046875 0.01953125 0.08882472826086957 23
240 0.1 0.109375 0.0 0.23046875 0.01953125 0.09098307291666667 24
250 0.1 0.1015625 0.0 0.23046875 0.01953125 0.09171875 25
260 0.1 0.078125 0.0 0.23046875 0.01953125 0.09209735576923077 26
270 0.1 0.1484375 0.0 0.23046875 0.01953125 0.0915798611111111 27
280 0.1 0.12890625 0.0 0.23046875 0.01953125 0.09361049107142858 28
290 0.1 0.109375 0.0 0.23046875 0.01953125 0.09482758620689655 29
300 0.1 0.08984375 0.0 0.23046875 0.01953125 0.0953125 30
310 0.1 0.078125 0.0 0.23046875 0.01953125 0.09513608870967742 31
320 0.1 0.140625 0.0 0.23046875 0.01953125 0.0946044921875 32
330 0.1 0.4296875 0.0 0.4296875 0.01953125 0.09599905303030302 33
340 0.1 0.51171875 0.0 0.51171875 0.01953125 0.10581341911764706 34
350 0.1 0.4296875 0.0 0.51171875 0.01953125 0.11741071428571428 35
360 0.1 0.359375 0.0 0.51171875 0.01953125 0.12608506944444445 36
370 0.1 0.30859375 0.0 0.51171875 0.01953125 0.13239020270270271 37
373 0.1 0.26171875 0.0 0.51171875 0.01953125 0.13702713815789475 38
