10 0.1 587 0 587 587 0 0
20 0.1 1191.0 0.0 1191 587 587.0 1
30 0.1 507.0 0.0 1191 507 889.0 2
40 0.1 129.0 0.0 1191 129 761.6666666666666 3
50 0.1 341.0 0.0 1191 129 603.5 4
60 0.1 2235.0 0.0 2235 129 551.0 5
70 0.1 1831.0 0.0 2235 129 831.6666666666666 6
80 0.1 191.0 0.0 2235 129 974.4285714285714 7
90 0.1 6.0 0.0 2235 6 876.5 8
100 0.1 343.0 0.0 2235 6 779.7777777777778 9
110 0.1 2720.0 0.0 2720 6 736.1 10
120 0.1 3723.0 0.0 3723 6 916.4545454545455 11
130 0.1 1393.0 0.0 3723 6 1150.3333333333333 12
140 0.1 183.0 0.0 3723 6 1169.0 13
150 0.1 2411.0 0.0 3723 6 1098.5714285714287 14
160 0.1 7833.0 0.0 7833 6 1186.0666666666666 15
170 0.1 5583.0 0.0 7833 6 1601.5 16
180 0.1 1154.0 0.0 7833 6 1835.7058823529412 17
190 0.1 117.0 0.0 7833 6 1797.8333333333333 18
200 0.1 1322.0 0.0 7833 6 1709.3684210526317 19
210 0.1 11441.0 0.0 11441 6 1690.0 20
220 0.1 16026.0 0.0 16026 6 2154.3333333333335 21
230 0.1 5821.0 0.0 16026 6 2784.8636363636365 22
240 0.1 756.0 0.0 16026 6 2916.8695652173915 23
250 0.1 17.0 0.0 16026 6 2826.8333333333335 24
260 0.1 10328.0 0.0 16026 6 2714.44 25
270 0.1 33503.0 0.0 33503 6 3007.269230769231 26
280 0.1 25702.0 0.0 33503 6 4136.740740740741 27
290 0.1 4885.0 0.0 33503 6 4906.928571428572 28
300 0.1 500.0 0.0 33503 6 4906.172413793103 29
310 0.1 4885.0 0.0 33503 6 4759.3 30
320 0.1 22197.0 0.0 33503 6 4763.354838709677 31
330 0.1 40603.0 0.0 40603 6 5308.15625 32
340 0.1 57138.0 0.0 57138 6 6377.69696969697 33
350 0.1 12184.0 0.0 57138 6 7870.64705882353 34
360 0.1 1441.0 0.0 57138 6 7993.885714285714 35
370 0.1 16.0 0.0 57138 6 7811.861111111111 36
373 0.1 204.0 0.0 57138 6 7601.1621621621625 37
