10 0.1 523 0 523 523 0 0
20 0.1 458.0 0.0 523 458 523.0 1
30 0.1 160.0 0.0 523 160 490.5 2
40 0.1 55.0 0.0 523 55 380.3333333333333 3
50 0.1 271.0 0.0 523 55 299.0 4
60 0.1 1740.0 0.0 1740 55 293.4 5
70 0.1 587.0 0.0 1740 55 534.5 6
80 0.1 82.0 0.0 1740 55 542.0 7
90 0.1 7.0 0.0 1740 7 484.5 8
100 0.1 293.0 0.0 1740 7 431.44444444444446 9
110 0.1 1550.0 0.0 1740 7 417.6 10
120 0.1 1445.0 0.0 1740 7 520.5454545454545 11
130 0.1 497.0 0.0 1740 7 597.5833333333334 12
140 0.1 366.0 0.0 1740 7 589.8461538461538 13
150 0.1 1617.0 0.0 1740 7 573.8571428571429 14
160 0.1 3490.0 0.0 3490 7 643.4 15
170 0.1 2091.0 0.0 3490 7 821.3125 16
180 0.1 473.0 0.0 3490 7 896.0 17
190 0.1 71.0 0.0 3490 7 872.5 18
200 0.1 1104.0 0.0 3490 7 830.3157894736842 19
210 0.1 6546.0 0.0 6546 7 844.0 20
220 0.1 6432.0 0.0 6546 7 1115.5238095238096 21
230 0.1 2251.0 0.0 6546 7 1357.1818181818182 22
240 0.1 312.0 0.0 6546 7 1396.0434782608695 23
250 0.1 16.0 0.0 6546 7 1350.875 24
260 0.1 6910.0 0.0 6910 7 1297.48 25
270 0.1 15135.0 0.0 15135 7 1513.3461538461538 26
280 0.1 9570.0 0.0 15135 7 2017.851851851852 27
290 0.1 1813.0 0.0 15135 7 2287.5714285714284 28
300 0.1 255.0 0.0 15135 7 2271.206896551724 29
310 0.1 4121.0 0.0 15135 7 2204.0 30
320 0.1 15946.0 0.0 15946 7 2265.8387096774195 31
330 0.1 19458.0 0.0 19458 7 2693.34375 32
340 0.1 20559.0 0.0 20559 7 3201.3636363636365 33
350 0.1 4981.0 0.0 20559 7 3711.8823529411766 34
360 0.1 946.0 0.0 20559 7 3748.1428571428573 35
370 0.1 12.0 0.0 20559 7 3670.3055555555557 36
373 0.1 801.0 0.0 20559 7 3571.4324324324325 37
