0 1 2429.7612 1575.348932091224 6007.07 636.905 0 0
10 1.8 4146.970777777778 2009.6404159595472 8888.975 636.905 2429.7612 10
20 0.2 8864.2105 3405.1344999999997 12269.345 636.905 3533.6816428571433 28
30 0 0 0 12269.345 636.905 3889.050233333334 30
40 0.2 2601.3824999999997 1071.9075000000003 12269.345 636.905 3889.050233333334 30
50 3.9 4414.871076923077 2643.9550916659646 12269.345 503.158 3808.5710000000004 32
60 1.2 6865.575250000001 3867.7871693957236 13937.766 503.158 4141.609070422535 71
70 0 0 0 13937.766 503.158 4535.435506024096 83
80 0 0 0 13937.766 503.158 4535.435506024096 83
90 0.1 1045.979 0.0 13937.766 503.158 4535.435506024096 83
100 5.8 3016.790034482757 1869.6455848673472 13937.766 299.668 4493.894357142856 84
110 5.7 4673.558122807016 2977.459716113244 13937.766 174.733 3890.5700563380274 142
120 0.4 12505.538999999999 4286.817177076485 18043.367 174.733 4114.843020100501 199
130 0 0 0 18043.367 174.733 4280.176931034481 203
140 4.1 2764.50687804878 1717.2676203566596 18043.367 174.733 4280.176931034481 203
150 14.1 3641.6862198581553 2484.618798245967 18043.367 174.733 4025.4946680327853 244
160 4.4 5815.743340909091 3169.645648203646 18043.367 174.733 3884.9310545454528 385
170 0.3 15522.506000000001 2194.553406071039 18612.12 174.733 4082.9630839160823 429
180 0 0 0 18612.12 174.733 4162.404354166665 432
190 0.9 992.4057777777775 437.9823074041481 18612.12 174.733 4162.404354166665 432
200 23.5 3065.6246127659597 1805.0154513838327 18612.12 169.309 4097.7105056689325 441
210 22 4756.457390909086 2756.2430285576324 18612.12 169.309 3738.9232499999994 676
220 1.6 9211.20825 4410.446088619657 18612.12 169.309 3988.7642220982125 896
230 0 0 0 18612.12 169.309 4080.386047149121 912
240 0 0 0 18612.12 169.309 4080.386047149121 912
250 18 2296.797433333333 1427.1144383890291 18612.12 169.309 4080.386047149121 912
260 53 3708.7704981132074 2358.4869748941696 18612.12 169.309 3786.3879239926723 1092
270 19.6 5669.044836734691 3096.9178052288676 18612.12 169.309 3761.0258797780507 1622
280 0.9 10087.327333333336 5506.461631105405 20978.059 169.309 3966.7308938393826 1818
290 0 0 0 20978.059 169.309 3996.8816152162003 1827
300 1.4 819.3855000000001 353.2277403917337 20978.059 169.309 3996.8816152162003 1827
310 59.7 3963.6113701842514 2118.6497009778323 20978.059 169.309 3972.7181466594234 1841
320 110 5720.51076727272 2773.6839670887607 20978.059 169.309 3970.4881443806385 2438
330 18.3 9057.237497267763 3383.0528708686884 20978.059 169.309 4514.58788581119 3538
340 0.2 10192.94 6195.951 20978.059 169.309 4737.99688309594 3721
350 0 0 0 20978.059 169.309 4740.927284985224 3723
360 0 0 0 20978.059 169.309 4740.927284985224 3723
370 0 0 0 20978.059 169.309 4740.927284985224 3723
373 0 0 0 20978.059 169.309 4740.927284985224 3723
