0 0.1 75.502 0 75.502 75.502 0 0
10 0.8 78.10125000000001 15.835060323140553 118.43 68.609 75.502 1
20 0.4 74.634 5.519571948983003 118.43 68.609 77.81244444444445 9
30 0 0 0 118.43 68.609 76.83446153846155 13
40 0 0 0 118.43 68.609 76.83446153846155 13
50 1.4 78.74328571428573 16.494906055370855 125.348 68.423 76.83446153846155 13
60 0.8 75.349875 11.85895838003385 125.348 68.423 77.82422222222223 27
70 0 0 0 125.348 68.423 77.25865714285715 35
80 0 0 0 125.348 68.423 77.25865714285715 35
90 0 0 0 125.348 68.423 77.25865714285715 35
100 1.2 71.84441666666667 4.407119873158529 125.348 68.423 77.25865714285715 35
110 1.7 74.5484705882353 5.11045783741129 125.348 68.105 75.87629787234042 47
120 0.5 72.397 3.723803109725329 125.348 68.105 75.52359375 64
130 0 0 0 125.348 68.105 75.29702898550724 69
140 0.6 72.51816666666666 3.6261158014541643 125.348 68.105 75.29702898550724 69
150 3.6 90.56925 40.10188417669217 210.771 68.105 75.07471999999999 75
160 3.1 74.13074193548387 9.990272904560525 210.771 68.105 80.09997297297295 111
170 0 0 0 210.771 68.105 78.79683098591548 142
180 0 0 0 210.771 68.105 78.79683098591548 142
190 0 0 0 210.771 68.105 78.79683098591548 142
200 4.3 95.28367441860462 42.03614841887868 214.95 68.105 78.79683098591548 142
210 7.9 88.57469620253163 25.96170043940064 227.583 68.105 82.62890810810809 185
220 1.1 76.38518181818182 11.093965991541873 227.583 66.987 84.40814015151514 264
230 0.2 70.28999999999999 0.9329999999999963 227.583 66.987 84.0872218181818 275
240 0 0 0 227.583 66.987 83.98760288808664 277
250 2 109.37329999999997 63.83286136238921 315.362 66.987 83.98760288808664 277
260 15.3 284.4282352941177 218.53060432359612 1044.123 66.987 85.69707744107744 297
270 10.6 207.39227358490558 266.5564194395701 1470.865 66.987 153.26567111111115 450
280 0.8 81.8875 17.42235924035548 1470.865 66.987 163.58477158273382 556
290 0.1 70.888 0.0 1470.865 66.987 162.425945035461 564
300 0 0 0 1470.865 66.987 162.26393097345135 565
310 4.4 1489.3321136363638 1423.8352374981519 4740.013 0.912 162.26393097345135 565
320 24.3 2729.0599135802463 2340.643916769799 8245.071 0.873 258.1440623973728 609
330 24.5 2954.4156040816333 1220.8976576802534 8245.071 0.873 962.8771044600938 852
340 0.7 413.3501428571429 316.7847111626573 8245.071 0.873 1407.6600875113947 1097
350 0 0 0 8245.071 0.873 1401.3555860507247 1104
360 0 0 0 8245.071 0.873 1401.3555860507247 1104
370 0 0 0 8245.071 0.873 1401.3555860507247 1104
373 0 0 0 8245.071 0.873 1401.3555860507247 1104
