10 0.5 18.020000000000003 0.18744279127243 18.281 17.728 0 0
20 0.1 18.077 0.0 18.281 17.728 18.020000000000003 5
30 0.1 27.127 0.0 27.127 17.728 18.029500000000002 6
40 0 0 0 27.127 17.728 19.329142857142863 7
50 0.5 28.8008 11.912707272488486 50.642 17.728 19.329142857142863 7
60 0.7 18.395142857142854 0.26558368526238735 50.642 17.728 23.275666666666666 12
70 0.1 18.862 0.0 50.642 17.728 21.477578947368418 19
80 0 0 0 50.642 17.728 21.346799999999998 20
90 0 0 0 50.642 17.728 21.346799999999998 20
100 0.2 18.086 0.11799999999999944 50.642 17.728 21.346799999999998 20
110 1.9 20.33773684210526 4.625827218678159 50.642 17.563 21.050363636363635 22
120 0.9 21.601444444444446 5.914163979823939 50.642 17.563 20.720121951219507 41
130 0 0 0 50.642 17.563 20.878759999999993 50
140 0.1 19.57 0.0 50.642 17.563 20.878759999999993 50
150 1.9 24.759157894736845 10.763537998178254 64.607 17.424 20.853098039215677 51
160 3.6 21.257861111111108 5.836232984805533 64.607 17.424 21.91331428571428 70
170 0.6 26.7865 11.05085999292966 64.607 17.424 21.690707547169804 106
180 0.1 19.811 0.0 64.607 17.424 21.96369642857142 112
190 0 0 0 64.607 17.424 21.94464601769911 113
200 1.4 22.706571428571433 3.3559167092142905 64.607 17.424 21.94464601769911 113
210 8.1 30.09180246913582 22.46428519162936 150.509 17.424 22.02863779527559 127
220 3.8 22.887342105263162 3.168719783631004 150.509 17.424 25.1686201923077 208
230 0.4 22.34725 0.5541007918240156 150.509 17.424 24.816227642276427 246
240 0 0 0 150.509 17.424 24.776724000000005 250
250 0.3 28.741 2.1594781777086807 150.509 17.424 24.776724000000005 250
260 10.7 75.0550654205608 79.9246210912789 486.971 17.424 24.82373122529645 253
270 13.8 43.89253623188405 37.9818429466699 486.971 17.424 39.75360000000001 360
280 2.4 32.89895833333335 10.820116941293376 486.971 17.424 40.90053413654619 498
290 0.3 25.970333333333333 0.3845415741141949 486.971 17.424 40.53264559386974 522
300 0 0 0 486.971 17.424 40.44943238095239 525
310 1.7 753.143705882353 535.1242860034276 2040.356 17.424 40.44943238095239 525
320 15.6 610.21657051282 504.68104747242137 2119.979 0.819 62.80331180811809 542
330 32.5 427.8295323076916 314.40871287881555 2119.979 0.819 185.14782234957008 698
340 7.7 55.05253246753246 65.72787295140837 2119.979 0.819 262.2461173020525 1023
350 0.1 43.248 0.0 2119.979 0.819 247.7425663636361 1100
360 0 0 0 2119.979 0.819 247.55683106267003 1101
370 0 0 0 2119.979 0.819 247.55683106267003 1101
373 0 0 0 2119.979 0.819 247.55683106267003 1101
