10 0.6 31.80716666666667 7.420639312455198 48.337 27.509 0 0
20 0 0 0 48.337 27.509 31.80716666666667 6
30 0.1 29.751 0.0 48.337 27.509 31.80716666666667 6
40 0 0 0 48.337 27.509 31.513428571428573 7
50 0.9 29.46211111111111 0.8218389196652476 48.337 27.509 31.513428571428573 7
60 0.3 28.953999999999997 0.3884052866100904 48.337 27.509 30.359562500000003 16
70 0.1 29.408 0.0 48.337 27.509 30.137631578947367 19
80 0 0 0 48.337 27.509 30.10115 20
90 0 0 0 48.337 27.509 30.10115 20
100 0.7 29.662714285714287 1.5931295987355658 48.337 27.509 30.10115 20
110 1.8 31.522111111111112 5.261504409797732 50.3 27.389 29.98748148148148 27
120 0.5 28.950200000000002 0.6295320166599941 50.3 27.389 30.601333333333333 45
130 0 0 0 50.3 27.389 30.43622 50
140 0.1 30.507 0.0 50.3 27.389 30.43622 50
150 2.7 39.81155555555555 32.64253324335 157.65 27.217 30.437607843137254 51
160 3 31.86180000000001 7.945660326660499 157.65 27.217 33.682435897435894 78
170 0.5 28.7894 1.841631298604581 157.65 26.579 33.1767037037037 108
180 0 0 0 157.65 26.579 32.98257522123894 113
190 0 0 0 157.65 26.579 32.98257522123894 113
200 2.7 40.512518518518526 21.7004209933055 157.65 26.579 32.98257522123894 113
210 8.1 44.186851851851834 34.14483952879537 211.79 26.579 34.43477857142857 140
220 2.7 33.81981481481481 14.37668861331513 211.79 26.579 38.00906787330316 221
230 0.2 32.835 4.3889999999999985 211.79 26.579 37.552979838709675 248
240 0 0 0 211.79 26.579 37.515235999999994 250
250 1 66.67869999999999 63.69004588167605 226.025 26.579 37.515235999999994 250
260 12.6 188.34993650793652 202.88359469698523 913.483 26.579 38.63690769230769 260
270 12.6 108.57850793650798 175.86982547073586 945.11 26.579 87.50696373056995 386
280 1.2 30.385 2.302695413350769 945.11 26.579 92.69253906250002 512
290 0.1 29.151 0.0 945.11 26.579 91.26564885496185 524
300 0 0 0 945.11 26.579 91.14733523809525 525
310 2.6 1223.0355769230769 1391.2979009923174 4469.678 0.863 91.14733523809525 525
320 22 2453.190477272727 2008.849886594483 7720.447 0.785 144.55766969147007 551
330 29.9 2238.628822742476 957.4091750686878 7720.447 0.785 803.3115188067443 771
340 3.1 481.9189999999999 216.52041131123664 7720.447 0.785 1204.3955130841123 1070
350 0 0 0 7720.447 0.785 1184.053304268847 1101
360 0 0 0 7720.447 0.785 1184.053304268847 1101
370 0 0 0 7720.447 0.785 1184.053304268847 1101
373 0 0 0 7720.447 0.785 1184.053304268847 1101
