10 0.5 7.912000000000001 0.49214184947025197 8.396 7.238 0 0
20 0.2 14.927 6.759 21.686 7.238 7.912000000000001 5
30 0.1 8.805 0.0 21.686 7.238 9.916285714285715 7
40 0 0 0 21.686 7.238 9.777375 8
50 0.3 7.8066666666666675 0.3232845323996947 21.686 7.238 9.777375 8
60 0.5 7.9442 0.5730924532743386 21.686 6.865 9.23990909090909 11
70 0.1 8.584 0.0 21.686 6.865 8.835 16
80 0 0 0 21.686 6.865 8.820235294117648 17
90 0 0 0 21.686 6.865 8.820235294117648 17
100 0.6 8.033166666666666 0.6709968744752506 21.686 6.865 8.820235294117648 17
110 1.8 7.9442222222222245 0.7466664103835535 21.686 6.865 8.614913043478262 23
120 0.4 7.9902500000000005 0.44172580578906645 21.686 6.865 8.320463414634148 41
130 0.1 8.615 0.0 21.686 6.865 8.291111111111112 45
140 0.4 7.63425 0.4908260256954595 21.686 6.818 8.298152173913044 46
150 1.5 8.9314 2.4422624429000255 21.686 6.818 8.24504 50
160 2.6 7.981846153846153 0.6954552848705929 21.686 6.553 8.403430769230768 65
170 0.1 6.851 0.0 21.686 6.553 8.282978021978021 91
180 0 0 0 21.686 6.553 8.26741304347826 92
190 0 0 0 21.686 6.553 8.26741304347826 92
200 2.4 9.382916666666668 2.971504415789342 21.686 6.553 8.26741304347826 92
210 7.1 8.195591549295772 1.4204948114035334 21.686 6.553 8.498206896551725 116
220 2 8.062850000000001 0.6702085701481296 21.686 6.553 8.383310160427808 187
230 0.3 7.934333333333334 0.3345059374992054 21.686 6.553 8.352347826086957 207
240 0 0 0 21.686 6.553 8.346376190476192 210
250 0.5 8.4308 1.44625604925269 21.686 6.553 8.346376190476192 210
260 6 36.913966666666674 57.50514169126289 309.397 6.553 8.348339534883722 215
270 10.8 18.226555555555564 39.369199389392314 332.471 6.553 14.580840000000002 275
280 0.8 8.375375 0.6949436915139237 332.471 6.553 15.608874673629247 383
290 0.3 8.211666666666666 0.10245757929775381 332.471 6.553 15.460874680306908 391
300 0 0 0 332.471 6.553 15.405677664974622 394
310 2.9 409.1406206896552 363.1275486516448 1192.481 0.842 15.405677664974622 394
320 18.3 455.04354644808757 358.921813114326 1744.506 0.818 42.39932624113475 423
330 16.3 363.15441104294456 242.37344392417532 1744.506 0.818 167.00970957095714 606
340 1.9 23.49221052631579 34.01430491267639 1744.506 0.818 208.58524447334202 769
350 0 0 0 1744.506 0.818 204.12234137055842 788
360 0 0 0 1744.506 0.818 204.12234137055842 788
370 0 0 0 1744.506 0.818 204.12234137055842 788
373 0 0 0 1744.506 0.818 204.12234137055842 788
