0 1.2 14.251916666666668 0.5148150895116512 15.325 13.174 0 0
10 0.4 13.5295 0.27154971920442206 15.325 13.123 14.251916666666668 12
20 0 0 0 15.325 13.123 14.071312500000001 16
30 0 0 0 15.325 13.123 14.071312500000001 16
40 1.4 14.332999999999998 0.6307376633751943 15.573 13.028 14.071312500000001 16
50 1 14.0475 0.3353044139285969 15.573 13.028 14.193433333333333 30
60 0 0 0 15.573 13.028 14.15695 40
70 0 0 0 15.573 13.028 14.15695 40
80 0 0 0 15.573 13.028 14.15695 40
90 1 15.559000000000001 3.440402214858025 25.816 13.028 14.15695 40
100 5.5 13.877327272727273 1.185414297420495 25.816 12.31 14.437360000000002 50
110 1 14.025799999999998 0.8737838176574337 25.816 12.31 14.144009523809524 105
120 0 0 0 25.816 12.31 14.13373043478261 115
130 0 0 0 25.816 12.31 14.13373043478261 115
140 6.7 14.510313432835819 2.7675751345971538 32.256 12.26 14.13373043478261 115
150 6.6 16.00477272727273 15.51518173781532 140.577 12.232 14.272362637362635 182
160 0 0 0 140.577 12.232 14.733407258064517 248
170 0 0 0 140.577 12.232 14.733407258064517 248
180 0 0 0 140.577 12.232 14.733407258064517 248
190 5.8 14.45808620689655 3.252562201077593 140.577 11.798 14.733407258064517 248
200 21.7 15.77026267281106 9.792336804475903 142.823 11.798 14.681222222222221 306
210 2.3 21.32095652173913 26.71800333837494 145.604 11.798 15.133080305927344 523
220 0 0 0 145.604 11.798 15.393741758241758 546
230 0 0 0 145.604 11.798 15.393741758241758 546
240 0 0 0 145.604 11.798 15.393741758241758 546
250 26.2 19.555076335877875 24.916328254710056 202.728 11.798 15.393741758241758 546
260 28.3 49.319310954063596 67.95056775215131 571.98 11.798 16.74308539603961 808
270 0 0 0 571.98 11.798 25.193197066911097 1091
280 0 0 0 571.98 11.798 25.193197066911097 1091
290 0 0 0 571.98 11.798 25.193197066911097 1091
300 18.6 15.533096774193552 12.857455641427658 571.98 11.794 25.193197066911097 1091
310 69.3 745.7762453102454 759.1825642093977 3953.66 1.735 23.786166014095542 1277
320 29.2 1336.5999999999997 906.4176041613998 4516.977 1.644 277.76541725888325 1970
330 0 0 0 4516.977 1.644 414.4496339522546 2262
340 0 0 0 4516.977 1.644 414.4496339522546 2262
350 0 0 0 4516.977 1.644 414.4496339522546 2262
360 0 0 0 4516.977 1.644 414.4496339522546 2262
370 0 0 0 4516.977 1.644 414.4496339522546 2262
373 0 0 0 4516.977 1.644 414.4496339522546 2262
