20 0.1 125.717 0 125.717 125.717 0 0
30 0 0 0 125.717 125.717 125.717 1
40 0 0 0 125.717 125.717 125.717 1
50 0 0 0 125.717 125.717 125.717 1
60 0.1 125.466 0.0 125.717 125.466 125.717 1
70 0.1 124.595 0.0 125.717 124.595 125.5915 2
80 0 0 0 125.717 124.595 125.25933333333334 3
90 0 0 0 125.717 124.595 125.25933333333334 3
100 0.2 125.78200000000001 0.2960000000000029 126.078 124.595 125.25933333333334 3
110 1.3 125.53353846153846 0.8614333864495505 128.237 124.595 125.46840000000002 5
120 0.1 129.565 0.0 129.565 124.595 125.51544444444446 18
130 0 0 0 129.565 124.595 125.72857894736843 19
140 0 0 0 129.565 124.595 125.72857894736843 19
150 0.8 128.251 4.471312754661658 138.026 124.372 125.72857894736843 19
160 1.1 127.11290909090908 3.4224081753946667 138.026 124.372 126.47596296296298 27
170 0.5 124.9304 0.27537581593161065 138.026 124.372 126.66034210526318 38
180 0 0 0 138.026 124.372 126.45918604651165 43
190 0 0 0 138.026 124.372 126.45918604651165 43
200 0.8 127.14087500000001 2.2776034794000117 138.026 124.372 126.45918604651165 43
210 2.2 128.2038181818182 4.360098525120772 145.076 124.201 126.56611764705885 51
220 1.3 125.73353846153847 1.2463132471650862 145.076 124.201 127.05967123287674 73
230 0 0 0 145.076 124.201 126.8592093023256 86
240 0 0 0 145.076 124.201 126.8592093023256 86
250 0.2 127.7745 1.6784999999999997 145.076 124.201 126.8592093023256 86
260 2 153.0448 19.62516536643704 211.784 124.201 126.8800113636364 88
270 4.3 138.45755813953488 35.01019240184297 354.72 124.201 131.72534259259263 108
280 2 126.03529999999998 1.4181690343537996 354.72 124.201 133.64246357615895 151
290 0.1 124.921 0.0 354.72 124.201 132.75273684210526 171
300 0 0 0 354.72 124.201 132.7072034883721 172
310 0.8 917.350375 407.28813408106345 1546.543 124.201 132.7072034883721 172
320 6.5 621.4132461538463 470.64124887215246 1604.031 0.855 167.58023333333335 180
330 9.7 617.99981443299 317.83166690273606 1604.031 0.855 287.9849102040817 245
340 2.9 143.8366896551724 29.281239620809643 1604.031 0.855 381.58562865497083 342
350 0.2 68.4685 61.944500000000005 1604.031 0.855 363.00147978436667 371
360 0 0 0 1604.031 0.855 361.42221447721187 373
370 0 0 0 1604.031 0.855 361.42221447721187 373
373 0 0 0 1604.031 0.855 361.42221447721187 373
