0 0.1 25.913 0 25.913 25.913 0 0
10 0.8 12.642125000000002 0.5227273279397203 25.913 11.674 25.913 1
20 0.4 14.945 3.8241791929772324 25.913 11.674 14.116666666666667 9
30 0 0 0 25.913 11.674 14.371538461538462 13
40 0 0 0 25.913 11.674 14.371538461538462 13
50 1.4 12.571714285714283 0.3247047952858598 25.913 11.581 14.371538461538462 13
60 0.8 13.599000000000002 2.183783814849813 25.913 11.581 13.438296296296294 27
70 0 0 0 25.913 11.581 13.47502857142857 35
80 0 0 0 25.913 11.581 13.47502857142857 35
90 0 0 0 25.913 11.581 13.47502857142857 35
100 1.2 13.554750000000004 3.0644183277581423 25.913 11.581 13.47502857142857 35
110 1.7 16.77241176470588 11.808837398863734 61.853 11.581 13.495382978723404 47
120 0.5 12.9846 0.17271201463708344 61.853 11.581 14.36584375 64
130 0 0 0 61.853 11.581 14.265753623188406 69
140 0.6 12.673500000000002 0.4458975031701047 61.853 11.581 14.265753623188406 69
150 3.5 14.99802857142857 8.265827983712613 61.853 11.228 14.138373333333332 75
160 3.2 13.224312499999996 2.2584813818899963 61.853 11.228 14.411899999999997 110
170 0 0 0 61.853 11.228 14.144274647887322 142
180 0 0 0 61.853 11.228 14.144274647887322 142
190 0 0 0 61.853 11.228 14.144274647887322 142
200 4.3 13.70925581395349 4.644423493365136 61.853 11.228 14.144274647887322 142
210 7.9 21.38230379746834 23.529254574771723 139.815 11.004 14.04316216216216 185
220 1.1 46.23345454545454 106.52519871190839 383.088 11.004 16.239344696969688 264
230 0.2 12.832 0.681999999999999 383.088 11.004 17.439109090909085 275
240 0 0 0 383.088 11.004 17.40584476534295 277
250 2 38.80114999999999 80.55916787199021 383.088 11.004 17.40584476534295 277
260 14.7 61.24779591836736 80.52072249194624 404.022 11.004 18.846606060606053 297
270 11.2 53.91281249999995 93.59991415208319 451.287 11.004 32.884837837837836 444
280 0.8 12.6595 0.4523074175823338 451.287 11.004 37.12068884892085 556
290 0.1 12.328 0.0 451.287 11.004 36.77372163120566 564
300 0 0 0 451.287 11.004 36.730454867256626 565
310 3.6 617.0165555555554 697.5224603567912 2420.975 0.822 36.730454867256626 565
320 22.3 650.9491524663672 798.4558159403797 3209.085 0.796 71.48968885191347 601
330 27.3 792.1916190476194 570.5517815077477 3209.085 0.796 228.3094223300969 824
340 0.7 64.74171428571428 42.161289461557324 3209.085 0.796 368.6374439380127 1097
350 0 0 0 3209.085 0.796 366.71056884057964 1104
360 0 0 0 3209.085 0.796 366.71056884057964 1104
370 0 0 0 3209.085 0.796 366.71056884057964 1104
373 0 0 0 3209.085 0.796 366.71056884057964 1104
