0 0.1 19.812 0 19.812 19.812 0 0
10 0.5 12.6608 0.35511710744485336 19.812 12.175 19.812 1
20 0.6 16.1395 4.533192795002951 24.093 12.175 13.852666666666666 6
30 0.1 13.393 0.0 24.093 12.175 14.996083333333337 12
40 0 0 0 24.093 12.175 14.872769230769233 13
50 0.6 13.203833333333336 1.1445133487887134 24.093 11.784 14.872769230769233 13
60 1.3 13.021153846153844 1.3993883744283455 24.093 11.784 14.345736842105268 19
70 0.3 12.456333333333333 0.44368181792310935 24.093 11.784 13.807625000000002 32
80 0 0 0 24.093 11.784 13.691800000000002 35
90 0 0 0 24.093 11.784 13.691800000000002 35
100 0.6 12.573833333333333 0.5223017699461578 24.093 11.647 13.691800000000002 35
110 1.6 12.392375 0.39154930644173064 24.093 11.455 13.52819512195122 41
120 1.1 13.353272727272724 2.339538264114565 24.093 11.455 13.209368421052632 57
130 0.1 21.136 0.0 24.093 11.455 13.232647058823531 68
140 0 0 0 24.093 11.455 13.347188405797104 69
150 2.8 22.32689285714286 31.227399095001818 133.41 11.363 13.347188405797104 69
160 3.1 16.60683870967742 18.40008136219174 133.41 11.363 15.939268041237115 97
170 1.4 12.378857142857141 0.5517693432615354 133.41 11.218 16.100945312500002 128
180 0 0 0 133.41 11.218 15.733978873239439 142
190 0 0 0 133.41 11.218 15.733978873239439 142
200 2 13.617849999999995 1.6113481707874315 133.41 11.154 15.733978873239439 142
210 6.7 18.18989552238806 21.867242320205282 141.088 11.154 15.472728395061731 162
220 4.2 12.572690476190473 0.708614190417944 141.088 11.154 16.267707423580788 229
230 0.6 12.958333333333334 0.22526552234098218 141.088 11.154 15.695047970479706 271
240 0 0 0 141.088 11.154 15.635768953068593 277
250 0.3 17.902 7.087454597150282 141.088 11.154 15.635768953068593 277
260 10.1 86.63935643564352 108.2923053761205 637.58 11.154 15.660050000000002 280
270 14.1 33.72112765957447 67.90245169451207 637.58 11.154 34.47608661417322 381
280 4.1 17.08912195121951 19.18738808620115 637.58 11.154 34.27216091954023 522
290 0.2 12.75 0.16699999999999982 637.58 11.154 33.02082060390764 563
300 0 0 0 637.58 11.154 32.949065486725665 565
310 0.6 1267.4266666666665 653.3694331886228 1964.924 0.937 32.949065486725665 565
320 7.6 329.0873684210526 625.7826731564334 2109.936 0.784 45.92080910683012 571
330 32.1 554.8369813084112 507.157847681607 2264.414 0.784 79.18303245749613 647
340 13.3 81.52628571428572 68.27321547317209 2264.414 0.784 236.9153853305785 968
350 0.3 103.524 33.2921410045474 2264.414 0.784 218.1444950045413 1101
360 0 0 0 2264.414 0.784 217.8330262681159 1104
370 0 0 0 2264.414 0.784 217.8330262681159 1104
373 0 0 0 2264.414 0.784 217.8330262681159 1104
