10 0.4 8.83525 0.18156593155104878 9.031 8.623 0 0
20 0.3 13.335666666666668 6.395609396731132 22.379 8.623 8.83525 4
30 0.1 9.532 0.0 22.379 8.623 10.764000000000001 7
40 0 0 0 22.379 8.623 10.610000000000001 8
50 0.2 8.9815 0.03150000000000075 22.379 8.623 10.610000000000001 8
60 0.6 8.907833333333334 0.22026984713200243 22.379 8.623 10.284300000000002 10
70 0.1 9.487 0.0 22.379 8.623 9.768125000000001 16
80 0 0 0 22.379 8.623 9.751588235294118 17
90 0 0 0 22.379 8.623 9.751588235294118 17
100 0.3 8.456666666666669 0.2536327178333959 22.379 8.121 9.751588235294118 17
110 1.7 8.854411764705883 0.7839418539980033 22.379 8.121 9.557350000000001 20
120 0.8 10.726875 2.9007818100255314 22.379 8.121 9.234378378378379 37
130 0.1 9.505 0.0 22.379 8.121 9.499711111111111 45
140 0.4 8.620499999999998 0.507356137244834 22.379 7.858 9.49982608695652 46
150 1.3 10.263692307692308 4.182956157195261 23.961 7.858 9.429479999999998 50
160 2.6 8.830653846153844 0.6289279610396683 23.961 7.858 9.601619047619046 63
170 0.3 8.789 0.29447693741049846 23.961 7.858 9.376393258426964 89
180 0 0 0 23.961 7.858 9.35723913043478 92
190 0 0 0 23.961 7.858 9.35723913043478 92
200 1.7 9.04470588235294 0.8546421173736571 23.961 7.645 9.35723913043478 92
210 6.7 15.808238805970143 25.86128818985037 138.097 7.645 9.308495412844033 109
220 3 19.292133333333325 37.047764902202786 169.599 7.645 11.782829545454542 176
230 0.4 9.235 0.2172866769960827 169.599 7.645 12.87641747572815 206
240 0 0 0 169.599 7.645 12.807057142857138 210
250 0.3 13.615666666666668 2.9040757948480302 169.599 7.645 12.807057142857138 210
260 4.8 66.96083333333333 103.84697360666746 482.504 7.645 12.818446009389667 213
270 10.8 17.72812962962964 26.61289030613096 482.504 7.645 22.775666666666663 261
280 1.9 9.544421052631577 3.0897839698932703 482.504 7.624 21.298338753387533 369
290 0.6 9.292833333333334 1.6455374417564077 482.504 7.624 20.72276030927835 388
300 0 0 0 482.504 7.624 20.54870050761421 394
310 1.7 711.7679999999999 593.8106834788737 2001.514 0.883 20.54870050761421 394
320 14 469.35100714285716 496.54554661011275 2088.7 0.816 49.13927980535279 411
330 19.4 492.7052783505156 342.4620182964908 2088.7 0.816 155.90813974591654 551
340 4.2 46.76464285714287 31.562597730784233 2088.7 0.816 243.61101879194635 745
350 0.1 64.274 0.0 2088.7 0.816 233.10587547649303 787
360 0 0 0 2088.7 0.816 232.8916218274112 788
370 0 0 0 2088.7 0.816 232.8916218274112 788
373 0 0 0 2088.7 0.816 232.8916218274112 788
