0 0.5 16.595599999999997 0.29221813769853494 16.947 16.233 0 0
10 2.1 17.456666666666667 4.179506445381335 30.821 15.116 16.595599999999997 5
20 0.3 20.779999999999998 5.777819715659763 30.821 15.116 17.291076923076922 26
30 0.1 16.809 0.0 30.821 15.116 17.651999999999997 29
40 0 0 0 30.821 15.116 17.623899999999995 30
50 3.5 18.01985714285715 4.828148767638482 36.636 14.953 17.623899999999995 30
60 1.8 17.484277777777788 3.033091378730352 36.636 14.953 17.837107692307693 65
70 0 0 0 36.636 14.953 17.760590361445786 83
80 0 0 0 36.636 14.953 17.760590361445786 83
90 0 0 0 36.636 14.953 17.760590361445786 83
100 4.3 16.42983720930231 1.4253846797012704 36.636 14.835 17.760590361445786 83
110 6.7 21.343597014925358 24.323334533686012 177.398 14.835 17.306444444444438 126
120 1 18.0448 3.498795901449526 177.398 14.835 18.70794300518134 193
130 0 0 0 177.398 14.835 18.675275862068958 203
140 2.5 16.18556 1.0116570596798105 177.398 14.806 18.675275862068958 203
150 12.8 18.901921874999996 11.409330661108983 177.398 14.152 18.40228070175438 228
160 7.2 16.670958333333342 1.9414164390801258 177.398 14.152 18.581926966292126 356
170 0.4 18.78275 4.680724963881129 177.398 14.152 18.260455607476633 428
180 0 0 0 177.398 14.152 18.265291666666663 432
190 0.6 15.814 0.9546463568603129 177.398 14.152 18.265291666666663 432
200 16.9 27.592491124260363 34.60180754028111 198.639 14.152 18.23171232876712 438
210 27.1 21.83571586715867 18.331656303528817 198.639 14.152 20.83792586490939 607
220 3.2 17.632875000000002 3.8980684700085764 198.639 14.152 21.145899772209564 878
230 0.2 16.358999999999998 0.4419999999999997 198.639 14.152 21.022364835164833 910
240 0 0 0 198.639 14.152 21.012138157894736 912
250 10 43.34317 57.878493286894575 266.054 14.152 21.012138157894736 912
260 48.9 98.1909754601227 116.59157674064865 682.229 14.152 23.21876185770751 1012
270 30.7 77.91058306188935 142.48912184972912 976.273 14.152 47.64342038640906 1501
280 1.7 16.51170588235294 0.7442436954389946 976.273 14.152 52.782811393805325 1808
290 0.2 16.262999999999998 0.23899999999999988 976.273 14.152 52.44494356164385 1825
300 0.3 16.185000000000002 0.9723212774935395 976.273 14.152 52.40533552271484 1827
310 32.8 1182.5520884146347 967.9186805693969 4507.911 0.801 52.34595792349728 1830
320 109.8 1335.434788706741 1069.443081593706 5209.532 0.751 224.12891010194633 2158
330 45.2 1088.6046637168145 536.1557463679044 5209.532 0.751 598.8874649877156 3256
340 1.5 175.23086666666669 48.21532953859753 5209.532 0.751 658.5833047464946 3708
350 0 0 0 5209.532 0.751 656.6358734891222 3723
360 0 0 0 5209.532 0.751 656.6358734891222 3723
370 0 0 0 5209.532 0.751 656.6358734891222 3723
373 0 0 0 5209.532 0.751 656.6358734891222 3723
