0 0.1 70.129 0 70.129 70.129 0 0
10 0.9 73.06288888888889 13.273390778751 106.967 63.063 70.129 1
20 1.3 73.87669230769231 17.711471191052407 132.531 63.063 72.76950000000001 10
30 0.3 66.10933333333334 2.730672485345366 132.531 63.063 73.3953043478261 23
40 0 0 0 132.531 63.063 72.5546153846154 26
50 1.5 75.01146666666666 7.767872148507311 132.531 63.063 72.5546153846154 26
60 2.3 69.77895652173913 5.144697696601231 132.531 63.063 73.45346341463416 41
70 0.6 68.45083333333334 4.619828042134133 132.531 63.063 72.13293750000001 64
80 0 0 0 132.531 63.063 71.81732857142858 70
90 0 0 0 132.531 63.063 71.81732857142858 70
100 1.3 71.83969230769232 9.24240389463041 132.531 63.063 71.81732857142858 70
110 2.7 76.13125925925924 14.401736224015423 132.853 61.398 71.82083132530121 83
120 2.4 71.87883333333335 9.891475878530743 132.853 61.398 72.87884545454546 110
130 0.3 70.66733333333333 5.168147594211636 132.853 61.398 72.69973880597014 134
140 0.4 70.70474999999999 5.657421690796963 132.853 61.398 72.65523357664233 137
150 5.4 77.04331481481482 20.654802555897593 200.623 61.398 72.59990070921985 141
160 6.6 73.27980303030306 12.67013312481747 200.623 61.398 73.83038461538462 195
170 2.2 67.51536363636363 8.309946354413071 200.623 61.398 73.69115708812262 261
180 0.1 64.732 0.0 200.623 61.398 73.2110600706714 283
190 0 0 0 200.623 61.398 73.18120422535212 284
200 4.4 108.04531818181816 47.043990944536894 213.012 61.398 73.18120422535212 284
210 13.4 95.31826119402987 42.71783352888962 329.324 61.398 77.85809756097562 328
220 8.2 70.53473170731709 8.570591408925685 329.324 61.398 82.92230086580089 462
230 1 71.39540000000001 8.015061462022608 329.324 61.398 81.05505698529414 544
240 0 0 0 329.324 61.398 80.8806949458484 554
250 0.9 134.546 79.33918893655967 329.324 61.398 80.8806949458484 554
260 17.8 301.6812471910114 215.72349199678553 954.962 61.398 81.73857726465366 563
270 30.8 175.61409740259742 211.47223754392593 1282.712 61.398 134.5723090418354 741
280 7.2 75.88830555555552 25.434045401040542 1282.712 61.398 146.6227102001907 1049
290 0.9 72.52922222222223 11.31530126056235 1282.712 61.398 142.07955486173063 1121
300 0 0 0 1282.712 61.398 141.52561415929208 1130
310 1.1 1282.693909090909 1145.8096773681248 3661.984 0.828 141.52561415929208 1130
320 15.5 2410.670812903226 2223.408183996321 6938.053 0.817 152.52723663453116 1141
330 61.1 2330.699235679216 1225.0085490900478 6938.053 0.817 422.5984205246914 1296
340 28.8 272.8057638888889 190.19530243191195 6938.053 0.817 1033.951120083902 1907
350 1.3 206.78561538461537 60.08154549448538 6938.053 0.817 934.0833011389526 2195
360 0 0 0 6938.053 0.817 929.8012042572468 2208
370 0 0 0 6938.053 0.817 929.8012042572468 2208
373 0 0 0 6938.053 0.817 929.8012042572468 2208
