0 0.1 738.23828125 0 738.23828125 738.23828125 0 0
10 0.1 729.9296875 0.0 738.23828125 729.9296875 738.23828125 1
20 0.1 719.32421875 0.0 738.23828125 719.32421875 734.083984375 2
30 0.1 704.37109375 0.0 738.23828125 704.37109375 729.1640625 3
40 0.1 697.77734375 0.0 738.23828125 697.77734375 722.9658203125 4
50 0.1 695.97265625 0.0 738.23828125 695.97265625 717.928125 5
60 0.1 696.10546875 0.0 738.23828125 695.97265625 714.2688802083334 6
70 0.1 696.11328125 0.0 738.23828125 695.97265625 711.6741071428571 7
80 0.1 696.0 0.0 738.23828125 695.97265625 709.72900390625 8
90 0.1 695.1640625 0.0 738.23828125 695.1640625 708.2035590277778 9
100 0.1 695.05078125 0.0 738.23828125 695.05078125 706.899609375 10
110 0.1 694.94140625 0.0 738.23828125 694.94140625 705.8224431818181 11
120 0.1 694.828125 0.0 738.23828125 694.828125 704.9156901041666 12
130 0.1 694.84375 0.0 738.23828125 694.828125 704.1397235576923 13
140 0.1 694.85546875 0.0 738.23828125 694.828125 703.4757254464286 14
150 0.1 694.875 0.0 738.23828125 694.828125 702.9010416666666 15
160 0.1 694.53515625 0.0 738.23828125 694.53515625 702.3994140625 16
170 0.1 694.6796875 0.0 738.23828125 694.53515625 701.9368106617648 17
180 0.1 702.74609375 0.0 738.23828125 694.53515625 701.5336371527778 18
190 0.1 715.01953125 0.0 738.23828125 694.53515625 701.5974506578947 19
200 0.1 715.02734375 0.0 738.23828125 694.53515625 702.2685546874999 20
207 0.1 715.0390625 0.0 738.23828125 694.53515625 702.8761160714284 21
