10 0.1 370 0 370 370 0 0
20 0.1 632.0 0.0 632 370 370.0 1
30 0.1 857.0 0.0 857 370 501.0 2
40 0.1 582.0 0.0 857 370 619.6666666666666 3
50 0.1 105.0 0.0 857 105 610.25 4
60 0.1 1.0 0.0 857 1 509.2 5
70 0.1 7.0 0.0 857 1 424.5 6
80 0.1 27.0 0.0 857 1 364.85714285714283 7
90 0.1 74.0 0.0 857 1 322.625 8
100 0.1 63.0 0.0 857 1 295.0 9
110 0.1 13.0 0.0 857 1 271.8 10
120 0.1 1.0 0.0 857 1 248.27272727272728 11
130 0.1 6.0 0.0 857 1 227.66666666666666 12
140 0.1 23.0 0.0 857 1 210.6153846153846 13
150 0.1 47.0 0.0 857 1 197.21428571428572 14
160 0.1 119.0 0.0 857 1 187.2 15
170 0.1 85.0 0.0 857 1 182.9375 16
180 0.1 492.0 0.0 857 1 177.1764705882353 17
190 0.1 47.0 0.0 857 1 194.66666666666666 18
200 0.1 0.0 0.0 857 0 186.89473684210526 19
207 0.1 2.0 0.0 857 0 177.55 20
