0 3.9 82.56097435897436 60.6059471341302 243.583 6.777 0 0
10 8.2 165.65795121951223 105.10639805569176 495.12 6.777 82.56097435897436 39
20 11.5 269.92666956521714 210.48209375988017 837.253 6.777 138.87462809917358 121
30 7.7 1116.6492207792207 4697.824639331758 30766.682 6.777 202.73473305084732 236
40 0.4 11526.25475 13884.988164039685 35574.022 6.777 427.5635367412139 313
50 0 0 0 35574.022 6.777 567.6101135646686 317
60 0.2 60010.023 11.836999999999534 60021.86 6.777 567.6101135646686 317
70 1.4 60003.739142857135 6.8378916848538775 60025.852 6.777 940.289818181818 319
80 2.4 58699.26870833334 3443.5796216402287 60025.852 6.777 3423.4378378378374 333
90 2.8 60000.961285714286 1.402346652097219 60025.852 6.777 7139.4600812324925 357
100 1 60002.32420000001 3.794560865238863 60025.852 6.777 10983.932896103895 385
110 0 0 0 60025.852 6.777 12224.9048278481 395
120 0.2 60010.3955 11.732499999998254 60025.852 6.777 12224.9048278481 395
130 1.1 60003.76363636364 5.894443042124768 60025.852 6.777 12465.637778337532 397
140 2 60001.291700000016 1.3842427207684935 60025.852 6.777 13747.302936274511 408
150 6.5 30461.97555384615 29996.00724365712 60025.852 0.742 15908.704280373831 428
160 1.7 42354.440352941194 27339.109597069957 60025.852 0.742 17827.492582150102 493
170 10.4 14661.589557692294 11542.85458215417 60025.852 0.742 18645.057507843136 510
180 1.4 2166.870285714286 1365.1077016214526 60025.852 0.742 17970.333294788274 614
190 0 0 0 60025.852 0.742 17618.026794585985 628
200 0 0 0 60025.852 0.742 17618.026794585985 628
207 0.4 10807.236499999999 18677.98823265868 60025.852 0.742 17618.026794585985 628
