0 170.63203125 170.63203125
10 328.60234375 499.234375
20 477.0859375 976.3203125
30 459.29765625 1435.61796875
40 104.2625 1539.88046875
50 0 1539.88046875
60 0.5140625 1540.39453125
70 3.5984375 1543.99296875
80 27.56015625 1571.553125
90 7.196875 1578.75
100 2.5703125 1581.3203125
110 0 1581.3203125
120 0.5140625 1581.834375
130 2.82734375 1584.66171875
140 5.140625 1589.80234375
150 16.33203125 1606.134375
160 4.3109375 1610.4453125
170 279.5171875 1889.9625
180 58.215625 1948.178125
190 0 1948.178125
200 0 1948.178125
207 95.25390625 2043.43203125
