0 1.1 9.602727272727272 2.5922959318617753 16.803 6.935 0 0
10 2.1 31.50419047619048 47.04667496536872 159.933 6.935 9.602727272727272 11
20 3.2 25.127500000000005 45.99264534479943 272.534 6.935 23.975562500000002 32
30 1.4 16.058357142857144 7.583237365655749 272.534 6.935 24.551531250000004 64
40 0.1 3238.102 0.0 3238.102 6.935 23.02711538461539 78
50 0 0 0 3238.102 6.935 63.724265822784815 79
60 0 0 0 3238.102 6.935 63.724265822784815 79
70 0 0 0 3238.102 6.935 63.724265822784815 79
80 0 0 0 3238.102 6.935 63.724265822784815 79
90 0 0 0 3238.102 6.935 63.724265822784815 79
100 0 0 0 3238.102 6.935 63.724265822784815 79
110 0 0 0 3238.102 6.935 63.724265822784815 79
120 0 0 0 3238.102 6.935 63.724265822784815 79
130 0 0 0 3238.102 6.935 63.724265822784815 79
140 0 0 0 3238.102 6.935 63.724265822784815 79
150 0 0 0 3238.102 6.935 63.724265822784815 79
160 0 0 0 3238.102 6.935 63.724265822784815 79
170 0 0 0 3238.102 6.935 63.724265822784815 79
180 0 0 0 3238.102 6.935 63.724265822784815 79
190 0 0 0 3238.102 6.935 63.724265822784815 79
200 0 0 0 3238.102 6.935 63.724265822784815 79
207 0 0 0 3238.102 6.935 63.724265822784815 79
