30 0.2 29822.208 944.6180000000013 30766.826 28877.59 0 0
40 0.1 35574.151 0.0 35574.151 28877.59 29822.208 2
50 0 0 0 35574.151 28877.59 31739.52233333333 3
60 0.2 60010.167 11.853000000000975 60022.02 28877.59 31739.52233333333 3
70 1.4 60003.88121428572 6.859442773900169 60026.074 28877.59 43047.7802 5
80 2.1 60000.89323809525 2.1033634720805234 60026.074 28877.59 55541.74936842106 19
90 2.8 60001.1115 1.3961890349904396 60026.074 28877.59 57882.799900000005 40
100 0.6 60003.9155 4.185133918607302 60026.074 28877.59 58755.04585294118 68
110 0 0 0 60026.074 28877.59 58856.30555405406 74
120 0 0 0 60026.074 28877.59 58856.30555405406 74
130 0 0 0 60026.074 28877.59 58856.30555405406 74
140 0 0 0 60026.074 28877.59 58856.30555405406 74
150 0.3 59999.70966666667 0.48207214766594586 60026.074 28877.59 58856.30555405406 74
160 0.1 60001.481 0.0 60026.074 28877.59 58900.85376623377 77
170 0 0 0 60026.074 28877.59 58914.96437179487 78
180 0 0 0 60026.074 28877.59 58914.96437179487 78
190 0 0 0 60026.074 28877.59 58914.96437179487 78
200 0 0 0 60026.074 28877.59 58914.96437179487 78
207 0.1 43158.618 0.0 60026.074 28877.59 58914.96437179487 78
