0 1.5 99.59433333333332 53.27506336948106 243.675 48.201 0 0
10 2.1 198.01980952380953 63.667226069558666 338.269 48.201 99.59433333333332 15
20 3.5 387.5255428571428 167.47208791460366 773.6 48.201 157.00919444444446 36
30 0.8 589.03225 295.500456436513 1063.049 48.201 270.64401408450703 71
40 0 0 0 1063.049 48.201 302.88586075949365 79
50 0 0 0 1063.049 48.201 302.88586075949365 79
60 0 0 0 1063.049 48.201 302.88586075949365 79
70 0 0 0 1063.049 48.201 302.88586075949365 79
80 0 0 0 1063.049 48.201 302.88586075949365 79
90 0 0 0 1063.049 48.201 302.88586075949365 79
100 0 0 0 1063.049 48.201 302.88586075949365 79
110 0 0 0 1063.049 48.201 302.88586075949365 79
120 0 0 0 1063.049 48.201 302.88586075949365 79
130 0 0 0 1063.049 48.201 302.88586075949365 79
140 0 0 0 1063.049 48.201 302.88586075949365 79
150 0 0 0 1063.049 48.201 302.88586075949365 79
160 0 0 0 1063.049 48.201 302.88586075949365 79
170 0 0 0 1063.049 48.201 302.88586075949365 79
180 0 0 0 1063.049 48.201 302.88586075949365 79
190 0 0 0 1063.049 48.201 302.88586075949365 79
200 0 0 0 1063.049 48.201 302.88586075949365 79
207 0 0 0 1063.049 48.201 302.88586075949365 79
