30 0.1 64.264 0 64.264 64.264 0 0
40 0.1 3637.949 0.0 3637.949 64.264 64.264 1
50 0 0 0 3637.949 64.264 1851.1065 2
60 0 0 0 3637.949 64.264 1851.1065 2
70 0 0 0 3637.949 64.264 1851.1065 2
80 0 0 0 3637.949 64.264 1851.1065 2
90 0 0 0 3637.949 64.264 1851.1065 2
100 0.1 60001.663 0.0 60001.663 64.264 1851.1065 2
110 0 0 0 60001.663 64.264 21234.625333333333 3
120 0.2 60010.661 11.737999999997555 60022.399 64.264 21234.625333333333 3
130 1.1 60004.033 5.905496838460961 60022.399 64.264 36745.039600000004 5
140 2 60001.55829999999 1.3868591889587045 60022.399 64.264 52735.5975625 16
150 3.1 58064.842064516124 10600.943099282957 60022.399 1.086 56772.24241666666 36
160 0.8 60003.253625 6.895869215289188 60022.399 1.086 57370.31091044775 67
170 0.3 15205.131666666668 5297.614876821728 60022.399 1.086 57651.15813333332 75
180 0 0 0 60022.399 1.086 56018.61865384614 78
190 0 0 0 60022.399 1.086 56018.61865384614 78
200 0 0 0 60022.399 1.086 56018.61865384614 78
207 0.1 10.645 0.0 60022.399 1.086 56018.61865384614 78
