30 0.1 45.225 0 45.225 45.225 0 0
40 0 0 0 45.225 45.225 45.225 1
50 0 0 0 45.225 45.225 45.225 1
60 0 0 0 45.225 45.225 45.225 1
70 0 0 0 45.225 45.225 45.225 1
80 0 0 0 45.225 45.225 45.225 1
90 0 0 0 45.225 45.225 45.225 1
100 0.1 60001.916 0.0 60001.916 45.225 45.225 1
110 0 0 0 60001.916 45.225 30023.570499999998 2
120 0 0 0 60001.916 45.225 30023.570499999998 2
130 0 0 0 60001.916 45.225 30023.570499999998 2
140 0 0 0 60001.916 45.225 30023.570499999998 2
150 1.9 1.0471052631578945 0.134831237492942 60001.916 0.911 30023.570499999998 2
160 0.4 15000.5245 25979.928708440766 60001.916 0.911 2860.335047619047 21
170 5.3 23510.25473584906 9527.408004542936 60001.916 0.911 4802.765359999999 25
180 0 0 0 60001.916 0.911 17514.264551282053 78
190 0 0 0 60001.916 0.911 17514.264551282053 78
200 0 0 0 60001.916 0.911 17514.264551282053 78
207 0.1 9.399 0.0 60001.916 0.911 17514.264551282053 78
