0 0.7 152.43171428571426 11.960571650388697 170.203 134.326 0 0
10 2.1 220.47233333333332 58.8117276580699 327.708 134.326 152.43171428571426 7
20 2.5 280.7610400000001 113.52735382364202 574.714 134.326 203.46217857142855 28
30 2.5 319.35504 184.26565731431998 765.118 134.326 239.92390566037741 53
40 0 0 0 765.118 134.326 265.38260256410257 78
50 0 0 0 765.118 134.326 265.38260256410257 78
60 0 0 0 765.118 134.326 265.38260256410257 78
70 0 0 0 765.118 134.326 265.38260256410257 78
80 0 0 0 765.118 134.326 265.38260256410257 78
90 0 0 0 765.118 134.326 265.38260256410257 78
100 0.1 59999.074 0.0 59999.074 134.326 265.38260256410257 78
110 0 0 0 59999.074 134.326 1021.5052784810126 79
120 0 0 0 59999.074 134.326 1021.5052784810126 79
130 0 0 0 59999.074 134.326 1021.5052784810126 79
140 0 0 0 59999.074 134.326 1021.5052784810126 79
150 0 0 0 59999.074 134.326 1021.5052784810126 79
160 0 0 0 59999.074 134.326 1021.5052784810126 79
170 0 0 0 59999.074 134.326 1021.5052784810126 79
180 0 0 0 59999.074 134.326 1021.5052784810126 79
190 0 0 0 59999.074 134.326 1021.5052784810126 79
200 0 0 0 59999.074 134.326 1021.5052784810126 79
207 0 0 0 59999.074 134.326 1021.5052784810126 79
