30 0.1 104.714 0 104.714 104.714 0 0
40 0 0 0 104.714 104.714 104.714 1
50 0 0 0 104.714 104.714 104.714 1
60 0 0 0 104.714 104.714 104.714 1
70 0 0 0 104.714 104.714 104.714 1
80 0 0 0 104.714 104.714 104.714 1
90 0 0 0 104.714 104.714 104.714 1
100 0 0 0 104.714 104.714 104.714 1
110 0 0 0 104.714 104.714 104.714 1
120 0 0 0 104.714 104.714 104.714 1
130 0 0 0 104.714 104.714 104.714 1
140 0 0 0 104.714 104.714 104.714 1
150 1.2 1.0991666666666668 0.21537248096160183 104.714 0.901 104.714 1
160 0.3 19999.93 28282.531764781357 59997.47 0.901 9.06953846153846 13
170 4.8 4857.640437500003 2027.6877884584453 59997.47 0.901 3757.355875 16
180 1.4 2166.995428571429 1365.11108522492 59997.47 0.901 4582.569296875003 64
190 0 0 0 59997.47 0.901 4149.004756410259 78
200 0 0 0 59997.47 0.901 4149.004756410259 78
207 0.1 51.067 0.0 59997.47 0.901 4149.004756410259 78
