0 2.4 24
10 6.7 91
20 4.2 133
30 0.5 138
40 6.4 202
50 15.3 355
60 8.6 441
70 2.1 462
80 13.3 595
90 31.4 909
100 16 1069
110 2.7 1096
120 0.5 1101
130 0.1 1102
140 0 1102
150 6.9 1171
160 50.6 1677
170 49.2 2169
180 19.6 2365
190 3.1 2396
200 18 2576
210 96.4 3540
220 100.8 4548
230 33.2 4880
240 4.5 4925
250 0.3 4928
260 26.3 5191
270 179.6 6987
280 205.1 9038
290 77.9 9817
300 13.6 9953
310 1.4 9967
320 0 9967
330 53.7 10504
340 368.9 14193
350 415.5 18348
360 140.9 19757
370 20.4 19961
380 2.3 19984
390 0.1 19985
400 0.1 19986
410 395.1 23937
420 894.3 32880
430 516.2 38042
440 115.4 39196
450 13.3 39329
460 1.8 39347
470 0.2 39349
480 205.8 41407
490 1061.3 52020
500 1058.6 62606
510 969.7 72303
520 623.3 78536
530 58 79116
540 4.8 79164
550 0.5 79169
560 1033.9 89508
570 1224.6 101754
580 994.3 111697
590 973.5 121432
600 141.6 122848
610 10.6 122954
620 0.8 122962
628 0 122962
