0 1.7 17
10 4.8 65
20 2.4 89
30 0.3 92
40 4.2 134
50 10.6 240
60 4.9 289
70 1 299
80 7.7 376
90 22.3 599
100 9.6 695
110 1.1 706
120 0.2 708
130 0.1 709
140 0 709
150 2.1 730
160 33.5 1065
170 34.3 1408
180 9.5 1503
190 1.2 1515
200 4.8 1563
210 67.1 2234
220 68.8 2922
230 15.8 3080
240 2 3100
250 0.1 3101
260 6.1 3162
270 120.4 4366
280 140.1 5767
290 38.8 6155
300 5.7 6212
310 0.7 6219
320 0 6219
330 14.1 6360
340 247.9 8839
350 290.4 11743
360 70.3 12446
370 8.3 12529
380 1 12539
390 0 12539
400 0.1 12540
410 217.6 14716
420 636.8 21084
430 306.1 24145
440 52.4 24669
450 5.1 24720
460 0.7 24727
470 0.1 24728
480 49.7 25225
490 700.3 32228
500 831.3 40541
510 561.7 46158
520 309.3 49251
530 18.8 49439
540 1.4 49453
550 0.1 49454
560 452.7 53981
570 762.6 61607
580 547.4 67081
590 466.5 71746
600 55.5 72301
610 4.3 72344
620 0.2 72346
628 0 72346
