0 0.1 0.05111928299343533 0 0.05111928299343533 0.05111928299343533 0 0
10 0.1 0.011450580336230677 0.0 0.05111928299343533 0.011450580336230677 0.05111928299343533 1
20 0.1 0.020821837943635284 0.0 0.05111928299343533 0.011450580336230677 0.031284931664833 2
30 0.1 0.00624642132111811 0.0 0.05111928299343533 0.00624642132111811 0.027797233757767093 3
40 0.1 0.0020820320632937745 0.0 0.05111928299343533 0.0020820320632937745 0.022409530648604847 4
50 0.1 0.0197815698237358 0.0 0.05111928299343533 0.0020820320632937745 0.018344030931542632 5
60 0.1 0.04372722540343571 0.0 0.05111928299343533 0.0020820320632937745 0.01858362074690816 6
70 0.1 0.016656950112434413 0.0 0.05111928299343533 0.0020820320632937745 0.022175564269269237 7
80 0.1 0.00312343828085957 0.0 0.05111928299343533 0.0020820320632937745 0.021485737499664884 8
90 0.1 0.03955613848812275 0.0 0.05111928299343533 0.0020820320632937745 0.019445482030908737 9
100 0.1 0.11141423186655283 0.0 0.11141423186655283 0.0020820320632937745 0.02145654767663014 10
110 0.1 0.04372950179603311 0.0 0.11141423186655283 0.0020820320632937745 0.02963451896662311 11
120 0.1 0.012491412154144028 0.0 0.11141423186655283 0.0020820320632937745 0.030809100869073944 12
130 0.1 0.003123340725239717 0.0 0.11141423186655283 0.0020820320632937745 0.02940004789100241 13
140 0.1 0.0010410918971817643 0.0 0.11141423186655283 0.0010410918971817643 0.027523140236305078 14
150 0.1 0.0 0.0 0.11141423186655283 0.0 0.02575767034703019 15
160 0.1 0.01665504283468829 0.0 0.11141423186655283 0.0 0.024147815950340802 16
170 0.1 0.13747708715214133 0.0 0.13747708715214133 0.0 0.023707064590596537 17
180 0.1 0.14578625652133165 0.0 0.14578625652133165 0.0 0.030027621399571245 18
190 0.1 0.039557785596802064 0.0 0.14578625652133165 0.0 0.0361201811428218 19
200 0.1 0.0041642808807454065 0.0 0.14578625652133165 0.0 0.03629206136552081 20
210 0.1 0.05935088870146503 0.0 0.14578625652133165 0.0 0.034762167056721985 21
220 0.1 0.31676235529482866 0.0 0.31676235529482866 0.0 0.035879836222392124 22
230 0.1 0.3156874798137131 0.0 0.31676235529482866 0.0 0.048092119660324145 23
240 0.1 0.10100168683229555 0.0 0.31676235529482866 0.0 0.05924192633338202 24
250 0.1 0.021859971269752046 0.0 0.31676235529482866 0.0 0.06091231675333856 25
260 0.1 0.003123243175713661 0.0 0.31676235529482866 0.0 0.05941030346550831 26
270 0.1 0.10726261637473183 0.0 0.31676235529482866 0.0 0.05732559752884924 27
280 0.1 0.5171353205509159 0.0 0.5171353205509159 0.0 0.059109062487630766 28
290 0.1 0.571101036944401 0.0 0.571101036944401 0.0 0.07490307138636475 29
300 0.1 0.2218010663112296 0.0 0.571101036944401 0.0 0.09144300357163263 30
310 0.1 0.05726005434499703 0.0 0.571101036944401 0.0 0.09564810236968413 31
320 0.1 0.010409293417162842 0.0 0.571101036944401 0.0 0.09444847586891265 32
330 0.1 0.0 0.0 0.571101036944401 0.0 0.09190183397643538 33
340 0.1 0.16042000875018228 0.0 0.571101036944401 0.0 0.0891988388594814 34
350 0.1 1.130173439358838 0.0 1.130173439358838 0.0 0.09123372942778714 35
360 0.1 1.6587554118199364 0.0 1.6587554118199364 0.0 0.12009316581476076 36
370 0.1 0.5840768774271465 0.0 1.6587554118199364 0.0 0.16167863192300877 37
380 0.1 0.09367583996003163 0.0 1.6587554118199364 0.0 0.17279437522574922 38
390 0.1 0.014572707400853546 0.0 1.6587554118199364 0.0 0.17076569483432058 39
400 0.1 0.03539196602371262 0.0 1.6587554118199364 0.0 0.1668608701484839 40
410 0.1 0.016657123522981626 0.0 1.6587554118199364 0.0 0.16365431151129434 41
420 0.1 1.0720474331405665 0.0 1.6587554118199364 0.0 0.16015437846395356 42
430 0.1 3.5704215791727147 0.0 3.5704215791727147 0.0 0.18136119368899106 43
440 0.1 2.1202888267456905 0.0 3.5704215791727147 0.0 0.2583852933590757 44
450 0.1 0.3989417107620516 0.0 3.5704215791727147 0.0 0.2997609274343338 45
460 0.1 0.051010847612900534 0.0 3.5704215791727147 0.0 0.301917031419719 46
470 0.1 0.014571645659210842 0.0 3.5704215791727147 0.0 0.2965786019770207 47
480 0.1 0.004164367588727057 0.0 3.5704215791727147 0.0 0.29070345705373296 48
490 0.1 0.5901919688011595 0.0 3.5704215791727147 0.0 0.28485572053403896 49
500 0.1 3.317367022945471 0.0 3.5704215791727147 0.0 0.2909624454993814 50
510 0.1 4.579435349148012 0.0 4.579435349148012 0.0 0.3503037117238145 51
520 0.1 4.858489582247064 0.0 4.858489582247064 0.0 0.4316331662896644 52
530 0.1 2.3011526625984455 0.0 4.858489582247064 0.0 0.5151587590435776 53
540 0.1 0.1947855796173036 0.0 4.858489582247064 0.0 0.5482327202205196 54
550 0.1 0.04059624432693509 0.0 4.858489582247064 0.0 0.5418064085731884 55
560 0.1 0.009369827074635878 0.0 4.858489582247064 0.0 0.532856227068791 56
570 0.1 3.654602962514484 0.0 4.858489582247064 0.0 0.5236722551390689 57
580 0.1 6.892024258591585 0.0 6.892024258591585 0.0 0.5776538190593347 58
590 0.1 6.302284343381663 0.0 6.892024258591585 0.0 0.6846770468480169 59
600 0.1 4.290067413854278 0.0 6.892024258591585 0.0 0.7783038351235777 60
610 0.1 0.46664236237695955 0.0 6.892024258591585 0.0 0.8358737298568678 61
620 0.1 0.04476974814413776 0.0 6.892024258591585 0.0 0.829918385220095 62
628 0.1 0.01665382933988384 0.0 6.892024258591585 0.0 0.8174557084411116 63
