0 0 0
10 1 10
20 1.3 23
30 0.3 26
40 0 26
50 2 46
60 2.8 74
70 1.2 86
80 0.1 87
90 3.8 125
100 6.1 186
110 1.5 201
120 0.3 204
130 0.1 205
140 0 205
150 0.1 206
160 2.3 229
170 10.4 333
180 8.7 420
190 2.3 443
200 0.1 444
210 4 484
220 22.7 711
230 17.2 883
240 2.9 912
250 0.2 914
260 0.1 915
270 7.7 992
280 40.3 1395
290 34.4 1739
300 8.6 1825
310 1 1835
320 0 1835
330 0.1 1836
340 15.4 1990
350 86.8 2858
360 67.6 3534
370 13.6 3670
380 1.8 3688
390 0 3688
400 0.1 3689
410 3 3719
420 98.9 4708
430 174.4 6452
440 70.4 7156
450 10.7 7263
460 1.3 7276
470 0.1 7277
480 0.1 7278
490 23.3 7511
500 84.2 8353
510 235.9 10712
520 361 14322
530 44.2 14764
540 3.9 14803
550 0.3 14806
560 3 14836
570 95.8 15794
580 412.7 19921
590 570.7 25628
600 113.9 26767
610 10.2 26869
620 0.6 26875
628 0 26875
