0 0.1 0.0 0 0.0 0.0 0 0
10 0.1 0.0 0.0 0.0 0.0 0.0 1
20 0.1 0.0 0.0 0.0 0.0 0.0 2
30 0.1 0.0 0.0 0.0 0.0 0.0 3
40 0.1 0.0 0.0 0.0 0.0 0.0 4
50 0.1 0.0 0.0 0.0 0.0 0.0 5
60 0.1 0.0 0.0 0.0 0.0 0.0 6
70 0.1 0.0 0.0 0.0 0.0 0.0 7
80 0.1 0.0 0.0 0.0 0.0 0.0 8
90 0.1 0.0 0.0 0.0 0.0 0.0 9
100 0.1 0.0 0.0 0.0 0.0 0.0 10
110 0.1 0.0 0.0 0.0 0.0 0.0 11
120 0.1 0.0 0.0 0.0 0.0 0.0 12
130 0.1 0.0 0.0 0.0 0.0 0.0 13
140 0.1 0.0 0.0 0.0 0.0 0.0 14
150 0.1 0.0 0.0 0.0 0.0 0.0 15
160 0.1 0.0 0.0 0.0 0.0 0.0 16
170 0.1 0.0 0.0 0.0 0.0 0.0 17
180 0.1 0.0 0.0 0.0 0.0 0.0 18
190 0.1 0.0 0.0 0.0 0.0 0.0 19
200 0.1 0.0 0.0 0.0 0.0 0.0 20
210 0.1 0.0 0.0 0.0 0.0 0.0 21
220 0.1 0.0703125 0.0 0.0703125 0.0 0.0 22
230 0.1 0.05859375 0.0 0.0703125 0.0 0.0030570652173913045 23
240 0.1 0.05078125 0.0 0.0703125 0.0 0.00537109375 24
250 0.1 0.0390625 0.0 0.0703125 0.0 0.0071875 25
260 0.1 0.0390625 0.0 0.0703125 0.0 0.008413461538461538 26
270 0.1 0.03125 0.0 0.0703125 0.0 0.009548611111111112 27
280 0.1 0.1015625 0.0 0.1015625 0.0 0.010323660714285714 28
290 0.1 0.078125 0.0 0.1015625 0.0 0.013469827586206896 29
300 0.1 0.0703125 0.0 0.1015625 0.0 0.015625 30
310 0.1 0.05859375 0.0 0.1015625 0.0 0.017389112903225805 31
320 0.1 0.05078125 0.0 0.1015625 0.0 0.0186767578125 32
330 0.1 0.0390625 0.0 0.1015625 0.0 0.019649621212121212 33
340 0.1 0.03125 0.0 0.1015625 0.0 0.02022058823529412 34
350 0.1 0.33984375 0.0 0.33984375 0.0 0.020535714285714286 35
360 0.1 0.359375 0.0 0.359375 0.0 0.029405381944444444 36
370 0.1 0.30078125 0.0 0.359375 0.0 0.03832347972972973 37
380 0.1 0.26171875 0.0 0.359375 0.0 0.04523026315789474 38
390 0.1 0.21875 0.0 0.359375 0.0 0.05078125 39
400 0.1 0.1796875 0.0 0.359375 0.0 0.05498046875 40
410 0.1 0.1484375 0.0 0.359375 0.0 0.058022103658536585 41
420 0.1 0.28125 0.0 0.359375 0.0 0.06017485119047619 42
430 0.1 0.55859375 0.0 0.55859375 0.0 0.06531613372093023 43
440 0.1 1.01171875 0.0 1.01171875 0.0 0.07652698863636363 44
450 0.1 0.859375 0.0 1.01171875 0.0 0.09730902777777778 45
460 0.1 0.71875 0.0 1.01171875 0.0 0.11387567934782608 46
470 0.1 0.609375 0.0 1.01171875 0.0 0.12674534574468085 47
480 0.1 0.51953125 0.0 1.01171875 0.0 0.13680013020833334 48
490 0.1 0.51953125 0.0 1.01171875 0.0 0.1446109693877551 49
500 0.1 0.6796875 0.0 1.01171875 0.0 0.15210937500000002 50
510 0.1 1.19140625 0.0 1.19140625 0.0 0.16245404411764705 51
520 0.1 1.8515625 0.0 1.8515625 0.0 0.18224158653846154 52
530 0.1 1.94140625 0.0 1.94140625 0.0 0.21373820754716982 53
540 0.1 1.80078125 0.0 1.94140625 0.0 0.24573206018518517 54
550 0.1 1.51953125 0.0 1.94140625 0.0 0.2740056818181818 55
560 0.1 1.2890625 0.0 1.94140625 0.0 0.29624720982142855 56
570 0.1 1.46875 0.0 1.94140625 0.0 0.31366502192982454 57
580 0.1 2.3203125 0.0 2.3203125 0.0 0.3335802801724138 58
590 0.1 2.55859375 0.0 2.55859375 0.0 0.3672537076271186 59
600 0.1 3.0 0.0 3.0 0.0 0.40377604166666664 60
610 0.1 2.5390625 0.0 3.0 0.0 0.4463370901639344 61
620 0.1 2.1484375 0.0 3.0 0.0 0.4800907258064516 62
628 0.1 1.8203125 0.0 3.0 0.0 0.5065724206349206 63
