0 4 76.61685 48.76883347925701 170.217 7.329 0 0
10 11.6 63.4075948275862 44.92635292553007 206.354 6.477 76.61685 40
20 6.6 60.49009090909091 44.256583740907715 206.354 5.871 66.79458333333332 156
30 0.7 58.85471428571428 27.12244707519841 206.354 5.871 64.92027477477477 222
40 10.6 42.70281132075472 46.95088795754703 206.354 5.33 64.73486462882096 229
50 25.8 39.37625968992249 41.21704263505386 206.354 5.33 57.76352835820895 335
60 13.1 38.626389312977125 34.92635855288189 206.354 5.33 49.76367116357505 593
70 2.9 51.37231034482759 42.01634242981591 206.354 5.33 47.74850000000001 724
80 21 38.557676190476194 46.65023048929846 206.354 5.266 47.88806241699868 753
90 53.6 34.08164925373133 40.42420510341112 206.354 4.535 45.85339875389408 963
100 25.2 34.01953571428571 33.734302161569744 206.354 4.535 41.64415410273516 1499
110 3.6 40.07474999999999 32.83170019235729 206.354 4.535 40.546836093660765 1751
120 0.6 50.836833333333324 30.534254673599325 206.354 4.535 40.53732568550644 1787
130 0.1 64.851 0.0 206.354 4.535 40.571791411042945 1793
140 0 0 0 206.354 4.535 40.585324972129314 1794
150 9 30.742433333333334 41.24787973138068 206.354 4.535 40.585324972129314 1794
160 84.1 35.69582045184303 44.88513806400553 206.354 4.093 40.115123142250525 1884
170 83 33.26700843373496 37.97660407603766 206.354 4.093 38.75122091743119 2725
180 27.4 30.324894160583955 27.844325284597783 206.354 4.093 37.470800000000004 3555
190 3.7 33.73735135135133 28.39715749594535 206.354 4.093 36.95944502481066 3829
200 22.8 27.132008771929826 39.68104416291956 206.354 4.093 36.92860760475945 3866
210 163.5 36.16100122324151 46.818808456922454 206.354 3.695 36.38302271617001 4094
220 168.2 34.00735790725318 40.86640077976472 335.816 3.695 36.31965997556291 5729
230 47 29.213129787234053 26.437873096892837 335.816 3.695 35.79486007286463 7411
240 5.6 34.763535714285716 26.832618601223476 335.816 3.695 35.40234475320388 7881
250 0.4 18.630000000000003 9.152639373426663 335.816 3.695 35.39783759606901 7937
260 32.4 28.697179012345696 43.30934457693862 335.816 3.695 35.389391386475225 7941
270 300 36.582582333333406 48.750636332721 335.816 3.695 35.12704694494855 8265
280 342 34.4345090643274 42.224877133765794 335.816 3.695 35.51467288060364 11265
290 111.9 31.02754870420011 29.45955084265281 335.816 3.695 35.26311276813073 14685
300 17.2 32.59376744186046 24.39533351139032 335.816 3.695 34.963214249557055 15804
310 1.4 46.97692857142857 21.497369342265 335.816 3.695 34.937704431647454 15976
320 0 0 0 335.816 3.695 34.94824534083801 15990
330 67.8 30.60722713864307 46.29168721365697 335.816 3.695 34.94824534083801 15990
340 616.5 41.73643017031634 54.46656828450995 573.086 3.695 34.77166684665225 16668
350 700.3 45.19635770384136 55.06411359212085 573.086 3.695 36.65218039679411 22833
360 202.4 34.983027667984224 36.38646747507166 573.086 3.695 38.65763936184478 29836
370 24.9 38.08984738955825 31.568070123943357 573.086 3.695 38.42419887005653 31860
380 2.4 42.27308333333334 20.787847110584966 573.086 3.695 38.421606029462176 32109
390 0.1 27.384 0.0 573.086 3.695 38.42448268135564 32133
400 0.1 64.332 0.0 573.086 3.695 38.424139104997856 32134
410 612.7 44.86119879223129 63.03018295882842 573.086 3.492 38.42494532441266 32135
420 1527.2 69.78690060240962 95.69234492834158 1243.417 3.492 39.455600412942395 38262
430 807.7 52.23251182369707 69.56654034527318 1243.417 3.492 48.1084120185303 53534
440 155.7 37.48170199100827 44.67105644064472 1243.417 3.492 48.649067974874654 61611
450 15.8 32.96891139240505 27.1463583301165 1243.417 3.492 48.37380852646913 63168
460 1.8 41.2315 20.57251783934091 1243.417 3.492 48.335372911600324 63326
470 0.2 62.466499999999996 1.5515000000000025 1243.417 3.492 48.33335425612532 63344
480 255.4 31.911530931871518 51.965264031532634 1243.417 3.492 48.33380047674679 63346
490 1761.9 333.8940656677462 527.0680606366761 4560.682 0.367 47.69734408194237 65900
500 2008.1 1470.913527015587 1447.8507138771813 11762.897 0.115 108.07282795531582 83519
510 1531.7 2003.4961382124418 1808.0885666169809 12834.305 0.115 372.2350294787647 103600
520 888.4 869.1049083746085 1324.9903682286233 12834.305 0.115 582.3481874164332 118917
530 66.6 40.38540690690692 46.48985893419995 12834.305 0.115 602.2818867536249 127801
540 4.9 36.297102040816306 22.463468668534716 12834.305 0.115 599.3688969930022 128467
550 0.5 28.589200000000005 17.456441509081966 12834.305 0.115 599.1542115223009 128516
560 1576.8 469.47265785134596 698.0228493475029 12834.305 0.115 599.1320141766716 128521
570 4084.6 734.505139573032 1149.4925754449837 12834.305 0.115 584.9627515818948 144289
580 3079.5 1027.9213449585952 1701.1007138203781 13485.589 0.115 617.9560180084808 185135
590 1518.9 1432.1333617749717 1754.656283959383 13485.589 0.115 676.4234947066179 215930
600 192 47.07870781250012 77.0062690013338 13485.589 0.115 726.088287176736 231119
610 12.7 41.91158267716534 30.707873480717147 13485.589 0.115 720.4939514973889 233039
620 0.8 38.370875 21.951480186068892 13485.589 0.115 720.1243437465155 233166
628 0 0 0 13485.589 0.115 720.1009533695868 233174
