0 4 76.61685 48.76883347925701 170.217 7.329 0 0
10 11.6 63.4075948275862 44.92635292553007 206.354 6.477 76.61685 40
20 6.6 60.49009090909091 44.256583740907715 206.354 5.871 66.79458333333332 156
30 0.8 51.465374999999995 28.800410999400253 206.354 5.871 64.92027477477477 222
40 10.6 42.70281132075472 46.95088795754703 206.354 5.33 64.45227826086955 230
50 25.9 39.53056756756758 41.21199553104459 206.354 5.33 57.590839285714274 336
60 13.5 36.88968148148148 31.06044274627846 206.354 5.33 49.72930924369748 595
70 3.1 48.04412903225807 32.55681035116025 206.354 5.33 47.35485753424658 730
80 21 38.557676190476194 46.65023048929846 206.354 5.266 47.382935611038114 761
90 53.7 34.01781191806328 40.21909124564732 206.354 4.535 45.47428012358394 971
100 25.6 33.48301171874999 30.989608223902366 206.354 4.535 41.394622679045085 1508
110 3.8 37.9547894736842 30.805354711527784 206.354 4.535 40.24645238095237 1764
120 0.7 43.54485714285714 17.287659037000697 206.354 4.535 40.19812652608213 1802
130 0.2 32.324 7.996999999999999 206.354 4.535 40.21107683803206 1809
140 0 0 0 206.354 4.535 40.20236664826062 1811
150 9 30.742433333333334 41.24787973138068 206.354 4.535 40.20236664826062 1811
160 84.1 35.69582045184303 44.88513806400553 206.354 4.093 39.75450026301946 1901
170 83.5 33.06681317365274 37.63950916456703 206.354 4.093 38.50966083150984 2742
180 29.1 28.543621993127164 24.23160705232343 206.354 4.093 37.23910511601901 3577
190 4.3 29.00088372093023 20.64052732020785 206.354 4.093 36.58492063081697 3868
200 22.8 27.132008771929826 39.68104416291956 206.354 4.093 36.50153694707237 3911
210 163.5 36.16100122324151 46.818808456922454 206.354 3.695 35.98540927760329 4139
220 169.6 33.72555247641509 40.504693450901385 312.367 3.695 36.03513093176306 5774
230 49 28.013506122448987 24.990075478505286 312.367 3.695 35.51076077643908 7470
240 6.5 29.928569230769234 22.759449085511196 312.367 3.695 35.04924635678391 7960
250 0.4 18.630000000000003 9.152639373426663 312.367 3.695 35.00777046728971 8025
260 32.4 28.697179012345696 43.30934457693862 312.367 3.695 34.99961115954664 8029
270 300 36.582582333333406 48.750636332721 312.367 3.695 34.755149527116004 8353
280 345.2 34.114413673232825 42.00619638439799 312.367 3.695 35.23804377697527 11353
290 116.7 29.74559982862035 28.48779147857168 312.367 3.695 34.97605315771698 14805
300 19.3 29.027663212435236 21.28812159788568 312.367 3.695 34.593888179313794 15972
310 2.1 31.25700000000001 7.6197773933238695 312.367 3.695 34.527430931023815 16165
320 0 0 0 312.367 3.695 34.523187816631655 16186
330 67.8 30.60722713864307 46.29168721365697 312.367 3.695 34.523187816631655 16186
340 616.8 41.71607441634247 54.445210300135194 573.086 3.695 34.365750592979126 16864
350 705.8 44.84344233493908 54.748403939089656 573.086 3.695 36.33417701458841 23032
360 211.3 33.5046895409371 35.46518165400009 573.086 3.695 38.33013562645399 30090
370 28.7 33.02316724738678 28.76330135641185 573.086 3.695 38.013513958326875 32203
380 3.3 30.685090909090906 12.685782321676013 573.086 3.695 37.96943179439829 32490
390 0.1 27.384 0.0 573.086 3.695 37.96204061740923 32523
400 0.2 32.113 8.094000000000001 573.086 3.695 37.96171537941214 32524
410 612.7 44.86119879223129 63.03018295882842 573.086 3.492 37.96135574617231 32526
420 1530.7 69.65447925785583 95.49884998143386 1243.417 3.492 39.05507003337391 38653
430 822.7 51.23075568250894 68.12133376853849 1243.417 3.492 47.73529903632321 53960
440 167.8 34.75411084624556 42.8741360170327 1243.417 3.492 48.1977288340007 62187
450 18.4 28.285016304347852 23.405868414890502 1243.417 3.492 47.844508901589315 63865
460 2.5 31.13904 11.55479664028753 1243.417 3.492 47.788318381239385 64049
470 0.3 29.064666666666664 6.241437031823862 1243.417 3.492 47.78182226800264 64074
480 255.4 31.911530931871518 51.965264031532634 1243.417 3.492 47.780945955647134 64077
490 1762 333.999344267879 527.2383293983206 4560.682 0.367 47.17266323483065 66631
500 2010.2 1470.5161223261343 1446.2353657812757 11762.897 0.115 107.15873010409405 84251
510 1545.9 1990.2785934407118 1788.6538087875385 12834.305 0.115 369.78855673531166 104353
520 935.1 814.4385068976561 1268.4296882388003 12834.305 0.115 578.875755658865 119812
530 77.1 34.8649857328145 43.023391973782786 12834.305 0.115 595.9297671546799 129163
540 6.2 28.644112903225803 13.668106498760041 12834.305 0.115 592.6005311850627 129934
550 0.6 23.788333333333338 7.6461924002880135 12834.305 0.115 592.3315590787404 129996
560 1576.8 469.47265785134596 698.0228493475029 12834.305 0.115 592.3053190258606 130002
570 4087 734.0943856863188 1149.2702730834474 12834.305 0.115 579.0184602661724 145770
580 3116.4 1016.0147272173023 1694.0044238845633 13485.589 0.115 612.9766314616363 186640
590 1574.3 1381.1540876580086 1739.4540386075719 13485.589 0.115 670.644439289452 217804
600 213.2 42.385212007504805 73.8232713279055 13485.589 0.115 718.5386678355957 233547
610 15.9 33.43937735849057 28.69134273777709 13485.589 0.115 712.4220466354654 235679
620 1 30.669600000000003 14.587572122872267 13485.589 0.115 711.9642822191498 235838
628 0 0 0 13485.589 0.115 711.9353951952099 235848
