10 1 12537.1801 2735.926937999239 18103.332 8389.871 0 0
20 1.3 13533.120153846154 2509.3637330464053 18860.697 8389.871 12537.1801 10
30 0.3 21188.316666666666 1738.8169907912177 23511.003 8389.871 13100.102739130436 23
40 0 0 0 23511.003 8389.871 14033.358192307693 26
50 2 10715.925899999998 3776.4859195702156 23511.003 3978.596 14033.358192307693 26
60 2.8 16263.154892857141 4847.777021126786 25050.85 3978.596 12590.996326086957 46
70 1.2 20702.219666666668 4033.4690201274498 32511.234 3978.596 13980.461729729728 74
80 0.1 5435.107 0.0 32511.234 3978.596 14918.381441860462 86
90 3.8 10832.675078947366 3549.053953637419 32511.234 3978.596 14809.37828735632 87
100 6.1 15218.921573770498 4039.663765649315 32511.234 3978.596 13600.460511999998 125
110 1.5 22595.810333333335 3987.5374948030544 32511.234 3978.596 14131.246129032259 186
120 0.3 33427.963333333326 3395.8390663721916 38164.644 3978.596 14762.930024875624 201
130 0.1 36994.922 0.0 38164.644 3978.596 15037.415808823533 204
140 0 0 0 38164.644 3978.596 15144.525595121953 205
150 0.1 59484.031 0.0 59484.031 3978.596 15144.525595121953 205
160 2.3 8371.027739130437 1908.265519224135 59484.031 3978.596 15359.76591262136 206
170 10.4 13351.634461538466 3827.23743729343 59484.031 3978.596 14657.840244541487 229
180 8.7 18036.884137931043 4369.503957573335 59484.031 3978.596 14249.8960960961 333
190 2.3 25560.995391304346 3502.062451201599 59484.031 3978.596 15034.343619047624 420
200 0.1 34183.601 0.0 59484.031 3978.596 15580.874072234768 443
210 4 8894.626175000001 2146.052383306356 59484.031 3978.596 15622.772105855862 444
220 22.7 12940.387898678413 3586.4080038447746 59484.031 3945.257 15066.726987603311 484
230 17.2 18322.332802325567 4254.951757629438 59484.031 3945.257 14387.853607594941 711
240 2.9 25970.30210344827 3953.797040642372 59484.031 3945.257 15154.252725934317 883
250 0.2 36591.5245 2155.786500000002 59484.031 3945.257 15498.184120614036 912
260 0.1 44501.211 0.0 59484.031 3945.257 15544.340226477027 914
270 7.7 8538.259610389608 2348.432933775767 59484.031 3744.588 15575.987079781422 915
280 40.3 12825.811935483862 3670.669845046856 59484.031 3744.588 15029.711862903227 992
290 34.4 17985.985895348826 4392.181981373589 59484.031 3744.588 14393.029661648745 1395
300 8.6 26459.36355813953 4167.663013453591 59484.031 3744.588 15103.76971017826 1739
310 1 35909.899300000005 4700.707235777103 59484.031 3744.588 15638.88262575342 1825
320 0 0 0 59484.031 3744.588 15749.351381471386 1835
330 0.1 54631.291 0.0 59484.031 3744.588 15749.351381471386 1835
340 15.4 9002.557850649344 2074.118640857822 59484.031 3744.588 15770.528908496728 1836
350 86.8 13008.24255299538 3725.8090704335245 59484.031 3568.722 15246.776374371855 1990
360 67.6 18246.355420118343 4348.293987276375 59484.031 3568.722 14566.913758222527 2858
370 13.6 26503.61047794118 4289.538816710107 59484.031 3568.722 15270.734517543855 3534
380 1.8 36013.99599999999 3703.0559941641154 59484.031 3568.722 15686.993681198905 3670
390 0 0 0 59484.031 3568.722 15786.20356236442 3688
400 0.1 53993.621 0.0 59484.031 3568.722 15786.20356236442 3688
410 3 5811.885466666665 1129.9783910724057 59484.031 3475.229 15796.560682840873 3689
420 98.9 10882.529637007066 3010.750279257963 59484.031 2294.163 15716.017457112122 3719
430 174.4 15263.559413990819 4054.387483668664 59484.031 2294.163 14700.656485556492 4708
440 70.4 21766.04247869319 4350.052731760409 59484.031 2294.163 14852.81127588344 6452
450 10.7 31186.27846728972 3954.9285197683207 59484.031 2294.163 15532.927928591385 7156
460 1.3 40425.17038461538 5068.792386972498 59484.031 2294.163 15763.536287071453 7263
470 0.1 49070.149 0.0 59484.031 2294.163 15807.599129741611 7276
480 0.1 2696.752 0.0 59484.031 2294.163 15812.170044936096 7277
490 23.3 8052.490506437769 2718.677058486796 59484.031 331.072 15810.367981450943 7278
500 84.2 15958.480476247016 3564.5718212504485 59484.031 331.072 15569.709553588067 7511
510 235.9 23062.57275964392 4287.598566893111 59484.031 331.072 15608.898481743081 8353
520 361 28281.118298060974 4067.2307857551027 59484.031 331.072 17250.348969193423 10712
530 44.2 35576.0692104073 4111.509523534757 59484.031 331.072 20030.762129171908 14322
540 3.9 45929.353282051285 3884.567947697195 59484.031 331.072 20496.152655445683 14764
550 0.3 53897.951 1582.0659890670352 59484.031 331.072 20563.15899364994 14803
560 3 4589.737599999998 1889.5638934673193 59484.031 331.072 20569.913307848172 14806
570 95.8 12788.364459290178 3156.676704173069 59484.031 331.072 20537.59966055541 14836
580 412.7 18690.71253719408 4256.920311227649 59484.031 331.072 20067.562474104096 15794
590 570.7 25679.385495356582 4681.772102840622 59484.031 331.072 19782.322792881885 19921
600 113.9 31594.523403863037 4799.677185907563 59484.031 331.072 21095.51683233183 25628
610 10.2 40967.5300980392 5036.181379196497 59484.031 331.072 21542.274723951134 26767
620 0.6 56107.48750000001 4083.4003007693113 61595.992 331.072 21616.016807696604 26869
628 0 0 0 61595.992 331.072 21623.717229060465 26875
