0 86.940625 86.940625
10 884.98515625 971.92578125
20 662.97890625 1634.9046875
30 47.953125 1682.8578125
40 247.91796875 1930.77578125
50 1450.15546875 3380.93125
60 969.62578125 4350.55703125
70 231.87265625 4582.4296875
80 675.403125 5257.8328125
90 2850.69453125 8108.52734375
100 2067.353125 10175.88046875
110 327.3453125 10503.22578125
120 13.03671875 10516.2625
130 1.921875 10518.184375
140 0 10518.184375
150 185.71328125 10703.89765625
160 3182.4140625 13886.31171875
170 5146.98359375 19033.2953125
180 1889.41796875 20922.71328125
190 121.58984375 21044.303125
200 449.875 21494.178125
210 5590.659375 27084.8375
220 11639.37734375 38724.21484375
230 4062.79140625 42787.00625
240 327.40859375 43114.41484375
250 8.2234375 43122.63828125
260 548.665625 43671.30390625
270 10930.496875 54601.80078125
280 23758.50390625 78360.3046875
290 11785.978125 90146.2828125
300 1468.5671875 91614.85
310 30.38828125 91645.23828125
320 0 91645.23828125
330 1187.315625 92832.55390625
340 26152.59765625 118985.1515625
350 63759.49296875 182744.64453125
360 26901.17734375 209645.821875
370 3035.7390625 212681.5609375
380 122.50859375 212804.06953125
390 1.67265625 212805.7421875
400 1.92421875 212807.66640625
410 17162.44453125 229970.1109375
420 122194.68984375 352164.80078125
430 129468.7328125 481633.53359375
440 26598.2265625 508231.76015625
450 1407.159375 509638.91953125
460 73.496875 509712.41640625
470 3.7109375 509716.12734375
480 4575.425 514291.55234375
490 68359.246875 582650.79921875
500 185044.4640625 767695.26328125
510 411087.93515625 1178783.1984375
520 236827.84765625 1415611.04609375
530 10899.3421875 1426510.38828125
540 224.82421875 1426735.2125
550 11.31484375 1426746.52734375
560 24035.6390625 1450782.16640625
570 154867.115625 1605649.28203125
580 375685.34765625 1981334.6296875
590 333977.73671875 2315312.36640625
600 37162.296875 2352474.66328125
610 849.00625 2353323.66953125
620 51.75859375 2353375.428125
628 0 2353375.428125
