20 0.1 27.25 0 27.25 27.25 0 0
30 0 0 0 27.25 27.25 27.25 1
40 0 0 0 27.25 27.25 27.25 1
50 0.4 11.5575 3.6116110324895168 27.25 9.141 27.25 1
60 0.2 8.2415 0.0884999999999998 27.25 8.153 14.695999999999998 5
70 0.1 11.158 0.0 27.25 8.153 12.851857142857142 7
80 0 0 0 27.25 8.153 12.640125 8
90 0.6 8.480333333333332 0.8993117121196383 27.25 7.416 12.640125 8
100 0.2 8.6775 0.21950000000000003 27.25 7.416 10.857357142857142 14
110 0.1 8.322 0.0 27.25 7.416 10.584874999999998 16
120 0 0 0 27.25 7.416 10.451764705882352 17
130 0 0 0 27.25 7.416 10.451764705882352 17
140 0 0 0 27.25 7.416 10.451764705882352 17
150 0 0 0 27.25 7.416 10.451764705882352 17
160 0.4 12.496500000000001 7.610637111963754 27.25 7.077 10.451764705882352 17
170 1.3 7.954384615384616 0.8455591266649487 27.25 6.672 10.841238095238095 21
180 0.4 9.41675 0.4239005632220837 27.25 6.672 9.737441176470588 34
190 0 0 0 27.25 6.672 9.703684210526315 38
200 0 0 0 27.25 6.672 9.703684210526315 38
210 1.6 8.32175 3.792930191487843 27.25 5.269 9.703684210526315 38
220 2.8 7.492428571428573 1.330985521778383 27.25 5.269 9.294222222222222 54
230 1.2 7.254416666666667 0.8419430363088045 27.25 5.269 8.678975609756097 82
240 0 0 0 27.25 5.269 8.497117021276596 94
250 0 0 0 27.25 5.269 8.497117021276596 94
260 0 0 0 27.25 5.269 8.497117021276596 94
270 1.6 6.576437499999999 0.7776580200150642 27.25 5.269 8.497117021276596 94
280 4.9 7.23630612244898 1.9887535651819053 27.25 5.269 8.217745454545454 110
290 1.4 7.559928571428572 3.18012089761842 27.25 5.228 7.9152893081761 159
300 0 0 0 27.25 5.228 7.8865317919075135 173
310 0 0 0 27.25 5.228 7.8865317919075135 173
320 0 0 0 27.25 5.228 7.8865317919075135 173
330 0 0 0 27.25 5.228 7.8865317919075135 173
340 4.7 11.351319148936168 18.27927706925905 129.904 5.228 7.8865317919075135 173
350 10.7 8.826420560747662 13.138396457609819 140.872 5.171 8.626736363636363 220
360 3 7.292533333333333 3.294739228258015 140.872 4.864 8.692076452599387 327
370 0.1 6.249 0.0 140.872 4.864 8.574467787114845 357
380 0 0 0 140.872 4.864 8.567972067039104 358
390 0 0 0 140.872 4.864 8.567972067039104 358
400 0 0 0 140.872 4.864 8.567972067039104 358
410 2 14.506949999999998 27.2051763631023 140.872 4.6 8.567972067039104 358
420 15.8 9.917499999999999 5.630372385496992 140.872 4.6 8.882203703703702 378
430 12.6 7.417182539682541 2.4681169751831455 140.872 4.6 9.187384328358208 536
440 2.7 6.4982592592592585 0.40326304186322887 140.872 4.6 8.850457703927493 662
450 0 0 0 140.872 4.6 8.758281567489115 689
460 0 0 0 140.872 4.6 8.758281567489115 689
470 0 0 0 140.872 4.6 8.758281567489115 689
480 0.1 4.988 0.0 140.872 4.6 8.758281567489115 689
490 11.6 133.7351810344827 206.79344584564865 1118.488 4.6 8.75281739130435 690
500 30.8 312.169431818182 322.56167566698923 1867.509 0.409 26.74035359801488 806
510 26.4 320.00350000000026 418.86365656143437 2855.784 0.409 105.65611310592463 1114
520 6.1 62.96581967213111 91.01858207026866 2855.784 0.409 146.72121480406395 1378
530 0.2 6.681 0.21300000000000008 2855.784 0.409 143.17077762334964 1439
540 0 0 0 2855.784 0.409 142.98134004163782 1441
550 0 0 0 2855.784 0.409 142.98134004163782 1441
560 2.1 260.2025714285715 294.7949789699003 2855.784 0.409 142.98134004163782 1441
570 42.8 184.88871495327098 312.6487874234419 2855.784 0.389 144.66509233926135 1462
580 58.1 221.2934010327022 334.187809505759 2855.784 0.389 153.77393386243392 1890
590 11.9 234.72031092436993 363.33087318220055 2855.784 0.389 169.6496159449616 2471
600 0.6 6.393166666666666 0.38833208154304705 2855.784 0.389 172.63935057915063 2590
610 0 0 0 2855.784 0.389 172.2551144067797 2596
620 0 0 0 2855.784 0.389 172.2551144067797 2596
628 0 0 0 2855.784 0.389 172.2551144067797 2596
