0 0.1 92.002 0 92.002 92.002 0 0
10 0.2 63.9905 1.9764999999999997 92.002 62.014 92.002 1
20 0.4 40.64 8.994163607584643 92.002 31.247 73.32766666666667 3
30 0 0 0 92.002 31.247 54.649 7
40 0.2 41.355000000000004 4.8980000000000015 92.002 31.247 54.649 7
50 0.7 32.457 5.287033653868949 92.002 26.73 51.69477777777778 9
60 0.7 35.24914285714286 4.2966642353133 92.002 26.73 43.27825 16
70 0.1 43.673 0.0 92.002 26.73 40.83460869565217 23
80 0.1 29.096 0.0 92.002 26.73 40.952875 24
90 2.1 28.352857142857136 3.3266216995583955 92.002 23.107 40.4786 25
100 0.7 27.545714285714286 2.1561155358842985 92.002 23.107 34.942934782608695 46
110 0.3 35.809666666666665 7.048755083149238 92.002 23.107 33.965943396226415 53
120 0 0 0 92.002 23.107 34.06471428571429 56
130 0 0 0 92.002 23.107 34.06471428571429 56
140 0 0 0 92.002 23.107 34.06471428571429 56
150 0 0 0 92.002 23.107 34.06471428571429 56
160 1.7 30.291588235294125 12.3001290479066 92.002 23.107 34.06471428571429 56
170 3.5 28.53851428571429 8.794516461560185 92.002 21.852 33.18604109589041 73
180 1.7 28.167058823529416 1.872737363282398 92.002 21.852 31.679898148148148 108
190 0 0 0 92.002 21.852 31.202152 125
200 0 0 0 92.002 21.852 31.202152 125
210 4.3 25.137209302325584 3.078275079946632 92.002 21.852 31.202152 125
220 8.3 26.00706024096386 7.125474332719931 92.002 21.226 29.649815476190476 168
230 2 26.404499999999995 2.4890433804978174 92.002 21.226 28.445239043824703 251
240 0.1 35.149 0.0 92.002 21.226 28.294630996309966 271
250 0 0 0 92.002 21.226 28.319830882352946 272
260 0 0 0 92.002 21.226 28.319830882352946 272
270 7.1 25.886154929577458 4.876202651648154 92.002 21.226 28.319830882352946 272
280 17.7 30.187689265536736 20.142339611567913 158.999 21.179 27.816067055393585 343
290 4.6 27.605413043478258 18.07203696872492 158.999 20.84 28.623330769230773 520
300 0.3 28.895666666666667 0.5344313696714372 158.999 20.84 28.540602473498236 566
310 0 0 0 158.999 20.84 28.54247451669596 569
320 0 0 0 158.999 20.84 28.54247451669596 569
330 0 0 0 158.999 20.84 28.54247451669596 569
340 13.5 36.10970370370371 31.617482659668383 193.097 20.84 28.54247451669596 569
350 31.5 37.03619999999998 28.904342630965584 205.22 20.84 29.993576704545458 704
360 9.4 27.975734042553206 15.489032492603469 205.22 20.84 32.170638861629044 1019
370 0.4 24.79325 1.9600844847863068 205.22 20.84 31.81635220125786 1113
380 0 0 0 205.22 20.84 31.791202327663385 1117
390 0 0 0 205.22 20.84 31.791202327663385 1117
400 0 0 0 205.22 20.84 31.791202327663385 1117
410 5.9 51.55966101694914 74.13161853028024 500.791 20.84 31.791202327663385 1117
420 54 86.89922407407411 108.93233968355365 790.007 20.84 32.78298724489796 1176
430 44.6 46.74430269058293 51.290965237251264 790.007 20.84 49.81257226107227 1716
440 4 26.6098 7.599005715223539 790.007 20.84 49.179617483811285 2162
450 0.2 28.231 0.6049999999999978 790.007 20.84 48.769629881925525 2202
460 0 0 0 790.007 20.84 48.75099228675136 2204
470 0 0 0 790.007 20.84 48.75099228675136 2204
480 0.1 150.021 0.0 790.007 20.84 48.75099228675136 2204
490 20.5 698.2005756097558 870.7812690132087 3699.137 20.84 48.79691972789116 2205
500 67.8 3746.9448525073735 1608.9998508533026 8504.542 0.402 104.0366497925311 2410
510 114.8 3599.2924477352 1415.4884239659136 8642.815 0.402 903.8720647668391 3088
520 26.4 1796.502814393941 1634.3249923612218 8642.815 0.402 1634.3589863078396 4236
530 0.2 27.589 0.7580000000000018 8642.815 0.402 1643.8714242222243 4500
540 0 0 0 8642.815 0.402 1643.1533956019568 4502
550 0 0 0 8642.815 0.402 1643.1533956019568 4502
560 1.1 617.5297272727271 917.260053944859 8642.815 0.402 1643.1533956019568 4502
570 108.1 1371.7022488436626 2072.376374636935 10071.831 0.378 1640.6535373365853 4513
580 182.6 2132.7221653888255 2185.396388098146 10384.418 0.378 1588.6806480157327 5594
590 64.5 2365.4656434108524 1607.9732498176609 10384.418 0.378 1722.5647195417796 7420
600 2.2 23.794045454545458 6.833744923521222 10384.418 0.378 1773.9808504649727 8065
610 0 0 0 10384.418 0.378 1769.2196151848652 8087
620 0 0 0 10384.418 0.378 1769.2196151848652 8087
628 0 0 0 10384.418 0.378 1769.2196151848652 8087
