0 0.1 162.608 0 162.608 162.608 0 0
10 1 100.00039999999998 27.2358573288964 162.608 68.659 162.608 1
20 0.2 111.31 38.94 162.608 68.659 105.692 11
30 0 0 0 162.608 68.659 106.55630769230768 13
40 0.2 75.905 4.563000000000002 162.608 68.659 106.55630769230768 13
50 1.3 78.09507692307695 13.81661717176118 162.608 67.141 102.46946666666666 15
60 0.5 82.1932 12.549395609351075 162.608 66.574 91.15278571428573 28
70 0 0 0 162.608 66.574 89.79527272727273 33
80 0.7 81.029 14.540907586136822 162.608 66.574 89.79527272727273 33
90 2.4 73.30679166666667 7.627633485006814 162.608 63.22 88.26117500000001 40
100 1 72.73100000000002 5.876424389031146 162.608 63.22 82.65328125 64
110 0 0 0 162.608 63.22 81.31243243243244 74
120 0 0 0 162.608 63.22 81.31243243243244 74
130 0 0 0 162.608 63.22 81.31243243243244 74
140 0 0 0 162.608 63.22 81.31243243243244 74
150 0.1 81.012 0.0 162.608 63.22 81.31243243243244 74
160 3 71.31753333333333 5.532650502446562 162.608 63.22 81.30842666666668 75
170 3 73.1858 7.51986534631217 162.608 63.197 78.4538857142857 105
180 0.3 79.91833333333334 6.297223374013518 162.608 63.197 77.2832 135
190 0 0 0 162.608 63.197 77.34048550724637 138
200 0.2 69.0235 1.3094999999999999 162.608 63.197 77.34048550724637 138
210 4.3 74.72869767441858 18.434046698956177 187.655 63.197 77.22167142857143 140
220 7.5 73.90728000000001 16.034986916165536 187.655 63.197 76.63589071038251 183
230 1 71.9611 5.57519225587782 187.655 63.197 75.84268992248062 258
240 0 0 0 187.655 63.197 75.69785447761194 268
250 0 0 0 187.655 63.197 75.69785447761194 268
260 0 0 0 187.655 63.197 75.69785447761194 268
270 8.2 83.41758536585365 39.7639572842197 316.082 63.197 75.69785447761194 268
280 13 84.02273846153844 35.30757780258289 316.082 62.574 77.50647714285714 350
290 3.4 79.09605882352939 26.746652686602047 316.082 62.574 79.27129791666665 480
300 0.1 67.825 0.0 316.082 62.574 79.25970622568092 514
310 0 0 0 316.082 62.574 79.23750291262132 515
320 0 0 0 316.082 62.574 79.23750291262132 515
330 0.2 68.66050000000001 1.8555000000000028 316.082 62.574 79.23750291262132 515
340 20 104.79062499999998 69.77454942408711 580.426 62.574 79.19658607350094 517
350 31.4 101.67593949044594 56.67848573688498 580.426 62.574 86.33578800557878 717
360 5 83.87218000000003 25.588091863747877 580.426 62.574 91.00776430649854 1031
370 0.1 66.282 0.0 580.426 62.574 90.67771877890841 1081
380 0 0 0 580.426 62.574 90.65517190388171 1082
390 0 0 0 580.426 62.574 90.65517190388171 1082
400 0 0 0 580.426 62.574 90.65517190388171 1082
410 11.1 134.34075675675686 90.62592329835635 580.426 62.574 90.65517190388171 1082
420 64.8 181.93897530864206 132.9031190680794 1249.3 62.574 94.71979882648786 1193
430 30.9 111.60585760517809 61.76811870929754 1249.3 62.574 125.41943291689303 1841
440 2.5 75.58987999999995 17.01276279343246 1249.3 62.574 123.43413302325587 2150
450 0 0 0 1249.3 62.574 122.88419908045981 2175
460 0 0 0 1249.3 62.574 122.88419908045981 2175
470 0 0 0 1249.3 62.574 122.88419908045981 2175
480 0.7 104.14514285714286 45.336014496293814 1249.3 62.574 122.88419908045981 2175
490 30.4 848.0277927631581 1025.2338501931747 4566.704 62.574 122.82408295142076 2182
500 72.4 4901.869950276232 2070.0277424821666 11768.739 0.475 211.505469831054 2486
510 101.9 5100.934045142294 1628.8235783811604 12840.275 0.475 1269.3945302180662 3210
520 15 3449.44728 2232.086269107447 12840.275 0.475 2192.6243163868503 4229
530 0 0 0 12840.275 0.475 2235.6760278602396 4379
540 0 0 0 12840.275 0.475 2235.6760278602396 4379
550 0 0 0 12840.275 0.475 2235.6760278602396 4379
560 3.4 790.2830294117649 1314.9725917936237 12840.275 0.475 2235.6760278602396 4379
570 140.8 1856.1548416193145 2661.8528933587995 12840.275 0.454 2224.539983911169 4413
580 175 3227.825012571425 2984.769889852686 13492.112 0.448 2135.433940216455 5821
590 46.6 4150.630072961373 1976.3198767061585 13492.112 0.448 2387.934848500856 7571
600 0.4 53.5475 9.024529142841747 13492.112 0.448 2490.139150429262 8037
610 0 0 0 13492.112 0.448 2488.927066534011 8041
620 0 0 0 13492.112 0.448 2488.927066534011 8041
628 0 0 0 13492.112 0.448 2488.927066534011 8041
