0 0.1 71.937 0 71.937 71.937 0 0
10 1 50.043699999999994 26.808256612655732 101.437 12.901 71.937 1
20 0.2 45.968500000000006 7.643499999999998 101.437 12.901 52.03399999999999 11
30 0 0 0 101.437 12.901 51.10084615384615 13
40 0.2 23.828 8.012 101.437 12.901 51.10084615384615 13
50 1.3 25.53046153846154 16.01553041277019 101.437 12.709 47.46446666666666 15
60 0.5 20.831 8.866708588873324 101.437 12.709 37.28082142857142 28
70 0 0 0 101.437 12.709 34.788424242424234 33
80 0.7 14.816857142857144 2.6204824217019618 101.437 12.709 34.788424242424234 33
90 2.4 14.758416666666664 3.7622731262348412 101.437 10.576 31.2934 40
100 1 13.7597 1.2917101880839987 101.437 10.576 25.092781249999998 64
110 0 0 0 101.437 10.576 23.561283783783782 74
120 0 0 0 101.437 10.576 23.561283783783782 74
130 0 0 0 101.437 10.576 23.561283783783782 74
140 0 0 0 101.437 10.576 23.561283783783782 74
150 0.1 14.312 0.0 101.437 10.576 23.561283783783782 74
160 3 12.819500000000001 2.4879383533359505 101.437 9.477 23.437959999999997 75
170 3 12.951233333333334 4.0452632850725 101.437 9.477 20.404114285714282 105
180 0.3 12.537333333333335 0.6668739677696889 101.437 9.477 18.747918518518517 135
190 0 0 0 101.437 9.477 18.61290579710145 138
200 0.2 13.58 2.0199999999999996 101.437 9.477 18.61290579710145 138
210 4.3 12.298627906976748 2.9704566951608395 101.437 9.477 18.541007142857143 140
220 7.5 15.445800000000006 19.960760233351163 144.513 8.853 17.074218579234973 183
230 1 12.645800000000001 1.2934480120978962 144.513 8.853 16.600841085271316 258
240 0 0 0 144.513 8.853 16.453264925373134 268
250 0 0 0 144.513 8.853 16.453264925373134 268
260 0 0 0 144.513 8.853 16.453264925373134 268
270 8.2 11.482097560975602 2.303052749307235 144.513 8.853 16.453264925373134 268
280 13 11.791707692307691 3.344920549697255 144.513 8.853 15.288591428571426 350
290 3.4 12.234411764705882 3.609047528884033 144.513 8.853 14.341518749999997 480
300 0.1 15.533 0.0 144.513 8.853 14.202138132295717 514
310 0 0 0 144.513 8.853 14.204722330097086 515
320 0 0 0 144.513 8.853 14.204722330097086 515
330 0.2 11.1645 0.18050000000000033 144.513 8.853 14.204722330097086 515
340 19.6 15.572198979591832 20.222665671049903 250.038 8.612 14.192961315280462 517
350 31.8 22.539342767295608 32.60951839896902 287.303 8.612 14.572106591865353 713
360 5 12.159679999999998 3.3727873424809935 287.303 8.612 17.02950824442289 1031
370 0.1 11.968 0.0 287.303 8.612 16.8042617946346 1081
380 0 0 0 287.303 8.612 16.799792051756008 1082
390 0 0 0 287.303 8.612 16.799792051756008 1082
400 0 0 0 287.303 8.612 16.799792051756008 1082
410 10.9 31.01028440366971 52.08256411515299 309.462 8.612 16.799792051756008 1082
420 64.9 43.259942989214196 60.558386329580024 595.909 8.612 18.10033249370277 1191
430 31 23.77679032258065 30.535554926494118 595.909 8.612 26.974564673913047 1840
440 2.5 11.63708 2.857752808344346 595.909 8.612 26.513490232558144 2150
450 0 0 0 595.909 8.612 26.34249701149426 2175
460 0 0 0 595.909 8.612 26.34249701149426 2175
470 0 0 0 595.909 8.612 26.34249701149426 2175
480 0.7 51.18485714285714 94.4786094965848 595.909 8.612 26.34249701149426 2175
490 27.2 329.2794154411764 516.2605669443044 2540.789 8.612 26.422192942254817 2182
500 60.9 1278.5797159277486 812.2263282452227 4872.048 0.4 59.99071964140179 2454
510 108.9 1237.8540404040393 796.2844500496448 4993.369 0.4 302.2762889324188 3063
520 22.7 711.6015550660796 750.8203508542497 4993.369 0.4 547.6626500481691 4152
530 0 0 0 4993.369 0.4 556.1609673441421 4379
540 0 0 0 4993.369 0.4 556.1609673441421 4379
550 0 0 0 4993.369 0.4 556.1609673441421 4379
560 2.9 417.1697586206896 707.4404395556808 4993.369 0.4 556.1609673441421 4379
570 133.2 346.47527477477536 649.3624956268261 5336.051 0.389 555.2465514972773 4408
580 176.2 510.3811526674234 787.7418545909629 5338.014 0.389 506.79997648083605 5740
590 53.5 701.6247719626173 734.3922682398701 5338.014 0.389 507.6410898427085 7502
600 0.4 7.422 3.5746288618540523 5338.014 0.389 520.554026253577 8037
610 0 0 0 5338.014 0.389 520.2987684367614 8041
620 0 0 0 5338.014 0.389 520.2987684367614 8041
628 0 0 0 5338.014 0.389 520.2987684367614 8041
