0 0.1 46.666 0 46.666 46.666 0 0
10 0.2 44.961 0.6009999999999991 46.666 44.36 46.666 1
20 0.1 11.148 0.0 46.666 11.148 45.529333333333334 3
30 0 0 0 46.666 11.148 36.934 4
40 0 0 0 46.666 11.148 36.934 4
50 0.5 12.7202 5.224946445658559 46.666 7.869 36.934 4
60 0.3 10.465666666666666 0.7152679373648884 46.666 7.869 23.48188888888889 9
70 0.1 9.715 0.0 46.666 7.869 20.227833333333333 12
80 0 0 0 46.666 7.869 19.419153846153844 13
90 1.1 9.324363636363636 1.8866149712081628 46.666 7.711 19.419153846153844 13
100 1.5 9.503399999999997 0.8260658407980165 46.666 7.699 14.792374999999998 24
110 0.3 11.241999999999999 0.8238207733886465 46.666 7.699 12.758153846153842 39
120 0 0 0 46.666 7.699 12.64985714285714 42
130 0 0 0 46.666 7.699 12.64985714285714 42
140 0 0 0 46.666 7.699 12.64985714285714 42
150 0 0 0 46.666 7.699 12.64985714285714 42
160 1.8 17.72133333333333 29.76216343316161 138.9 7.699 12.64985714285714 42
170 2.4 8.649583333333332 0.8441192114005907 138.9 6.422 14.171299999999997 60
180 1.2 9.202416666666668 1.0283859893325826 138.9 6.422 12.593666666666664 84
190 0.2 10.6475 0.14549999999999974 138.9 6.422 12.169760416666664 96
200 0 0 0 138.9 6.422 12.138693877551018 98
210 2.2 7.996318181818185 0.5707959662821448 138.9 6.422 12.138693877551018 98
220 5.1 16.883235294117643 42.9732702870089 264.039 6.422 11.379258333333333 120
230 2 9.39655 2.895172075628667 264.039 6.422 13.020795321637424 171
240 0.1 10.294 0.0 264.039 6.422 12.641293193717276 191
250 0.1 11.643 0.0 264.039 6.422 12.62906770833333 192
260 0 0 0 264.039 6.422 12.623958549222795 193
270 3.1 9.04283870967742 3.708772156586234 264.039 6.422 12.623958549222795 193
280 9.9 8.577474747474751 4.507606012789275 264.039 6.398 12.12835714285714 224
290 4.9 8.648306122448982 2.3196052285880726 264.039 6.398 11.040006191950463 323
300 1.1 10.577181818181817 3.145107074869899 264.039 6.398 10.724970430107527 372
310 0 0 0 264.039 6.398 10.72072584856397 383
320 0 0 0 264.039 6.398 10.72072584856397 383
330 0 0 0 264.039 6.398 10.72072584856397 383
340 6.3 9.517174603174603 5.895189767775518 264.039 6.358 10.72072584856397 383
350 20.4 12.445196078431378 20.161017774816212 264.039 6.358 10.550717488789239 446
360 8.5 8.724164705882353 3.7277029509496913 264.039 6.106 11.145292307692312 650
370 0.6 8.451666666666666 0.825911953876172 264.039 6.106 10.865297959183678 735
380 0 0 0 264.039 6.106 10.845754385964916 741
390 0 0 0 264.039 6.106 10.845754385964916 741
400 0 0 0 264.039 6.106 10.845754385964916 741
410 1.8 9.579555555555558 6.006172817492039 264.039 6.011 10.845754385964916 741
420 30.1 22.743475083056474 34.80638347193743 346.328 6.011 10.815725955204222 759
430 34.2 13.635830409356727 18.03060639385996 346.328 6.011 14.202756603773587 1060
440 6.5 9.10661538461538 3.933161365745637 346.328 6.011 14.064462196861628 1402
450 0.7 9.424714285714286 0.7075627613325122 346.328 6.011 13.844789366053172 1467
460 0 0 0 346.328 6.011 13.82379850746269 1474
470 0 0 0 346.328 6.011 13.82379850746269 1474
480 0 0 0 346.328 6.011 13.82379850746269 1474
490 13.6 376.645411764706 418.72407686094556 1791.005 6.011 13.82379850746269 1474
500 49.3 821.5812393509138 587.7298053904702 3813.384 0.447 44.47208385093169 1610
510 64.8 775.0303256172847 639.3331395847721 4061.287 0.447 226.64745886828365 2103
520 17.7 267.4932259887005 372.801583007091 4061.287 0.447 355.81943184296654 2751
530 1.2 9.573833333333331 4.335225346571451 4061.287 0.447 350.48004030054676 2928
540 0 0 0 4061.287 0.447 349.08858639455815 2940
550 0 0 0 4061.287 0.447 349.08858639455815 2940
560 1.4 494.30885714285705 509.4867681406536 4061.287 0.447 349.08858639455815 2940
570 63.2 275.10865822784825 518.7479733072875 4077.554 0.427 349.77683412322307 2954
580 128.8 280.84848059006197 474.2464618477408 4228.542 0.411 336.61724484104883 3586
590 44.7 359.9187046979864 489.76574681359324 4228.542 0.411 321.87982827246634 4874
600 2.7 6.871259259259258 2.0729570503955546 4228.542 0.411 325.0753512497652 5321
610 0.1 11.49 0.0 4228.542 0.411 323.4688608825731 5348
620 0 0 0 4228.542 0.411 323.41053617498613 5349
628 0 0 0 4228.542 0.411 323.41053617498613 5349
