20 0.1 123.727 0 123.727 123.727 0 0
30 0 0 0 123.727 123.727 123.727 1
40 0 0 0 123.727 123.727 123.727 1
50 0.3 149.677 32.41475784268642 194.425 118.684 123.727 1
60 0.2 119.318 1.5829999999999984 194.425 117.735 143.18949999999998 4
70 0.2 119.195 0.5719999999999921 194.425 117.735 135.23233333333332 6
80 0 0 0 194.425 117.735 131.22299999999998 8
90 0.2 121.229 0.5799999999999983 194.425 117.735 131.22299999999998 8
100 0.5 120.69360000000002 2.6912306924528098 194.425 117.214 129.2242 10
110 0.2 119.471 2.182000000000002 194.425 117.214 126.38066666666667 15
120 0 0 0 194.425 117.214 125.56776470588235 17
130 0 0 0 194.425 117.214 125.56776470588235 17
140 0 0 0 194.425 117.214 125.56776470588235 17
150 0 0 0 194.425 117.214 125.56776470588235 17
160 0.1 126.188 0.0 194.425 117.214 125.56776470588235 17
170 1.5 122.25546666666669 1.782715451838076 194.425 117.214 125.60222222222222 18
180 0.4 118.202 0.96476059206417 194.425 116.553 124.08096969696972 33
190 0.1 118.165 0.0 194.425 116.553 123.44540540540542 37
200 0 0 0 194.425 116.553 123.30644736842106 38
210 1 125.0904 2.3821572240303555 194.425 116.553 123.30644736842106 38
220 3.2 124.41128125000002 3.5060640167641637 194.425 116.553 123.67810416666669 48
230 1.2 121.48558333333334 2.4544444876703855 194.425 115.531 123.97137500000001 80
240 0.2 120.9865 1.283499999999993 194.425 115.531 123.64714130434783 92
250 0 0 0 194.425 115.531 123.59053191489362 94
260 0 0 0 194.425 115.531 123.59053191489362 94
270 1.2 127.151 2.1063242073970123 194.425 115.531 123.59053191489362 94
280 4.5 126.03715555555557 2.3434767709116455 194.425 115.531 123.99360377358491 106
290 2.1 123.71838095238094 2.4805616582922427 194.425 115.531 124.60260927152316 151
300 0.1 121.884 0.0 194.425 115.531 124.49465116279069 172
310 0 0 0 194.425 115.531 124.4795606936416 173
320 0 0 0 194.425 115.531 124.4795606936416 173
330 0 0 0 194.425 115.531 124.4795606936416 173
340 3.1 129.58332258064513 3.8918299650147765 194.425 115.531 124.4795606936416 173
350 10.3 129.1734563106796 6.0273108589020765 194.425 115.531 125.25513235294115 204
360 4.5 127.07853333333331 4.548231048562846 194.425 115.531 126.56974918566773 307
370 0.6 120.5535 2.095015970503971 194.425 115.531 126.63479261363635 352
380 0 0 0 194.425 115.531 126.53287150837988 358
390 0 0 0 194.425 115.531 126.53287150837988 358
400 0 0 0 194.425 115.531 126.53287150837988 358
410 0.9 134.925 8.910518428613825 194.425 115.531 126.53287150837988 358
420 13.5 150.54643703703695 54.57212199643865 464.609 115.531 126.73867302452314 367
430 14.5 135.25826206896556 27.940440123658284 464.609 115.531 133.14115936254976 502
440 4 125.73575000000001 3.088478223575501 464.609 115.531 133.61562596599688 647
450 0.2 120.2205 1.508499999999998 464.609 115.531 133.15682678311498 687
460 0 0 0 464.609 115.531 133.11927576197388 689
470 0 0 0 464.609 115.531 133.11927576197388 689
480 0 0 0 464.609 115.531 133.11927576197388 689
490 7.1 603.9963239436621 449.31023704289555 1792.039 115.531 133.11927576197388 689
500 25 819.1393519999996 590.7340402608372 5220.605 0.453 177.10910526315791 760
510 31.8 768.0259150943396 555.4345793252204 5220.605 0.453 336.02748316831673 1010
520 10.6 341.20035849056615 362.7498471947245 5220.605 0.453 439.4728908132529 1328
530 0.6 124.452 3.9105324445655674 5220.605 0.453 432.2086729428172 1434
540 0 0 0 5220.605 0.453 430.92635347222216 1440
550 0 0 0 5220.605 0.453 430.92635347222216 1440
560 1 743.7935000000001 663.4711572263334 5220.605 0.453 430.92635347222216 1440
570 29.9 270.4467324414713 432.5953109282611 5220.605 0.412 433.08405793103447 1450
580 60.8 371.1467615131572 499.84596242367587 5220.605 0.398 405.28042138364776 1749
590 22 522.0455181818174 523.2738998019059 5220.605 0.398 396.4754722104368 2357
600 1.7 128.44011764705883 2.5036471486578735 5220.605 0.398 407.19546061311576 2577
610 0.1 122.345 0.0 5220.605 0.398 405.36861372397817 2594
620 0 0 0 5220.605 0.398 405.2595487475913 2595
628 0 0 0 5220.605 0.398 405.2595487475913 2595
