10 0.6 43.272 22.77115538717056 92.252 27.304 0 0
20 0.6 22.524666666666665 9.036796513268527 92.252 14.221 43.272 6
30 0.1 21.063 0.0 92.252 14.221 32.89833333333333 12
40 0 0 0 92.252 14.221 31.987923076923074 13
50 0.9 18.064222222222224 4.304264004134034 92.252 12.93 31.987923076923074 13
60 0.9 17.019555555555556 3.8703442313489127 92.252 12.93 26.291863636363633 22
70 0.2 15.533000000000001 0.27099999999999946 92.252 12.93 23.59990322580645 31
80 0.1 16.909 0.0 92.252 12.93 23.111 33
90 1.8 13.349666666666668 1.3713411926528956 92.252 10.499 22.928588235294118 34
100 2.1 14.273714285714288 1.3949334560970192 92.252 10.499 19.61280769230769 52
110 0.1 14.923 0.0 92.252 10.499 18.07690410958904 73
120 0 0 0 92.252 10.499 18.034283783783785 74
130 0 0 0 92.252 10.499 18.034283783783785 74
140 0 0 0 92.252 10.499 18.034283783783785 74
150 0 0 0 92.252 10.499 18.034283783783785 74
160 1 13.3065 1.1438757144025742 92.252 10.499 18.034283783783785 74
170 4.2 12.750714285714288 1.2212663272918283 92.252 10.209 17.471452380952382 84
180 1.2 13.404583333333333 1.1552533241915188 92.252 10.209 15.897873015873015 126
190 0 0 0 92.252 10.209 15.681065217391305 138
200 0 0 0 92.252 10.209 15.681065217391305 138
210 2.2 12.43963636363636 4.030904461390706 92.252 9.602 15.681065217391305 138
220 7.1 12.064521126760562 4.381213359684139 92.252 9.602 15.235368750000001 160
230 3.5 12.965485714285713 4.284207753875545 92.252 9.434 14.26077922077922 231
240 0.2 12.657499999999999 0.069500000000001 92.252 9.434 14.090345864661654 266
250 0 0 0 92.252 9.434 14.079652985074626 268
260 0 0 0 92.252 9.434 14.079652985074626 268
270 3.8 12.571947368421059 5.929295737657074 92.252 8.961 14.079652985074626 268
280 12.2 12.996008196721313 11.907928151470708 135.002 8.961 13.892421568627451 306
290 8 13.27525 13.319710155911805 135.002 8.961 13.636901869158878 428
300 0.7 13.998000000000003 1.4215522702816297 135.002 8.961 13.579948818897638 508
310 0 0 0 135.002 8.961 13.585631067961163 515
320 0 0 0 135.002 8.961 13.585631067961163 515
330 0 0 0 135.002 8.961 13.585631067961163 515
340 8.3 14.538746987951804 8.823573514313285 135.002 8.961 13.585631067961163 515
350 33.4 17.288571856287422 18.869061223453002 197.804 8.961 13.71791973244147 598
360 13.7 12.51213138686132 5.456722302747945 197.804 8.961 14.997531115879825 932
370 1.2 12.290916666666668 1.4711003511166585 197.804 8.961 14.679009354536948 1069
380 0.1 14.469 0.0 197.804 8.961 14.652499537465307 1081
390 0 0 0 197.804 8.961 14.652329944547132 1082
400 0 0 0 197.804 8.961 14.652329944547132 1082
410 2.7 23.155407407407406 32.89662043911959 197.804 8.961 14.652329944547132 1082
420 45 33.57377999999994 55.99916160672447 561.834 8.961 14.859348061316497 1109
430 50.8 21.383643700787417 34.31252719088778 561.834 8.961 20.261204618345076 1559
440 10.2 12.088529411764707 4.558937930379895 561.834 8.961 20.537062893081753 2067
450 0.6 12.782333333333334 1.1755323144100382 561.834 8.961 20.13975979714153 2169
460 0 0 0 561.834 8.961 20.11946344827585 2175
470 0 0 0 561.834 8.961 20.11946344827585 2175
480 0 0 0 561.834 8.961 20.11946344827585 2175
490 9.7 546.360175257732 646.2017870507699 2841.414 8.961 20.11946344827585 2175
500 17.6 1331.2440454545451 990.9862321010568 4321.368 0.406 42.586606514084494 2272
510 69.1 1085.1974500723586 754.3733972572167 4321.368 0.406 135.2351805555555 2448
520 119.6 340.0608428093645 549.6430909898411 4710.705 0.406 344.3539853456514 3139
530 4.1 11.537341463414636 1.1474453833594782 4710.705 0.406 343.16953356401376 4335
540 0.1 16.606 0.0 4710.705 0.406 340.0623763711151 4376
550 0 0 0 4710.705 0.406 339.98847726753473 4377
560 0.5 496.19440000000003 769.9309905056688 4710.705 0.406 339.98847726753473 4377
570 38.5 33.14807272727276 213.83780655851237 4710.705 0.371 340.1667131446827 4382
580 148.5 247.99399932659946 654.0030782591057 5041.4 0.371 315.3707877071533 4767
590 160.8 438.71783706467676 671.8861502013264 5041.4 0.371 299.3671839411388 6252
600 17.4 10.45510344827586 25.24299085920751 5041.4 0.371 327.87556183206107 7860
610 0.1 15.53 0.0 5041.4 0.371 321.0008842419717 8034
620 0 0 0 5041.4 0.371 320.96286670815186 8035
628 0 0 0 5041.4 0.371 320.96286670815186 8035
