0 0.5 59.556799999999996 17.80490091407419 71.87 24.582 0 0
10 1.4 47.22557142857142 21.031493540179504 75.335 16.379 59.556799999999996 5
20 0.7 42.702285714285715 32.071296974594794 108.998 16.379 50.47063157894736 19
30 0 0 0 108.998 16.379 48.37915384615384 26
40 1 26.170000000000005 9.02801874167306 108.998 16.379 48.37915384615384 26
50 3.2 21.120625 7.481550393927385 108.998 14.649 42.209944444444446 36
60 1.8 18.24788888888888 2.87046652981104 108.998 14.649 32.28555882352941 68
70 0 0 0 108.998 14.649 29.347441860465118 86
80 1.8 17.289666666666665 1.7277340973399564 108.998 13.891 29.347441860465118 86
90 7.5 16.973679999999998 3.020730036089511 108.998 13.152 27.26051923076923 104
100 2.5 17.44104 2.846248302309551 108.998 13.152 22.950391061452514 179
110 0.2 31.320999999999998 8.722999999999999 108.998 13.152 22.27522549019608 204
120 0 0 0 108.998 13.152 22.363048543689317 206
130 0 0 0 108.998 13.152 22.363048543689317 206
140 0 0 0 108.998 13.152 22.363048543689317 206
150 0.5 16.025799999999997 0.9356895639046093 108.998 13.152 22.363048543689317 206
160 9.7 16.446237113402074 3.0471394994887 108.998 11.838 22.212876777251182 211
170 11.3 15.607530973451325 1.626428456273724 108.998 11.838 20.396759740259743 308
180 2.3 17.041347826086955 2.717207623705145 108.998 11.838 19.11128978622328 421
190 0 0 0 108.998 11.838 19.004063063063068 444
200 0.9 18.843666666666667 6.436928995172223 108.998 11.838 19.004063063063068 444
210 19.7 16.946847715736048 12.733182046232384 136.281 11.527 19.000876379690954 453
220 23.6 16.274830508474572 9.536606613914657 140.201 11.527 18.378347692307695 650
230 2.8 15.510035714285715 2.5052696530391234 140.201 11.527 17.81804288939052 886
240 0.1 20.087 0.0 140.201 11.527 17.74733807439825 914
250 0 0 0 140.201 11.527 17.749895081967214 915
260 0.5 15.1538 0.7148142136247707 140.201 11.527 17.749895081967214 915
270 35.1 17.029205128205106 13.793786506048532 142.812 11.502 17.73578586956522 920
280 48.4 16.489179752066118 10.416345371356268 187.377 11.502 17.540656176239178 1271
290 7.9 15.496544303797467 2.5980618569607103 187.377 11.502 17.25067635327635 1755
300 0.2 20.564500000000002 4.671500000000001 187.377 11.502 17.17511668484187 1834
310 0 0 0 187.377 11.502 17.17880882352941 1836
320 0 0 0 187.377 11.502 17.17880882352941 1836
330 0.8 16.317124999999997 3.9653417708156007 187.377 11.502 17.17880882352941 1836
340 73.5 21.2582244897959 23.64441234073539 240.922 11.307 17.1750704989154 1844
350 98.7 23.655361702127625 28.631697905366124 333.481 11.307 18.33874563784412 2579
360 11.9 18.048184873949598 15.126034968946353 333.481 11.307 19.810282389231617 3566
370 0.4 20.712500000000002 5.029541206710608 333.481 11.307 19.753378833107174 3685
380 0 0 0 333.481 11.307 19.75441881268635 3689
390 0 0 0 333.481 11.307 19.75441881268635 3689
400 0 0 0 333.481 11.307 19.75441881268635 3689
410 50.3 31.17224453280317 49.9730915676116 466.545 11.307 19.75441881268635 3689
420 212.2 47.68825683317618 70.4157726098075 1123.304 11.307 21.124448950381666 4192
430 90 29.689092222222232 39.44043717637669 1123.304 11.307 30.051975134621443 6314
440 5.9 15.693084745762711 3.6402810996327712 1123.304 11.307 30.00670280011087 7214
450 0.1 13.908 0.0 1123.304 11.307 29.890587927952676 7273
460 0 0 0 1123.304 11.307 29.888390706626314 7274
470 0 0 0 1123.304 11.307 29.888390706626314 7274
480 4.6 29.258217391304346 37.04572763251258 1123.304 11.307 29.888390706626314 7274
490 187.7 569.9348913159296 721.0978399471821 4239.443 11.307 29.88443060109287 7320
500 359.7 1875.432164303584 1005.2249208029797 6735.153 0.379 140.10240545830158 9197
510 183.9 1787.2715666122888 964.2767211363189 6735.153 0.379 627.9858775988738 12794
520 12.6 785.643253968254 763.763662667891 6735.153 0.379 773.6789263308953 14633
530 0.1 16.375 0.0 6735.153 0.379 773.7810677552674 14759
540 0 0 0 6735.153 0.379 773.7297529810293 14760
550 0 0 0 6735.153 0.379 773.7297529810293 14760
560 64.9 1121.6151648690288 1059.192886141792 6735.153 0.379 773.7297529810293 14760
570 649.6 1113.7491202278304 1264.111815939839 6735.153 0.364 788.3820751508854 15409
580 432.8 1062.5797070240324 1181.6050403289246 8699.307 0.364 884.8707455375476 21905
590 52.6 1265.7215228136886 956.55508546022 8699.307 0.364 914.1897096405287 26233
600 1 14.4137 2.0209163292922345 8699.307 0.364 921.0997486453152 26759
610 0.1 16.717 0.0 8699.307 0.364 920.7610411670212 26769
620 0 0 0 8699.307 0.364 920.7272703772876 26770
628 0 0 0 8699.307 0.364 920.7272703772876 26770
