10 1.1 100.29872727272728 25.316801794607425 146.662 61.865 0 0
20 1.4 106.84264285714288 26.181135399386722 155.985 61.865 100.29872727272728 11
30 0.1 94.66 0.0 155.985 61.865 103.96332000000002 25
40 0.1 82.86 0.0 155.985 61.865 103.60550000000002 26
50 1.8 77.22883333333331 13.071305746430486 155.985 61.752 102.83714814814817 27
60 1.6 71.07381250000002 6.012800992660882 155.985 61.752 92.59382222222222 45
70 0.5 79.3382 6.398389216044925 155.985 61.752 86.94922950819672 61
80 0.4 80.35425000000001 8.514122132521944 155.985 61.752 86.37263636363636 66
90 3.5 71.85348571428571 9.300077976236633 155.985 59.425 86.02872857142857 70
100 3.6 71.25638888888888 7.614349199876135 155.985 59.425 81.30364761904762 105
110 0.7 78.163 8.990248097641288 155.985 59.425 78.73839007092198 141
120 0 0 0 155.985 59.425 78.71117567567566 148
130 0 0 0 155.985 59.425 78.71117567567566 148
140 0 0 0 155.985 59.425 78.71117567567566 148
150 0 0 0 155.985 59.425 78.71117567567566 148
160 2.6 72.69361538461538 7.769031808191182 155.985 59.425 78.71117567567566 148
170 7.1 69.53261971830986 6.812279313631756 155.985 58.49 77.81199999999998 174
180 3 67.83723333333334 6.681719522614584 155.985 58.49 75.41266938775509 245
190 0.1 68.079 0.0 155.985 58.49 74.58625818181817 275
200 0 0 0 155.985 58.49 74.56268115942028 276
210 4.1 74.3818292682927 9.876232998423202 155.985 58.49 74.56268115942028 276
220 15.2 70.55080263157893 18.056552352422727 212.975 57.356 74.53929022082018 317
230 6.2 67.25193548387097 5.988947844668565 212.975 57.175 73.2466460554371 469
240 0.5 74.97999999999999 5.622973021454043 212.975 57.175 72.54669868173258 531
250 0 0 0 212.975 57.175 72.5693973880597 536
260 0 0 0 212.975 57.175 72.5693973880597 536
270 7.9 75.70935443037972 21.567927411114127 212.975 57.175 72.5693973880597 536
280 24 75.83651250000001 24.15297363904033 249.069 57.175 72.97274146341464 615
290 15.1 70.9711390728477 15.697189545995505 249.069 57.175 73.77660701754387 855
300 2.4 73.54791666666667 17.62858833192235 249.069 57.175 73.35550795228629 1006
310 0 0 0 249.069 57.175 73.35999126213592 1030
320 0 0 0 249.069 57.175 73.35999126213592 1030
330 0 0 0 249.069 57.175 73.35999126213592 1030
340 17.6 98.09754545454551 48.1932186672492 318.173 57.175 73.35999126213592 1030
350 63.5 98.22414488188973 56.48472055436759 461.393 57.175 76.97011525704809 1206
360 28.7 75.37922299651568 23.069067918604766 461.393 57.175 84.30108147745788 1841
370 3.4 72.11705882352942 20.330298089509274 461.393 57.175 83.09780451127818 2128
380 0.2 72.366 1.7390000000000043 461.393 57.175 82.92511933395004 2162
390 0 0 0 461.393 57.175 82.9153604436229 2164
400 0 0 0 461.393 57.175 82.9153604436229 2164
410 7.5 137.39998666666668 97.59957934629203 519.47 57.175 82.9153604436229 2164
420 88.1 177.9801225879684 142.98846344867454 1127.599 57.175 84.74043724877177 2239
430 99.1 107.80791422805238 70.14994598035791 1127.599 57.175 111.0686945512821 3120
440 22.8 71.07128508771933 23.842264818542255 1127.599 56.99 110.28264899051328 4111
450 1 69.1513 8.559227372257382 1127.599 56.99 108.22222240147502 4339
460 0.1 68.3 0.0 1127.599 56.99 108.13238353644518 4349
470 0 0 0 1127.599 56.99 108.12322666666668 4350
480 0.1 120.485 0.0 1127.599 56.99 108.12322666666668 4350
490 17.8 1015.7271629213483 1029.188056883258 4203.213 56.99 108.12606780050565 4351
500 34.4 4776.272630813955 1843.1764492385073 11265.683 0.396 143.7968549348642 4529
510 129.7 4556.551877409397 1571.4394371404946 11265.683 0.396 470.81751303098713 4873
520 242.5 1452.90568371134 1686.2690662901966 11265.683 0.396 1329.68258119935 6170
530 15.7 67.77275796178341 16.59920589666916 11265.683 0.396 1364.4488433973227 8595
540 0.3 66.83266666666667 0.39433431952539416 11265.683 0.396 1341.1880863802548 8752
550 0 0 0 11265.683 0.396 1340.7514140491137 8755
560 0.8 890.8482500000001 1370.6998074494422 11265.683 0.396 1340.7514140491137 8755
570 75.2 643.6456941489358 1675.7636875388582 11265.683 0.396 1340.3406842405557 8763
580 258.4 2485.0266447368385 2655.4091699275637 12294.387 0.396 1285.278715501838 9515
590 347.5 2673.375130071946 2123.5943905474355 12294.387 0.396 1541.5105238449441 12099
600 48.5 67.61902061855659 38.1950147634342 12294.387 0.396 1794.061538782586 15574
610 1.4 65.29257142857143 19.291780554401495 12294.387 0.396 1741.9210181206797 16059
620 0.1 69.218 0.0 12294.387 0.396 1740.4606312449448 16073
628 0 0 0 12294.387 0.396 1740.3566594500433 16074
