0 2.1 21
10 6 81
20 1.7 98
30 0.1 99
40 3.2 131
50 10.1 232
60 4.1 273
70 0.3 276
80 0.1 277
90 0.8 285
100 18 465
110 18.2 647
120 3.7 684
130 0.5 689
140 15.3 842
150 43.4 1276
160 18 1456
170 3.8 1494
180 0.2 1496
190 6.2 1558
200 70.4 2262
210 68.1 2943
220 16 3103
230 1.8 3121
240 10.4 3225
250 125.9 4484
260 145.2 5936
270 35.2 6288
280 4.6 6334
290 0.3 6337
300 110.3 7440
310 325.3 10693
320 153.4 12227
330 23.9 12466
340 3.4 12500
350 0.3 12503
360 0 12503
370 38.2 12885
380 377.1 16656
390 412.6 20782
400 300.4 23786
410 109.8 24884
420 6.4 24948
430 0.4 24952
440 0 24952
450 255.9 27511
460 379.5 31306
470 334 34646
480 239.7 37043
490 20.9 37252
500 3 37282
510 0.1 37283
517 0 37283
