0 2.4 2.228125 4.801151392396238 25.24 0.979 0 0
10 0.6 1.238 0.10039256280555184 25.24 0.979 2.228125 24
20 0 0 0 25.24 0.979 2.0300999999999996 30
30 0 0 0 25.24 0.979 2.0300999999999996 30
40 2.7 1.1592962962962965 0.2188796074989061 25.24 0.779 2.0300999999999996 30
50 2.5 1.0957200000000002 0.19603683735461566 25.24 0.777 1.6176140350877193 57
60 0 0 0 25.24 0.777 1.4585000000000001 82
70 0 0 0 25.24 0.777 1.4585000000000001 82
80 0 0 0 25.24 0.777 1.4585000000000001 82
90 2.6 2.111807692307692 4.007791191198528 25.24 0.777 1.4585000000000001 82
100 9.3 1.1609677419354842 0.7828579081389938 25.24 0.659 1.6157777777777778 108
110 0.1 1.107 0.0 25.24 0.659 1.4053432835820898 201
120 0 0 0 25.24 0.659 1.4038663366336637 202
130 0 0 0 25.24 0.659 1.4038663366336637 202
140 13.7 1.0282773722627732 0.2821028111475115 25.24 0.659 1.4038663366336637 202
150 10.3 0.9134466019417479 0.16808450995988064 25.24 0.568 1.252079646017699 339
160 0 0 0 25.24 0.568 1.1731674208144796 442
170 0 0 0 25.24 0.568 1.1731674208144796 442
180 0 0 0 25.24 0.568 1.1731674208144796 442
190 12.7 1.076448818897638 0.8362041222062159 25.24 0.568 1.1731674208144796 442
200 34.4 0.93561046511628 0.9141033632624327 25.24 0.526 1.151579964850615 569
210 0.9 0.7915555555555556 0.2653195604093345 25.24 0.526 1.0702070098576126 913
220 0 0 0 25.24 0.526 1.0674869848156188 922
230 0 0 0 25.24 0.526 1.0674869848156188 922
240 23.3 0.9795793991416303 0.3667329534503547 25.24 0.526 1.0674869848156188 922
250 61 0.856537704918033 1.0520475474145463 25.24 0.474 1.049753246753247 1155
260 10.4 0.787375 0.556312052502564 25.24 0.474 0.9829762039660059 1765
270 0 0 0 25.24 0.474 0.9720920278223651 1869
280 0 0 0 25.24 0.474 0.9720920278223651 1869
290 0 0 0 25.24 0.474 0.9720920278223651 1869
300 104 0.8278317307692318 1.016438661905496 25.24 0.473 0.9720920278223651 1869
310 77.4 0.7150956072351424 0.361396399794355 25.24 0.473 0.920517359917498 2909
320 0 0 0 25.24 0.473 0.8773469997284827 3683
330 0 0 0 25.24 0.473 0.8773469997284827 3683
340 0 0 0 25.24 0.473 0.8773469997284827 3683
350 0 0 0 25.24 0.473 0.8773469997284827 3683
360 0 0 0 25.24 0.473 0.8773469997284827 3683
370 89.6 0.8212756696428568 0.6091189910121054 25.24 0.473 0.8773469997284827 3683
380 307.5 0.7075691056910565 0.791854728827117 26.81 0.363 0.866375191089758 4579
390 143.3 0.6896078157711081 0.51162617714966 26.81 0.36 0.8025747321661878 7654
400 4.4 0.8120454545454545 0.17380134356440802 26.81 0.36 0.7847600968416418 9087
410 0 0 0 26.81 0.36 0.7848915781404007 9131
420 0 0 0 26.81 0.36 0.7848915781404007 9131
430 0 0 0 26.81 0.36 0.7848915781404007 9131
440 0 0 0 26.81 0.36 0.7848915781404007 9131
450 502.3 0.7048895082619931 0.7120080910603717 26.81 0.36 0.7848915781404007 9131
460 571.4 0.6115787539377031 0.38475479353503134 26.81 0.343 0.7565002826056232 14154
470 105.7 0.6942261116367083 0.43733647351715244 26.81 0.343 0.7148211193879619 19868
480 43 0.7512418604651165 0.4608727333952795 26.81 0.343 0.7137807885304672 20925
490 5 0.8840399999999998 0.16430385996683095 26.81 0.343 0.7145350971669411 21355
500 0.4 1.22525 0.1358443502689752 26.81 0.343 0.7149310441485646 21405
510 0 0 0 26.81 0.343 0.7150263907702379 21409
517 0 0 0 26.81 0.343 0.7150263907702379 21409
