0 0 0
10 0.8 8
20 2 28
30 0.2 30
40 0 30
50 1.2 42
60 3.2 74
70 0.5 79
80 0.2 81
90 0.1 82
100 1.1 93
110 5.9 152
120 3.7 189
130 1.1 200
140 0.6 206
150 7.6 282
160 10.4 386
170 5 436
180 0.5 441
190 0.1 442
200 5.6 498
210 23.3 731
220 15.8 889
230 3.1 920
240 0.2 922
250 8 1002
260 45.5 1457
270 32.9 1786
280 7.2 1858
290 1.1 1869
300 2.7 1896
310 48.2 2378
320 92.5 3303
330 31.6 3619
340 6 3679
350 0.4 3683
360 0 3683
370 0 3683
380 11.6 3799
390 41.5 4214
400 149.6 5710
410 150.1 7211
420 16.9 7380
430 1.5 7395
440 0 7395
450 1.1 7406
460 72.9 8135
470 284.5 10980
480 330.5 14285
490 50 14785
500 5.7 14842
510 0.2 14844
517 0 14844
