0 0.1 375556.1484375 0 375556.1484375 375556.1484375 0 0
10 0.1 375550.078125 0.0 375556.1484375 375550.078125 375556.1484375 1
20 0.1 375538.5859375 0.0 375556.1484375 375538.5859375 375553.11328125 2
30 0.1 375539.15625 0.0 375556.1484375 375538.5859375 375548.2708333333 3
40 0.1 375541.875 0.0 375556.1484375 375538.5859375 375545.9921875 4
50 0.1 375543.30859375 0.0 375556.1484375 375538.5859375 375545.16875 5
60 0.1 375525.16796875 0.0 375556.1484375 375525.16796875 375544.8587239583 6
70 0.1 375529.703125 0.0 375556.1484375 375525.16796875 375542.0457589286 7
80 0.1 375535.2265625 0.0 375556.1484375 375525.16796875 375540.5029296875 8
90 0.1 375536.68359375 0.0 375556.1484375 375525.16796875 375539.9166666667 9
100 0.1 375536.078125 0.0 375556.1484375 375525.16796875 375539.593359375 10
110 0.1 375498.97265625 0.0 375556.1484375 375498.97265625 375539.27379261365 11
120 0.1 375486.5859375 0.0 375556.1484375 375486.5859375 375535.9153645833 12
130 0.1 375510.8671875 0.0 375556.1484375 375486.5859375 375532.12079326925 13
140 0.1 375513.93359375 0.0 375556.1484375 375486.5859375 375530.6026785714 14
150 0.1 375491.47265625 0.0 375556.1484375 375486.5859375 375529.49140625 15
160 0.1 375426.4296875 0.0 375556.1484375 375426.4296875 375527.115234375 16
170 0.1 375446.06640625 0.0 375556.1484375 375426.4296875 375521.19255514705 17
180 0.1 375478.69921875 0.0 375556.1484375 375426.4296875 375517.0188802083 18
190 0.1 375484.60546875 0.0 375556.1484375 375426.4296875 375515.00205592107 19
200 0.1 375487.5390625 0.0 375556.1484375 375426.4296875 375513.4822265625 20
210 0.1 375336.1875 0.0 375556.1484375 375336.1875 375512.24683779763 21
220 0.1 375313.15234375 0.0 375556.1484375 375313.15234375 375504.244140625 22
230 0.1 375436.6640625 0.0 375556.1484375 375313.15234375 375495.93580163043 23
240 0.1 375473.89453125 0.0 375556.1484375 375313.15234375 375493.4661458333 24
250 0.1 375436.0859375 0.0 375556.1484375 375313.15234375 375492.68328125 25
260 0.1 375100.89453125 0.0 375556.1484375 375100.89453125 375490.50646033656 26
270 0.1 375059.359375 0.0 375556.1484375 375059.359375 375476.0763888889 27
280 0.1 375232.07421875 0.0 375556.1484375 375059.359375 375461.19363839284 28
290 0.1 375346.96484375 0.0 375556.1484375 375059.359375 375453.29296875 29
300 0.1 375381.7578125 0.0 375556.1484375 375059.359375 375449.7486979167 30
310 0.1 375076.51953125 0.0 375556.1484375 375059.359375 375447.55544354836 31
320 0.1 374673.44921875 0.0 375556.1484375 374673.44921875 375435.96057128906 32
330 0.1 374771.94140625 0.0 375556.1484375 374673.44921875 375412.8541666667 33
340 0.1 375143.27734375 0.0 375556.1484375 374673.44921875 375394.0037913603 34
350 0.1 375211.1796875 0.0 375556.1484375 374673.44921875 375386.8401785714 35
360 0.1 375258.66796875 0.0 375556.1484375 374673.44921875 375381.9607204861 36
370 0.1 375259.65234375 0.0 375556.1484375 374673.44921875 375378.6284839527 37
380 0.1 375081.265625 0.0 375556.1484375 374673.44921875 375375.4975328947 38
390 0.1 374339.85546875 0.0 375556.1484375 374339.85546875 375367.953125 39
400 0.1 373660.65234375 0.0 375556.1484375 373660.65234375 375342.25068359374 40
410 0.1 373556.015625 0.0 375556.1484375 373556.015625 375301.236089939 41
420 0.1 374726.328125 0.0 375556.1484375 373556.015625 375259.6832217262 42
430 0.1 374990.79296875 0.0 375556.1484375 373556.015625 375247.27961482556 43
440 0.1 375030.7109375 0.0 375556.1484375 373556.015625 375241.45037286927 44
450 0.1 375048.4296875 0.0 375556.1484375 373556.015625 375236.7672743056 45
460 0.1 374259.38671875 0.0 375556.1484375 373556.015625 375232.67297894025 46
470 0.1 373213.82421875 0.0 375556.1484375 373213.82421875 375211.9647606383 47
480 0.1 372740.31640625 0.0 375556.1484375 372740.31640625 375170.3368326823 48
490 0.1 374102.41015625 0.0 375556.1484375 372740.31640625 375120.74457908166 49
500 0.1 374765.8359375 0.0 375556.1484375 372740.31640625 375100.377890625 50
510 0.1 374946.44921875 0.0 375556.1484375 372740.31640625 375093.8182444853 51
517 0.1 374968.59765625 0.0 375556.1484375 372740.31640625 375090.9842247596 52
