0 195.61484375 195.61484375
10 936.57265625 1132.1875
20 1176.53828125 2308.72578125
30 6.54296875 2315.26875
40 225.8140625 2541.0828125
50 3601.24609375 6142.32890625
60 1886.609375 8028.93828125
70 63.33046875 8092.26875
80 3.9640625 8096.2328125
90 69.3671875 8165.6
100 2669.92734375 10835.52734375
110 8599.56484375 19435.0921875
120 2523.421875 21958.5140625
130 98.47109375 22056.98515625
140 1530.0703125 23587.05546875
150 14176.33125 37763.38671875
160 12628.3140625 50391.70078125
170 1501.053125 51892.75390625
180 49.86796875 51942.621875
190 435.6171875 52378.2390625
200 11971.30234375 64349.54140625
210 32919.928125 97269.46953125
220 9887.3359375 107156.80546875
230 721.940625 107878.74609375
240 736.62265625 108615.36875
250 20620.28203125 129235.65078125
260 64434.521875 193670.17265625
270 25269.86328125 218940.0359375
280 2731.44609375 221671.48203125
290 71.1640625 221742.64609375
300 12150.90078125 233893.546875
310 96365.86875 330259.415625
320 110045.11796875 440304.53359375
330 20339.1375 460643.67109375
340 1896.290625 462539.96171875
350 11.29375 462551.25546875
360 0 462551.25546875
370 2821.72890625 465372.984375
380 54934.715625 520307.7
390 139337.87109375 659645.57109375
400 261102.75078125 920748.321875
410 98788.865625 1019537.1875
420 4392.6 1023929.7875
430 142.84609375 1024072.63359375
440 1.78828125 1024074.421875
450 14983.82890625 1039058.25078125
460 89740.3234375 1128798.57421875
470 200142.10703125 1328940.68125
480 165378.35390625 1494319.03515625
490 14110.3390625 1508429.37421875
500 296.0546875 1508725.42890625
510 9.08046875 1508734.509375
517 0 1508734.509375
