10 0.5 24.9846 2.4417246855450356 27.513 20.562 0 0
20 0.2 25.2185 3.3235 28.542 20.562 24.9846 5
30 0 0 0 28.542 20.562 25.051428571428573 7
40 0 0 0 28.542 20.562 25.051428571428573 7
50 0.6 22.97083333333333 3.0914300583315093 28.542 18.461 25.051428571428573 7
60 0.5 22.9758 2.3855235400221906 28.542 18.461 24.091153846153848 13
70 0 0 0 28.542 18.461 23.781333333333333 18
80 0 0 0 28.542 18.461 23.781333333333333 18
90 0 0 0 28.542 18.461 23.781333333333333 18
100 1 22.431000000000004 2.718652754582681 28.542 18.348 23.781333333333333 18
110 2 26.601000000000006 11.175337032948937 63.507 18.348 23.29907142857143 28
120 0.4 25.440499999999997 0.28712148996548387 63.507 18.348 24.674875000000004 48
130 0 0 0 63.507 18.348 24.733769230769234 52
140 0.8 21.88525 1.7936331669268386 63.507 18.348 24.733769230769234 52
150 4.5 25.3432 18.73854453211941 140.563 17.339 24.353966666666672 60
160 2.5 21.835639999999998 5.539876062729202 140.563 17.339 24.777923809523813 105
170 0.4 21.881249999999998 2.81171338999906 140.563 17.243 24.212100000000003 130
180 0 0 0 140.563 17.243 24.142522388059703 134
190 0 0 0 140.563 17.243 24.142522388059703 134
200 4.6 25.23845652173912 20.5522994394328 143.341 17.243 24.142522388059703 134
210 7.3 26.50623287671233 25.947762849971692 161.165 17.243 24.422594444444446 180
220 1.7 22.555352941176473 5.746150874753684 161.165 17.243 25.023802371541503 253
230 0 0 0 161.165 17.243 24.86838148148148 270
240 0 0 0 161.165 17.243 24.86838148148148 270
250 7.4 28.89354054054054 28.62445688671084 161.165 17.243 24.86838148148148 270
260 16.9 32.65631360946746 32.394629525356216 221.456 17.243 25.73425872093023 344
270 4.3 34.932000000000016 66.30213215975964 438.649 17.243 28.014623781676413 513
280 0.2 20.122500000000002 0.9225000000000003 438.649 17.243 28.54960071942446 556
290 0 0 0 438.649 17.243 28.519396057347674 558
300 3.4 23.258647058823527 8.336856008755737 438.649 17.243 28.519396057347674 558
310 28.1 52.28251601423483 67.12116318793724 551.551 17.243 28.217258445945948 592
320 21.1 36.06996682464458 60.28533547772962 651.168 17.243 35.963349369988535 873
330 3.1 23.971580645161296 16.45035257348254 651.168 17.243 35.98410239852398 1084
340 0.1 20.764 0.0 651.168 17.243 35.650121973094166 1115
350 0 0 0 651.168 17.243 35.63678315412186 1116
360 0 0 0 651.168 17.243 35.63678315412186 1116
370 0.1 20.899 0.0 651.168 17.243 35.63678315412186 1116
380 13.1 770.2372977099236 1024.4857621286699 4294.207 0.281 35.62358907788719 1117
390 36.2 3856.8485635359093 1540.1648816381166 11299.023 0.281 112.73448317307691 1248
400 58.1 3094.175406196207 1574.583510971379 11299.023 0.281 954.5787670807449 1610
410 8 885.6891375000002 1273.6538372022615 11299.023 0.281 1521.9478439068896 2191
420 0.1 27.417 0.0 11299.023 0.281 1499.5345033025078 2271
430 0 0 0 11299.023 0.281 1498.8865642605613 2272
440 0 0 0 11299.023 0.281 1498.8865642605613 2272
450 0.8 1130.0381250000003 1407.1899176462855 11299.023 0.281 1498.8865642605613 2272
460 76.1 1098.6850565046 1871.6027722991714 11299.023 0.281 1497.5923592105241 2280
470 114.9 1639.6760348128814 1743.9886501185172 11299.023 0.281 1397.7671512660295 3041
480 33.7 1858.510836795253 1431.9099973815808 11299.023 0.281 1464.104456085918 4190
490 0.5 18.6038 3.697837389610311 11299.023 0.281 1493.4649487519323 4527
500 0 0 0 11299.023 0.281 1491.8377850838476 4532
510 0 0 0 11299.023 0.281 1491.8377850838476 4532
517 0 0 0 11299.023 0.281 1491.8377850838476 4532
