10 0.4 5.4105 0.3211794669651221 5.937 5.141 0 0
20 0 0 0 5.937 5.141 5.4105 4
30 0 0 0 5.937 5.141 5.4105 4
40 0 0 0 5.937 5.141 5.4105 4
50 0 0 0 5.937 5.141 5.4105 4
60 0.3 5.626666666666668 0.36434537948978457 6.138 5.141 5.4105 4
70 0.1 5.593 0.0 6.138 5.141 5.503142857142858 7
80 0 0 0 6.138 5.141 5.514375000000001 8
90 0 0 0 6.138 5.141 5.514375000000001 8
100 0 0 0 6.138 5.141 5.514375000000001 8
110 0.6 5.3851666666666675 0.2861243416574147 6.138 4.8 5.514375000000001 8
120 0.1 5.489 0.0 6.138 4.8 5.459000000000001 14
130 0 0 0 6.138 4.8 5.461000000000001 15
140 0.2 6.01 0.6680000000000001 6.678 4.8 5.461000000000001 15
150 1.5 5.645266666666667 0.569598860797862 6.872 4.529 5.525588235294118 17
160 0.5 5.55 0.12832458844664166 6.872 4.529 5.581687500000001 32
170 0.1 5.108 0.0 6.872 4.529 5.577405405405406 37
180 0 0 0 6.872 4.529 5.565052631578948 38
190 0 0 0 6.872 4.529 5.565052631578948 38
200 1.7 9.417058823529413 14.859206975397992 68.772 4.421 5.565052631578948 38
210 2.4 7.158125000000001 6.326486665286007 68.772 4.418 6.755672727272727 55
220 0.6 5.6433333333333335 0.375597154172156 68.772 4.418 6.8779367088607595 79
230 0 0 0 68.772 4.418 6.790788235294118 85
240 0 0 0 68.772 4.418 6.790788235294118 85
250 2.6 5.974730769230769 1.0263313888907837 68.772 4.418 6.790788235294118 85
260 6 7.167633333333332 6.256318065142005 68.772 4.414 6.599639639639639 111
270 1.6 5.566125000000002 0.3977153308272137 68.772 4.414 6.798935672514619 171
280 0 0 0 68.772 4.414 6.693454545454545 187
290 0 0 0 68.772 4.414 6.693454545454545 187
300 1.2 5.385000000000002 0.3678416778996099 68.772 4.414 6.693454545454545 187
310 8.1 6.955345679012349 2.223687251305168 68.772 4.414 6.614552763819096 199
320 6.7 6.472626865671642 1.4500269563713668 68.772 4.414 6.713139285714287 280
330 0.7 5.574428571428571 0.2754455388964561 68.772 4.414 6.666700288184439 347
340 0.1 6.15 0.0 68.772 4.414 6.6451016949152555 354
350 0 0 0 68.772 4.414 6.6437070422535225 355
360 0 0 0 68.772 4.414 6.6437070422535225 355
370 0 0 0 68.772 4.414 6.6437070422535225 355
380 6.5 131.8011846153846 246.1256531290716 1423.061 4.414 6.6437070422535225 355
390 12.4 331.807112903226 351.6048138865061 2256.834 0.404 26.013316666666668 420
400 14.2 290.1395000000001 361.48503385809875 2256.834 0.404 95.71631433823534 544
410 1.4 8.485785714285717 5.403051269931667 2256.834 0.404 135.96134693877556 686
420 0 0 0 2256.834 0.404 133.4118357142858 700
430 0 0 0 2256.834 0.404 133.4118357142858 700
440 0 0 0 2256.834 0.404 133.4118357142858 700
450 1.3 309.4378461538462 353.4008973927151 2256.834 0.404 133.4118357142858 700
460 30.2 175.3327781456955 326.85314535544677 2734.028 0.395 136.62128611500708 713
470 37.5 211.95275733333338 321.87730859688725 2734.028 0.395 148.13938522167496 1015
480 6.4 202.75964062500012 416.9399203723545 2852.747 0.395 165.35522302158282 1390
490 0.3 5.8373333333333335 0.3839568841535318 2852.747 0.395 167.00163480055028 1454
500 0 0 0 2852.747 0.395 166.6697934111188 1457
510 0 0 0 2852.747 0.395 166.6697934111188 1457
517 0 0 0 2852.747 0.395 166.6697934111188 1457
