0 0.1 13.94 0 13.94 13.94 0 0
10 0 0 0 13.94 13.94 13.94 1
20 0 0 0 13.94 13.94 13.94 1
30 0 0 0 13.94 13.94 13.94 1
40 0.5 14.086399999999998 2.042668705394979 17.825 11.674 13.94 1
50 0.1 12.504 0.0 17.825 11.674 14.061999999999998 6
60 0 0 0 17.825 11.674 13.83942857142857 7
70 0 0 0 17.825 11.674 13.83942857142857 7
80 0 0 0 17.825 11.674 13.83942857142857 7
90 0.3 11.982999999999999 0.5409664191672784 17.825 11.325 13.83942857142857 7
100 0.9 12.393444444444448 1.3552907938160246 17.825 10.492 13.282499999999999 10
110 0 0 0 17.825 10.492 12.861368421052632 19
120 0 0 0 17.825 10.492 12.861368421052632 19
130 0 0 0 17.825 10.492 12.861368421052632 19
140 1.8 13.343 5.463362405861227 35.279 10.201 12.861368421052632 19
150 1.2 11.804333333333332 1.4610678933194337 35.279 10.121 13.095675675675675 37
160 0 0 0 35.279 10.121 12.779428571428571 49
170 0 0 0 35.279 10.121 12.779428571428571 49
180 0 0 0 35.279 10.121 12.779428571428571 49
190 1 12.1189 0.9240171481092759 35.279 10.121 12.779428571428571 49
200 3.9 12.070666666666664 4.663536318230296 39.897 9.656 12.667474576271186 59
210 0.1 12.762 0.0 39.897 9.656 12.4299693877551 98
220 0 0 0 39.897 9.656 12.43332323232323 99
230 0 0 0 39.897 9.656 12.43332323232323 99
240 1.6 14.841687499999999 11.48693634481552 59.277 9.656 12.43332323232323 99
250 5.5 13.502872727272731 16.106836502276742 131.566 9.343 12.7684 115
260 1.4 13.951785714285714 8.957605389345105 131.566 9.343 13.006023529411767 170
270 0 0 0 131.566 9.343 13.077983695652176 184
280 0 0 0 131.566 9.343 13.077983695652176 184
290 0 0 0 131.566 9.343 13.077983695652176 184
300 9.8 16.94405102040816 25.229400126485267 139.838 9.118 13.077983695652176 184
310 7.5 22.527293333333333 34.5688584784141 206.949 9.118 14.421510638297873 282
320 0 0 0 206.949 9.118 16.124406162464986 357
330 0 0 0 206.949 9.118 16.124406162464986 357
340 0 0 0 206.949 9.118 16.124406162464986 357
350 0 0 0 206.949 9.118 16.124406162464986 357
360 0 0 0 206.949 9.118 16.124406162464986 357
370 9.2 14.371532608695647 18.169757368059543 206.949 9.118 16.124406162464986 357
380 20.7 359.11055072463773 544.7265630372303 2584.851 9.118 15.76524276169265 449
390 5.3 1767.7067924528299 884.6921179443837 4361.86 9.118 124.10743597560976 656
400 0 0 0 4361.86 9.118 246.97170380818048 709
410 0 0 0 4361.86 9.118 246.97170380818048 709
420 0 0 0 4361.86 9.118 246.97170380818048 709
430 0 0 0 4361.86 9.118 246.97170380818048 709
440 0 0 0 4361.86 9.118 246.97170380818048 709
450 36.6 602.6632759562845 821.6499400148439 4361.86 0.89 246.97170380818048 709
460 32.2 898.9802826086964 1028.5138996446963 4361.86 0.831 368.0722762790698 1075
470 0 0 0 4361.86 0.831 490.4433414459558 1397
480 0 0 0 4361.86 0.831 490.4433414459558 1397
490 0 0 0 4361.86 0.831 490.4433414459558 1397
500 0 0 0 4361.86 0.831 490.4433414459558 1397
510 0 0 0 4361.86 0.831 490.4433414459558 1397
517 0 0 0 4361.86 0.831 490.4433414459558 1397
