10 0.6 6.472333333333332 0.577125251185179 7.598 5.778 0 0
20 0.4 7.44675 0.7299494417423718 8.361 5.778 6.472333333333332 6
30 0 0 0 8.361 5.778 6.8621 10
40 0.2 6.5895 0.6174999999999997 8.361 5.778 6.8621 10
50 0.5 6.9677999999999995 0.491218647854497 8.361 5.778 6.816666666666666 12
60 0.7 6.46 0.4914910259317342 8.361 5.651 6.8611176470588235 17
70 0.1 8.042 0.0 8.361 5.651 6.7441249999999995 24
80 0 0 0 8.361 5.651 6.79604 25
90 0 0 0 8.361 5.651 6.79604 25
100 0.8 6.5235 0.7158180634770263 8.361 5.378 6.79604 25
110 1.4 6.7462857142857136 0.5974495111449559 8.361 5.378 6.729969696969697 33
120 0.5 6.7628 1.1154664315881493 8.811 5.378 6.734829787234042 47
130 0 0 0 8.811 5.378 6.737519230769231 52
140 0.3 6.645333333333333 0.5240110261774612 8.811 5.378 6.737519230769231 52
150 2.5 6.89616 0.9119043669157418 9.356 5.378 6.732490909090909 55
160 1.7 7.199058823529411 0.8038015171002938 9.356 5.378 6.7836375 80
170 0.2 7.2829999999999995 0.2669999999999997 9.356 5.378 6.856443298969072 97
180 0 0 0 9.356 5.378 6.865060606060607 99
190 0 0 0 9.356 5.378 6.865060606060607 99
200 3.3 7.148848484848484 1.7441578000824962 15.882 5.378 6.865060606060607 99
210 6.3 6.453746031746031 0.5965151169136249 15.882 5.324 6.936007575757577 132
220 1.6 7.1886875 0.8652468375231139 15.882 5.324 6.780200000000001 195
230 0 0 0 15.882 5.324 6.811175355450238 211
240 0 0 0 15.882 5.324 6.811175355450238 211
250 5.3 6.656264150943395 0.8273805483172255 15.882 5.324 6.811175355450238 211
260 9.8 7.082918367346937 1.3851677395916704 16.229 5.324 6.780075757575758 264
270 3.1 6.527806451612902 0.859880202434631 16.229 5.252 6.862060773480662 362
280 0.1 6.621 0.0 16.229 5.252 6.835694656488549 393
290 0 0 0 16.229 5.252 6.835149746192894 394
300 2.2 12.566318181818183 27.09579514407483 136.676 5.252 6.835149746192894 394
310 18.9 9.873502645502644 13.764658456710327 137.739 5.252 7.138240384615385 416
320 13.9 8.93148201438849 11.210991479236718 137.739 5.252 7.992727272727272 605
330 1.3 6.7617692307692305 0.4391696980309992 137.739 5.252 8.168112903225806 744
340 0.1 7.423 0.0 137.739 5.252 8.143961690885073 757
350 0 0 0 137.739 5.252 8.14301055408971 758
360 0 0 0 137.739 5.252 8.14301055408971 758
370 0.1 6.033 0.0 137.739 5.252 8.14301055408971 758
380 12.6 214.34194444444444 287.8693148609225 1420.252 5.252 8.140230566534916 759
390 31 522.6635000000007 506.55830626715 3368.48 0.432 37.49776271186441 885
400 25 434.22762000000006 458.5045853914 3368.48 0.432 163.35665690376584 1195
410 4.1 89.27439024390242 277.65382406891433 3368.48 0.432 210.22014532871987 1445
420 0.1 6.917 0.0 3368.48 0.432 206.88314939434738 1486
430 0 0 0 3368.48 0.432 206.74867316745141 1487
440 0 0 0 3368.48 0.432 206.74867316745141 1487
450 2.6 363.07011538461535 350.3233404713782 3368.48 0.432 206.74867316745141 1487
460 60.5 211.49128925619857 379.60156190753736 3368.48 0.405 209.43496364838083 1513
470 72.4 249.1832002762436 365.029425309936 3368.48 0.405 210.02234655335238 2118
480 13.3 238.13085714285702 363.2137475297068 3368.48 0.405 219.99858092892353 2842
490 0.2 3.0845000000000002 0.16849999999999998 3368.48 0.405 220.80920033613467 2975
500 0 0 0 3368.48 0.405 220.66292912327867 2977
510 0 0 0 3368.48 0.405 220.66292912327867 2977
517 0 0 0 3368.48 0.405 220.66292912327867 2977
