0 1.7 15.45423529411765 6.6222128568256755 41.836 12.607 0 0
10 0.4 13.4275 1.268525226394808 41.836 11.605 15.45423529411765 17
20 0 0 0 41.836 11.605 15.068190476190477 21
30 0 0 0 41.836 11.605 15.068190476190477 21
40 1.3 13.576153846153849 1.5208940106779227 41.836 11.108 15.068190476190477 21
50 1.7 12.540823529411767 1.1893472374420668 41.836 10.876 14.497705882352943 34
60 0 0 0 41.836 10.876 13.845411764705885 51
70 0 0 0 41.836 10.876 13.845411764705885 51
80 0 0 0 41.836 10.876 13.845411764705885 51
90 1.2 13.100333333333337 1.7753610587395714 41.836 10.274 13.845411764705885 51
100 5.6 12.424142857142854 1.3960757427846948 41.836 9.959 13.703492063492066 63
110 0 0 0 41.836 9.959 13.101445378151261 119
120 0 0 0 41.836 9.959 13.101445378151261 119
130 0 0 0 41.836 9.959 13.101445378151261 119
140 8.8 13.604670454545458 12.010222758059816 124.651 9.903 13.101445378151261 119
150 6.4 13.280578124999995 15.715041981932357 137.64 9.774 13.315376811594204 207
160 0 0 0 137.64 9.774 13.307158671586715 271
170 0 0 0 137.64 9.774 13.307158671586715 271
180 0 0 0 137.64 9.774 13.307158671586715 271
190 8.7 11.988494252873567 1.6852106786915892 137.64 8.989 13.307158671586715 271
200 20.2 11.571965346534654 1.6381366085598876 137.64 8.94 12.986701117318434 358
210 0.6 10.7575 0.6355112771094884 137.64 8.94 12.476385714285714 560
220 0 0 0 137.64 8.94 12.458164310954064 566
230 0 0 0 137.64 8.94 12.458164310954064 566
240 14.8 12.907641891891894 10.292924027732719 137.64 8.94 12.458164310954064 566
250 36.7 12.72507629427793 11.59323583296087 137.64 8.699 12.551333333333336 714
260 5.8 20.79531034482759 29.82819739557192 141.892 8.699 12.61031914893617 1081
270 0 0 0 141.892 8.699 13.027114135206324 1139
280 0 0 0 141.892 8.699 13.027114135206324 1139
290 0 0 0 141.892 8.699 13.027114135206324 1139
300 63.3 15.2310616113744 19.27973726413529 156.554 8.699 13.027114135206324 1139
310 45.7 25.678439824945315 41.941960864417 436.916 8.699 13.814415914221216 1772
320 0 0 0 436.916 8.699 16.246833557649175 2229
330 0 0 0 436.916 8.699 16.246833557649175 2229
340 0 0 0 436.916 8.699 16.246833557649175 2229
350 0 0 0 436.916 8.699 16.246833557649175 2229
360 0 0 0 436.916 8.699 16.246833557649175 2229
370 51.8 13.510666023166019 15.377737314493187 436.916 8.643 16.246833557649175 2229
380 129.4 349.0101607418855 556.5355861088543 3721.171 8.321 15.730876228613035 2747
390 41.8 1624.0365215310992 884.4319692985778 4864.838 8.321 122.45282479584257 4041
400 0 0 0 4864.838 8.321 263.21577281901756 4459
410 0 0 0 4864.838 8.321 263.21577281901756 4459
420 0 0 0 4864.838 8.321 263.21577281901756 4459
430 0 0 0 4864.838 8.321 263.21577281901756 4459
440 0 0 0 4864.838 8.321 263.21577281901756 4459
450 234.6 558.8676023017916 786.5799400548536 4864.838 0.876 263.21577281901756 4459
460 216.8 923.9264354243553 1037.2959136180455 5167.602 0.854 365.14070918442354 6805
470 0.1 4509.329 0.0 5167.602 0.854 500.15101281622697 8973
480 0 0 0 5167.602 0.854 500.59776766213554 8974
490 0 0 0 5167.602 0.854 500.59776766213554 8974
500 0 0 0 5167.602 0.854 500.59776766213554 8974
510 0 0 0 5167.602 0.854 500.59776766213554 8974
517 0 0 0 5167.602 0.854 500.59776766213554 8974
