10 0.5 11.3796 2.4618599147798808 16.216 9.411 0 0
20 0.3 11.915333333333335 1.8743157566310849 16.216 9.411 11.3796 5
30 0 0 0 16.216 9.411 11.5805 8
40 0.1 8.376 0.0 16.216 8.376 11.5805 8
50 0.8 10.660499999999999 0.6950276972898268 16.216 8.376 11.224444444444446 9
60 0.7 10.547285714285715 1.168824038362088 16.216 8.376 10.959058823529412 17
70 0 0 0 16.216 8.376 10.838958333333332 24
80 0 0 0 16.216 8.376 10.838958333333332 24
90 0 0 0 16.216 8.376 10.838958333333332 24
100 0.7 10.68442857142857 1.3096936236216092 16.216 8.376 10.838958333333332 24
110 2.6 11.373999999999997 4.314710133770466 29.551 7.346 10.804064516129031 31
120 0.7 10.697571428571427 1.3354582795155114 29.551 7.346 11.064035087719295 57
130 0 0 0 29.551 7.346 11.023953124999998 64
140 0.2 11.358 2.472 29.551 7.346 11.023953124999998 64
150 2.1 19.81238095238096 26.04319658434935 123.422 7.346 11.034075757575756 66
160 2.6 10.106576923076924 2.204090326452109 123.422 7.346 13.152977011494253 87
170 0.8 11.210624999999999 1.7215181481398913 123.422 7.346 12.452035398230088 113
180 0.1 9.462 0.0 123.422 7.346 12.369958677685949 121
190 0 0 0 123.422 7.346 12.346122950819671 122
200 3.2 10.3143125 5.423326737560973 123.422 7.346 12.346122950819671 122
210 7.3 10.328315068493158 3.846285220394121 123.422 7.346 11.92392857142857 154
220 2.4 10.511916666666668 2.519231445577974 123.422 7.346 11.41080176211454 227
230 0.6 18.048833333333334 14.50291988321279 123.422 7.346 11.324852589641436 251
240 0 0 0 123.422 7.346 11.481832684824905 257
250 4 12.982874999999998 19.742598800800646 135.363 7.346 11.481832684824905 257
260 16.3 12.434042944785281 12.85851346652123 135.363 7.346 11.683993265993267 297
270 7.6 10.162578947368424 4.977405121523394 135.363 7.343 11.949771739130437 460
280 1 11.256300000000001 1.5356511355122293 135.363 7.343 11.696363805970153 536
290 0 0 0 135.363 7.343 11.688304029304033 546
300 1.8 19.93455555555555 44.02967289254703 201.416 7.343 11.688304029304033 546
310 20.9 21.470574162679426 30.969467933154444 201.416 7.343 11.95148226950355 564
320 28.7 11.728919860627181 9.172595248504141 201.416 7.343 14.525208279430792 773
330 3.5 9.239714285714285 1.0186294593767666 201.416 7.343 13.768100000000004 1060
340 0.2 10.947 0.8539999999999996 201.416 7.343 13.623357077625576 1095
350 0 0 0 201.416 7.343 13.618477666362812 1097
360 0 0 0 201.416 7.343 13.618477666362812 1097
370 0 0 0 201.416 7.343 13.618477666362812 1097
380 5.6 559.8732321428571 660.9470840639532 2728.946 7.343 13.618477666362812 1097
390 11.6 1248.2637068965525 870.6174765927979 5351.326 0.497 40.149497831743275 1153
400 49.2 830.7404349593495 682.9835963331927 5351.326 0.477 150.58389361702132 1269
410 45.8 130.1453013100436 359.7534466772279 5351.326 0.477 340.6105934128336 1761
420 0.8 10.792124999999999 1.794783861464941 5351.326 0.477 297.17070887787287 2219
430 0 0 0 5351.326 0.477 296.1419577907498 2227
440 0 0 0 5351.326 0.477 296.1419577907498 2227
450 0.3 1177.2966666666666 837.9521643993501 5351.326 0.477 296.1419577907498 2227
460 33.7 66.61782195845697 333.2740161437158 5351.326 0.372 297.3273677130044 2230
470 106.5 202.6629455399061 543.7208577488304 5351.326 0.372 267.03943747565245 2567
480 78.7 269.61755527318957 547.2294432544102 5351.326 0.372 248.1625200991189 3632
490 4.2 5.871261904761905 4.440143423571144 5351.326 0.372 251.98354582484723 4419
500 0.1 11.672 0.0 5351.326 0.372 249.66641605021294 4461
510 0 0 0 5351.326 0.372 249.61307799193187 4462
517 0 0 0 5351.326 0.372 249.61307799193187 4462
