10 0.6 7.2828333333333335 0.7723739199521319 8.177 5.818 0 0
20 0.3 9.606 2.1601709808870844 12.544 5.818 7.2828333333333335 6
30 0.1 9.064 0.0 12.544 5.818 8.057222222222222 9
40 0 0 0 12.544 5.818 8.157900000000001 10
50 0.7 7.103714285714285 0.45081662863415023 12.544 5.818 8.157900000000001 10
60 0.7 9.541428571428572 5.645635073909321 23.306 5.818 7.723823529411765 17
70 0.1 7.953 0.0 23.306 5.818 8.253958333333335 24
80 0 0 0 23.306 5.818 8.24192 25
90 0 0 0 23.306 5.818 8.24192 25
100 0.5 7.388599999999999 1.2577350436399553 23.306 5.818 8.24192 25
110 1.5 7.353199999999999 1.0924114731485872 23.306 5.818 8.0997 30
120 0.6 7.504166666666666 0.43114012287834613 23.306 5.818 7.850866666666667 45
130 0.1 7.302 0.0 23.306 5.818 7.810078431372548 51
140 0.2 7.8975 0.016499999999999737 23.306 5.818 7.800307692307692 52
150 2.1 7.66995238095238 0.8982128009707193 23.306 5.818 7.803907407407407 54
160 1.9 6.905842105263157 0.7130759362499381 23.306 5.818 7.7664 75
170 0.5 7.967999999999999 0.8117238446663987 23.306 5.818 7.592457446808511 94
180 0 0 0 23.306 5.818 7.611424242424243 99
190 0 0 0 23.306 5.818 7.611424242424243 99
200 2.2 8.506 5.5760567200715005 29.159 5.818 7.611424242424243 99
210 6 7.672583333333333 3.023799008375979 29.159 5.555 7.774074380165289 121
220 2.9 7.315241379310344 1.3205932223729637 29.159 5.555 7.74043093922652 181
230 0.1 8.747 0.0 29.159 5.555 7.681714285714286 210
240 0 0 0 29.159 5.555 7.686763033175356 211
250 3.7 7.003243243243242 2.183869704624951 29.159 5.55 7.686763033175356 211
260 9.4 7.897351063829788 9.305747674475677 95.098 5.195 7.5847862903225804 248
270 4.9 7.68016326530612 4.803374351122126 95.098 5.195 7.670695906432749 342
280 0.3 7.417666666666666 1.1437019813842333 95.098 5.195 7.671882352941177 391
290 0 0 0 95.098 5.195 7.669946700507615 394
300 1.2 17.19666666666667 34.77068680256722 132.475 5.195 7.669946700507615 394
310 14.8 13.576385135135139 23.369244763821555 137.24 5.175 7.951524630541873 406
320 18.1 9.089895027624317 9.151131394292767 137.24 5.175 9.454194945848377 554
330 2.1 6.746380952380954 0.4029702194113433 137.24 5.175 9.364482993197282 735
340 0.2 10.9525 4.0885 137.24 5.175 9.29175793650794 756
350 0 0 0 137.24 5.175 9.296139841688658 758
360 0 0 0 137.24 5.175 9.296139841688658 758
370 0.1 130.419 0.0 137.24 5.175 9.296139841688658 758
380 7.8 446.23214102564106 431.89091450325105 1976.958 5.175 9.45572200263505 759
390 24.7 834.4906680161943 646.5216963943991 5835.555 0.425 50.1589008363202 837
400 33.1 659.6089365558908 598.1381866749747 5835.555 0.425 228.87656365313651 1084
410 6.8 70.6693235294118 204.23728972198876 5835.555 0.425 329.634454416961 1415
420 0.4 7.11525 0.43124318835200215 5835.555 0.425 317.76012609575173 1483
430 0 0 0 5835.555 0.425 316.9244976462675 1487
440 0 0 0 5835.555 0.425 316.9244976462675 1487
450 0.6 665.0286666666667 687.8168133930882 5835.555 0.425 316.9244976462675 1487
460 44.4 187.2968648648649 383.3072763739914 5835.555 0.414 318.32344273275277 1493
470 77.9 254.47245442875484 365.7096250735395 5835.555 0.414 288.28947237996897 1937
480 24.8 286.40157661290345 428.38667139465355 5835.555 0.414 278.5901141384388 2716
490 1.3 4.7987692307692305 1.9974757976331472 5835.555 0.414 279.2437047908232 2964
500 0 0 0 5835.555 0.414 278.04525529056093 2977
510 0 0 0 5835.555 0.414 278.04525529056093 2977
517 0 0 0 5835.555 0.414 278.04525529056093 2977
