10 0.2 11.696 1.9580000000000002 13.654 9.738 0 0
20 0.4 13.496500000000001 3.0503712478975404 18.496 9.738 11.696 2
30 0.1 12.358 0.0 18.496 9.738 12.896333333333333 6
40 0 0 0 18.496 9.738 12.819428571428572 7
50 0.1 12.281 0.0 18.496 9.738 12.819428571428572 7
60 0.8 11.181625000000002 1.5299354510485081 18.496 9.738 12.752125000000001 8
70 0.2 11.522 0.4109999999999996 18.496 9.738 11.966875000000002 16
80 0 0 0 18.496 9.738 11.917444444444447 18
90 0 0 0 18.496 9.738 11.917444444444447 18
100 0.2 9.879000000000001 0.13999999999999924 18.496 9.738 11.917444444444447 18
110 1.8 10.583555555555556 1.1809642586661606 18.496 9.177 11.713600000000003 20
120 0.8 11.482 1.147399015164298 18.496 9.177 11.178315789473686 38
130 0.4 12.265749999999999 1.358761269502483 18.496 9.177 11.23113043478261 46
140 0.4 11.218499999999999 0.7802257686080354 18.496 9.177 11.3139 50
150 2.6 14.871192307692308 23.132130744285323 130.437 9.1 11.306833333333335 54
160 3.6 11.490055555555553 3.7719856025444307 130.437 8.883 12.465250000000001 80
170 1.5 11.554333333333336 1.5384492914042445 130.437 8.742 12.162603448275863 116
180 0.3 10.9 0.5795607532145929 130.437 8.742 12.092954198473283 131
190 0 0 0 130.437 8.742 12.066246268656718 134
200 1.2 10.790583333333336 1.2477711768277957 130.437 8.742 12.066246268656718 134
210 7.2 11.664208333333328 4.754288578447125 130.437 8.742 11.961397260273975 146
220 4.4 10.81565909090909 1.3199909425168215 130.437 8.61 11.863243119266055 218
230 0.8 11.6815 1.0442804939287145 130.437 8.61 11.687312977099237 262
240 0 0 0 130.437 8.61 11.687140740740741 270
250 1.6 11.48825 3.0909939643260382 130.437 8.61 11.687140740740741 270
260 13.2 11.208946969696965 3.7935836825195635 130.437 8.165 11.676013986013986 286
270 11.4 11.311605263157903 5.949142488139179 130.437 8.165 11.52851913875598 418
280 2.2 10.82259090909091 1.2773576298213472 130.437 8.165 11.482037593984963 532
290 0.4 11.63125 0.8508241225423732 130.437 8.165 11.455850180505415 554
300 0.4 40.892 53.05777878407652 132.78 8.165 11.45710752688172 558
310 12.9 25.382945736434113 45.468614697062456 423.507 8.165 11.666608540925267 562
320 27.6 14.759130434782609 23.548165685609135 423.507 8.165 14.227256150506511 691
330 12 11.852233333333329 8.670714876076957 423.507 8.009 14.379063081695968 967
340 2.9 11.37503448275862 0.9977820051721831 423.507 8.009 14.10011223551058 1087
350 0 0 0 423.507 8.009 14.029299283154122 1116
360 0 0 0 423.507 8.009 14.029299283154122 1116
370 0 0 0 423.507 8.009 14.029299283154122 1116
380 3.1 996.9117741935486 949.9207516296433 3607.844 8.009 14.029299283154122 1116
390 11.4 1534.6985701754381 969.8897839598225 5529.705 0.756 40.59369049694856 1147
400 52.2 961.3553754789284 913.2345626635328 8239.092 0.756 175.6674068199841 1261
410 41.7 123.27496642685857 341.1143637807464 8239.092 0.756 405.68934716769525 1783
420 6.7 13.682925373134331 16.66894713550833 8239.092 0.756 352.1589850000003 2200
430 0.5 11.171000000000001 1.2990361041941823 8239.092 0.756 342.15550198500256 2267
440 0 0 0 8239.092 0.756 341.42710299295805 2272
450 0.1 1189.738 0.0 8239.092 0.756 341.42710299295805 2272
460 14.5 353.94517241379305 1052.516100311691 8239.092 0.382 341.8003150022001 2273
470 80.4 1677.939461442786 1881.9709470134544 8239.092 0.379 342.52860463192746 2418
480 112.4 1474.107138790041 1558.015980227202 8522.059 0.379 675.7596191806334 3222
490 16.6 48.362301204819296 38.5682448475442 8522.059 0.379 882.2351396686624 4346
500 1.8 52.26283333333333 36.62742376242455 8522.059 0.379 851.5563074024838 4512
510 0.2 52.5785 39.088499999999996 8522.059 0.379 848.3803068432686 4530
517 0 0 0 8522.059 0.379 848.0291145189777 4532
