0 0.3 15.444333333333333 0.6361636756544827 16.062 14.569 0 0
10 2.3 14.198086956521738 1.8390211695366048 18.183 11.334 15.444333333333333 3
20 0.4 14.137500000000001 0.4901532923484238 18.183 11.334 14.341884615384616 26
30 0 0 0 18.183 11.334 14.314633333333335 30
40 0.9 14.208888888888888 0.9088473095623737 18.183 11.334 14.314633333333335 30
50 3.1 13.507741935483873 1.2848231952607814 18.183 10.985 14.290230769230769 39
60 1.1 18.271545454545453 10.803185097365217 52.021 10.985 13.9437 70
70 0.1 14.23 0.0 52.021 10.985 14.531432098765432 81
80 0 0 0 52.021 10.985 14.527756097560976 82
90 0 0 0 52.021 10.985 14.527756097560976 82
100 4.8 13.329729166666668 1.434286578459586 52.021 10.552 14.527756097560976 82
110 6.7 15.310358208955208 13.946879505157696 127.072 10.552 14.085407692307692 130
120 0.5 14.012199999999998 1.4244779254168876 127.072 10.552 14.50201522842639 197
130 0 0 0 127.072 10.552 14.489891089108907 202
140 3.8 13.78015789473684 1.6740898631214796 127.072 10.552 14.489891089108907 202
150 14.9 17.00071812080536 20.034894715373838 137.803 10.552 14.377516666666663 240
160 4.8 14.037104166666666 5.031401040132788 137.803 10.552 15.38229048843187 389
170 0.5 14.3396 1.047416173256839 137.803 10.552 15.234535469107545 437
180 0 0 0 137.803 10.552 15.224411764705877 442
190 0.9 13.439333333333332 1.1409429823128274 137.803 10.552 15.224411764705877 442
200 20.3 16.233645320197038 16.026700433665642 137.803 9.673 15.188789356984474 451
210 24.7 17.04295951417001 19.881300874640882 158.285 9.673 15.513110091743114 654
220 2 14.849599999999999 5.06425799500776 158.285 9.673 15.932502774694774 901
230 0.1 16.816 0.0 158.285 9.673 15.90898697068403 921
240 0.9 26.95544444444444 37.500545780061245 158.285 9.673 15.909970715835131 922
250 39.7 15.68496725440806 14.672884952100166 158.285 9.673 16.016747583243816 931
260 48.1 16.07569854469855 15.985347351256076 158.285 9.673 15.917563253012043 1328
270 5.9 13.931135593220338 3.5927494662691397 158.285 9.673 15.959610281923714 1809
280 0.1 12.622 0.0 158.285 9.673 15.89554175588865 1868
290 0 0 0 158.285 9.673 15.893790262172281 1869
300 25.4 17.258566929133856 21.325764543103322 174.065 9.673 15.893790262172281 1869
310 107.8 30.139705936920222 44.01039660612444 611.482 9.673 16.057074894017898 2123
320 45.3 23.127509933774867 44.46694255746442 611.482 9.673 20.799679162761638 3201
330 2.9 18.114344827586205 15.98015879959909 611.482 9.673 21.088269020251783 3654
340 0 0 0 611.482 9.673 21.064852294325284 3683
350 0 0 0 611.482 9.673 21.064852294325284 3683
360 0 0 0 611.482 9.673 21.064852294325284 3683
370 4.1 13.774097560975612 2.249640131707552 611.482 9.673 21.064852294325284 3683
380 106.3 488.45475258701833 671.0756437538653 3328.724 9.673 20.984583512352316 3724
390 174.4 1916.504118692664 999.9398718172143 7414.39 0.383 124.7908901190726 4787
400 81.6 1693.2844215686282 1058.394909550709 7414.39 0.383 603.239499923443 6531
410 4.7 359.2775957446809 532.968060704398 7414.39 0.383 724.306146998776 7347
420 0.1 17.069 0.0 7414.39 0.383 721.9858410873691 7394
430 0 0 0 7414.39 0.383 721.8905176470598 7395
440 0 0 0 7414.39 0.383 721.8905176470598 7395
450 44.3 1081.8542844243786 1077.190695766166 7414.39 0.383 721.8905176470598 7395
460 434.8 811.5915183992626 1117.7609053731737 7570.336 0.364 742.2354970655788 7838
470 240.6 868.8862007481312 1010.7193203058417 7570.336 0.364 766.9819258165107 12186
480 23.4 1021.7580555555562 859.0574387927975 7570.336 0.364 783.7843987801537 14592
490 0.3 10.776000000000002 1.2185412043368367 7570.336 0.364 787.54035694051 14826
500 0 0 0 7570.336 0.364 787.3832126239128 14829
510 0 0 0 7570.336 0.364 787.3832126239128 14829
517 0 0 0 7570.336 0.364 787.3832126239128 14829
