20 0.9 27.466222222222218 8.487060304798355 51.061 21.452 0 0
30 0.1 26.8 0.0 51.061 21.452 27.466222222222218 9
40 0 0 0 51.061 21.452 27.3996 10
50 0.3 21.906333333333336 1.3345821651571539 51.061 20.432 27.3996 10
60 0.7 23.111428571428572 1.867911427782597 51.061 19.525 26.131923076923076 13
70 0.3 23.335333333333335 1.5024720370849576 51.061 19.525 25.07475 20
80 0.1 26.069 0.0 51.061 19.525 24.84786956521739 23
90 0.1 26.306 0.0 51.061 19.525 24.898749999999996 24
100 0.2 22.189999999999998 0.8130000000000015 51.061 19.525 24.95504 25
110 1.6 25.002125 8.432217434303684 56.056 19.525 24.75022222222222 27
120 0.7 22.50742857142857 2.7367965557847214 56.056 18.14 24.843953488372094 43
130 0.2 24.607 0.07700000000000085 56.056 18.14 24.51684 50
140 0 0 0 56.056 18.14 24.52030769230769 52
150 1.6 25.970562500000003 12.837120948487387 63.269 18.14 24.52030769230769 52
160 2.1 22.80390476190476 2.927149042112348 63.269 18.14 24.861544117647057 68
170 0.9 23.62733333333333 1.5830391305614935 63.269 18.14 24.376033707865165 89
180 0.1 25.087 0.0 63.269 18.14 24.307275510204075 98
190 0 0 0 63.269 18.14 24.31515151515151 99
200 0.9 25.848000000000003 11.108084023208804 63.269 18.14 24.31515151515151 99
210 5.5 29.4794 26.112135408377732 152.941 18.14 24.442888888888884 108
220 4.2 24.392000000000003 8.970831611925608 152.941 17.799 26.14232515337423 163
230 0.5 23.7588 1.1303035698430755 152.941 17.799 25.78372195121951 205
240 0.1 24.634 0.0 152.941 17.799 25.735509523809522 210
250 1.1 23.069363636363633 5.004620669899646 152.941 17.799 25.730289099526065 211
260 7.5 27.047173333333344 23.763975039751994 152.941 17.799 25.598441441441437 222
270 7.6 23.639947368421062 9.529929693912443 152.941 17.799 25.964282828282826 297
280 1.7 22.698235294117648 2.1675802591670723 152.941 17.799 25.490691689008045 373
290 0.4 23.985249999999997 1.1425704299954538 152.941 17.799 25.368969230769235 390
300 0.3 20.761333333333333 0.5959230002460233 152.941 17.799 25.354921319796958 394
310 8.9 44.16271910112361 46.41046168844454 291.425 17.799 25.32020906801008 397
320 19.6 26.968102040816337 19.233425156344094 291.425 17.678 28.770792181069964 486
330 6.6 25.273909090909097 14.385384276397149 291.425 17.606 28.252717008797664 682
340 0.9 22.169999999999998 1.6149387329280052 291.425 17.606 27.98988101604279 748
350 0.1 23.981 0.0 291.425 17.606 27.92068824306474 757
360 0 0 0 291.425 17.606 27.915490765171512 758
370 0 0 0 291.425 17.606 27.915490765171512 758
380 1.8 829.0143333333333 895.6499636168015 2988.336 17.606 27.915490765171512 758
390 12.3 3667.071943089431 1570.1081138634352 9127.937 0.451 46.49768041237114 776
400 36.6 2619.356357923495 1532.5183984293828 9127.937 0.451 541.8598987764183 899
410 19.2 536.1535156249998 1091.0909447794763 9127.937 0.451 1142.937925691699 1265
420 2.7 25.278703703703698 10.917650808276832 9127.937 0.451 1062.9773170899105 1457
430 0.3 25.249333333333336 1.02845007441079 9127.937 0.451 1044.097355795148 1484
440 0 0 0 9127.937 0.451 1042.0418453261598 1487
450 0.1 0.575 0.0 9127.937 0.451 1042.0418453261598 1487
460 18.7 576.6271497326196 1071.316775143082 9127.937 0.398 1041.3419348118277 1488
470 66.8 845.1107155688629 1062.1271962304234 9127.937 0.39 989.4603438805967 1675
480 54.2 843.4489261992615 1000.9821965168727 9127.937 0.39 948.3056056338028 2343
490 8.2 16.05731707317073 5.268742173857681 9127.937 0.39 928.6063611785094 2885
500 0.9 15.539666666666667 5.739582253478423 9127.937 0.39 903.3859292214357 2967
510 0 0 0 9127.937 0.39 900.700910282258 2976
517 0 0 0 9127.937 0.39 900.700910282258 2976
