0 0.1 64.86 0 64.86 64.86 0 0
10 0.9 60.16077777777778 3.553661360024112 64.86 55.489 64.86 1
20 0.6 57.74066666666666 2.3174265660186273 64.86 55.489 60.630700000000004 10
30 0 0 0 64.86 55.489 59.5469375 16
40 0.1 87.939 0.0 87.939 55.489 59.5469375 16
50 1.4 68.4195 16.829796534505615 101.054 54.677 61.21705882352941 17
60 1.6 63.346562500000005 8.091487154478699 101.054 54.068 64.46977419354839 31
70 0.1 55.623 0.0 101.054 54.068 64.08740425531916 47
80 0 0 0 101.054 54.068 63.91106250000001 48
90 0 0 0 101.054 54.068 63.91106250000001 48
100 1.8 68.89550000000001 26.8223245662804 177.419 54.068 63.91106250000001 48
110 4.3 65.44795348837208 14.538338955301327 177.419 53.096 65.27045454545456 66
120 1.7 59.95211764705883 7.448451271177139 177.419 51.932 65.34047706422018 109
130 0.2 56.331 0.6159999999999997 177.419 51.932 64.61347619047619 126
140 0.6 60.38366666666667 3.1415489633123492 177.419 51.932 64.4840625 128
150 4.2 68.01740476190474 26.397047983456968 180.458 51.932 64.30046268656716 134
160 5.1 63.0020588235294 11.241980759132113 180.458 51.578 65.18746022727272 176
170 1.6 60.287625000000006 10.747463263923029 180.458 51.578 64.69646696035241 227
180 0.1 59.168 0.0 180.458 51.578 64.40617283950616 243
190 0 0 0 180.458 51.578 64.38470491803277 244
200 6.1 71.51896721311478 30.260665898520408 220.383 51.578 64.38470491803277 244
210 14.8 67.96791216216214 18.167230055168552 220.383 51.578 65.81155737704916 305
220 4.7 63.89048936170215 14.07846109801014 220.383 51.578 66.5160618101545 453
230 1.4 59.65792857142857 10.07794817881586 220.383 51.578 66.26925799999998 500
240 0 0 0 220.383 51.578 66.0891828793774 514
250 9.3 77.55669892473126 34.91829501213533 243.219 51.578 66.0891828793774 514
260 30.5 72.48546229508203 26.612103836585977 243.219 51.578 67.84614991762766 607
270 16 66.99979999999996 19.75264438239853 243.219 51.578 69.39767434210528 912
280 1.9 60.72936842105264 10.25901901132814 243.219 51.578 69.03978264925372 1072
290 0.1 53.913 0.0 243.219 51.578 68.89505499541706 1091
300 4.3 87.66634883720927 44.00402175376951 243.219 51.578 68.88133516483516 1092
310 42.1 115.61591923990505 82.0254293859866 720.293 51.578 69.59301409691629 1135
320 54.3 78.86197790055239 48.302468031452904 720.293 51.578 82.04522686375323 1556
330 8.8 61.76398863636364 12.796485997134953 720.293 51.578 81.22173749404477 2099
340 0.7 58.098571428571425 2.690589996750201 720.293 51.578 80.43880109739368 2187
350 0 0 0 720.293 51.578 80.36752415679123 2194
360 0 0 0 720.293 51.578 80.36752415679123 2194
370 0.1 68.568 0.0 720.293 51.578 80.36752415679123 2194
380 10.1 1017.9388514851481 1061.000763390888 4483.404 51.578 80.36214851936218 2195
390 22.2 4858.480108108106 1742.8818410011907 10331.613 0.464 121.60572299651568 2296
400 93.8 3463.2814925373186 1850.770045386052 11033.4 0.464 539.2332501985701 2518
410 95.1 700.7563375394317 1156.0647644980495 11033.4 0.464 1332.8551400462975 3456
420 4.4 59.83006818181818 10.357871335800015 11033.4 0.464 1196.4526074427056 4407
430 0.3 55.546 0.7010739380883222 11033.4 0.464 1185.2166173893515 4451
440 0 0 0 11033.4 0.464 1184.455725639875 4454
450 0.4 234.62125 355.0631363267489 11033.4 0.464 1184.455725639875 4454
460 66.1 718.3641618759457 1710.9899556311539 11033.4 0.413 1183.6034739793636 4458
470 184 2290.519130434782 2323.034540035976 11033.4 0.411 1123.5286184801723 5119
480 181 2127.1384541436446 1837.9346514135882 11033.4 0.411 1432.0876847248169 6959
490 14.7 55.69465306122451 21.734023745863446 11033.4 0.411 1575.5523776941495 8769
500 0.8 50.171 8.100417149752227 11033.4 0.411 1550.4941581426644 8916
510 0 0 0 11033.4 0.411 1549.1491799641415 8924
517 0 0 0 11033.4 0.411 1549.1491799641415 8924
