0 1.9 19
10 7.8 97
20 4.8 145
30 1.4 159
40 2.3 182
50 14.2 324
60 11.7 441
70 3.8 479
80 4.9 528
90 22.9 757
100 27.8 1035
110 9.4 1129
120 1.3 1142
130 3.9 1181
140 27.7 1458
150 28.9 1747
160 44.4 2191
170 14 2331
180 1 2341
190 26.6 2607
200 35.7 2964
210 31.2 3276
220 44.8 3724
230 26 3984
240 0.7 3991
250 35 4341
260 44.2 4783
270 46.7 5250
280 53.8 5788
290 12.5 5913
300 1.6 5929
310 18.8 6117
320 61.3 6730
330 52 7250
340 52.1 7771
350 44.3 8214
360 4.2 8256
370 0.5 8261
380 0 8261
382 0 8261
