10 0.1 323 0 323 323 0 0
20 0.1 881.0 0.0 881 323 323.0 1
30 0.1 685.0 0.0 881 323 602.0 2
40 0.1 115.0 0.0 881 115 629.6666666666666 3
50 0.1 325.0 0.0 881 115 501.0 4
60 0.1 1264.0 0.0 1264 115 465.8 5
70 0.1 1654.0 0.0 1654 115 598.8333333333334 6
80 0.1 522.0 0.0 1654 115 749.5714285714286 7
90 0.1 501.0 0.0 1654 115 721.125 8
100 0.1 2244.0 0.0 2244 115 696.6666666666666 9
110 0.1 3907.0 0.0 3907 115 851.4 10
120 0.1 695.0 0.0 3907 115 1129.1818181818182 11
130 0.1 39.0 0.0 3907 39 1093.0 12
140 0.1 434.0 0.0 3907 39 1011.9230769230769 13
150 0.1 2478.0 0.0 3907 39 970.6428571428571 14
160 0.1 3059.0 0.0 3907 39 1071.1333333333334 15
170 0.1 7058.0 0.0 7058 39 1195.375 16
180 0.1 1923.0 0.0 7058 39 1540.235294117647 17
190 0.1 94.0 0.0 7058 39 1561.5 18
200 0.1 2506.0 0.0 7058 39 1484.2631578947369 19
210 0.1 4165.0 0.0 7058 39 1535.35 20
220 0.1 5803.0 0.0 7058 39 1660.5714285714287 21
230 0.1 6830.0 0.0 7058 39 1848.8636363636363 22
240 0.1 3172.0 0.0 7058 39 2065.4347826086955 23
250 0.1 52.0 0.0 7058 39 2111.5416666666665 24
260 0.1 4695.0 0.0 7058 39 2029.16 25
270 0.1 8106.0 0.0 8106 39 2131.6923076923076 26
280 0.1 8593.0 0.0 8593 39 2352.962962962963 27
290 0.1 5931.0 0.0 8593 39 2575.8214285714284 28
300 0.1 876.0 0.0 8593 39 2691.5172413793102 29
310 0.1 63.0 0.0 8593 39 2631.0 30
320 0.1 2942.0 0.0 8593 39 2548.1612903225805 31
330 0.1 15115.0 0.0 15115 39 2560.46875 32
340 0.1 14914.0 0.0 15115 39 2940.909090909091 33
350 0.1 8391.0 0.0 15115 39 3293.0588235294117 34
360 0.1 4177.0 0.0 15115 39 3438.714285714286 35
370 0.1 341.0 0.0 15115 39 3459.222222222222 36
380 0.1 89.0 0.0 15115 39 3374.945945945946 37
382 0.1 0.0 0.0 15115 0 3288.4736842105262 38
