0 3.1 57.560677419354846 79.78427799582633 270.381 4.585 0 0
10 13.3 36.624451127819555 48.352178276964004 270.381 3.673 57.560677419354846 31
20 7.8 27.64169230769231 28.352802199641435 270.381 3.673 40.581908536585374 164
30 1.8 25.489666666666665 28.389441748258765 270.381 3.673 36.41109504132232 242
40 2.8 19.441892857142857 31.04653421805413 270.381 3.673 35.654996153846156 260
50 24 50.72572500000002 68.6398017552453 360.835 3.649 34.078722222222225 288
60 19.6 34.905244897959186 42.48613060850427 360.835 3.403 41.645541666666674 528
70 5.9 28.68993220338984 30.404134519727886 360.835 3.403 39.82082044198896 724
80 5.6 26.151035714285715 41.208582962587286 360.835 3.403 38.982094508301415 783
90 39 179.91876153846155 239.68602784154635 1275.353 3.403 38.12567103694875 839
100 46.9 102.41650319829425 139.2186478619517 1275.353 3.286 83.12103742880392 1229
110 14.2 27.11923239436619 27.58087554061397 1275.353 3.286 88.45058598351002 1698
120 1.6 19.662 27.567372476353277 1275.353 3.286 83.71740543478263 1840
130 4.7 29.178106382978715 42.62242595222041 1275.353 3.286 83.16520366379312 1856
140 44.3 672.0552505643332 789.4445190180936 4216.792 3.286 81.83183867577512 1903
150 52.9 1895.8031361058595 1144.2008824936277 6631.522 3.286 193.28493819266822 2346
160 72 1109.5702958333352 885.6447023892367 6631.522 3.286 506.54828660869543 2875
170 20.2 34.04931683168313 32.52181449227447 6631.522 3.286 627.3204275382478 3595
180 1.3 23.20823076923077 17.186496694761654 6631.522 3.286 595.7584669475904 3797
190 35 722.6745942857145 847.4957432134651 6631.522 3.286 593.8048834645671 3810
200 124.5 1425.6720843373496 1613.7011992538662 6810.045 0.328 604.6472870192309 4160
210 128.9 1510.9503653995357 1686.3874614471465 7185.401 0.32 793.7640072155413 5405
220 88.5 1934.5511536723159 1011.5636258522592 7185.401 0.32 931.8657723334333 6694
230 40.2 524.4777835820888 756.4986155422221 7185.401 0.32 1048.9493668030086 7579
240 1.5 15.898266666666666 19.82093202809147 7185.401 0.32 1022.5319283297835 7981
250 65.1 908.01804608295 1028.6114496820417 7185.401 0.32 1020.6435460230118 7996
260 323 586.5887018575855 1129.1149480445727 7185.401 0.307 1012.1643971319536 8647
270 270.8 734.5434261447579 1159.6473325974164 7185.401 0.301 896.4273005809551 11877
280 120.7 1336.468179784588 1104.8715174477106 7185.401 0.301 866.3702877613994 14585
290 23.9 30.676945606694503 56.70840487004541 7185.401 0.301 902.3003888044584 15792
300 2.3 26.289391304347834 30.214654827171895 7185.401 0.301 889.3056908489805 16031
310 19.9 395.53263316582917 392.203874345703 7185.401 0.301 888.0692778123836 16054
320 516.1 349.96512962604135 805.883110939052 7185.401 0.3 882.0387116224701 16253
330 730 269.44637835616516 714.5697518169928 7185.401 0.295 753.803362940133 21414
340 286.8 656.8671785216177 978.5724137586163 7185.401 0.295 630.6646157275201 28714
350 93.9 1175.965495207668 957.2568859338828 7185.401 0.295 633.0441024634289 31582
360 9.8 26.22646938775512 33.55320117736999 7185.401 0.295 648.7202252083273 32521
370 0.9 18.50911111111111 23.30554927929991 7185.401 0.295 646.8500149606061 32619
380 0 0 0 7185.401 0.295 646.6766954762784 32628
382 0 0 0 7185.401 0.295 646.6766954762784 32628
