10 0.1 647 0 647 647 0 0
20 0.1 429.0 0.0 647 429 647.0 1
30 0.1 261.0 0.0 647 261 538.0 2
40 0.1 58.0 0.0 647 58 445.6666666666667 3
50 0.1 227.0 0.0 647 58 348.75 4
60 0.1 813.0 0.0 813 58 324.4 5
70 0.1 627.0 0.0 813 58 405.8333333333333 6
80 0.1 193.0 0.0 813 58 437.42857142857144 7
90 0.1 399.0 0.0 813 58 406.875 8
100 0.1 1425.0 0.0 1425 58 406.0 9
110 0.1 1523.0 0.0 1523 58 507.9 10
120 0.1 403.0 0.0 1523 58 600.1818181818181 11
130 0.1 39.0 0.0 1523 39 583.7499999999999 12
140 0.1 364.0 0.0 1523 39 541.8461538461537 13
150 0.1 1899.0 0.0 1899 39 529.142857142857 14
160 0.1 1549.0 0.0 1899 39 620.4666666666666 15
170 0.1 2441.0 0.0 2441 39 678.4999999999999 16
180 0.1 1.0e3 0.0 2441 39 782.1764705882351 17
190 0.1 59.0 0.0 2441 39 794.2777777777776 18
200 0.1 2638.0 0.0 2638 39 755.5789473684208 19
210 0.1 3698.0 0.0 3698 39 849.6999999999998 20
220 0.1 3387.0 0.0 3698 39 985.3333333333331 21
230 0.1 2917.0 0.0 3698 39 1094.4999999999998 22
240 0.1 1342.0 0.0 3698 39 1173.7391304347825 23
250 0.1 46.0 0.0 3698 39 1180.7499999999998 24
260 0.1 4453.0 0.0 4453 39 1135.3599999999997 25
270 0.1 8640.0 0.0 8640 39 1262.961538461538 26
280 0.1 7951.0 0.0 8640 39 1536.185185185185 27
290 0.1 3738.0 0.0 8640 39 1765.285714285714 28
300 0.1 682.0 0.0 8640 39 1833.310344827586 29
310 0.1 61.0 0.0 8640 39 1794.9333333333332 30
320 0.1 2898.0 0.0 8640 39 1738.9999999999998 31
330 0.1 18085.0 0.0 18085 39 1775.2187499999998 32
340 0.1 17820.0 0.0 18085 39 2269.4545454545455 33
350 0.1 7277.0 0.0 18085 39 2726.823529411765 34
360 0.1 2750.0 0.0 18085 39 2856.8285714285716 35
370 0.1 246.0 0.0 18085 39 2853.8611111111113 36
380 0.1 323.0 0.0 18085 39 2783.3783783783783 37
382 0.1 0.0 0.0 18085 0 2718.6315789473683 38
