0 10.86796875 10.86796875
10 56.56640625 67.434375
20 35.71484375 103.14921875
30 7.94140625 111.090625
40 6.8203125 117.9109375
50 97.8375 215.7484375
60 91.65546875 307.40390625
70 26.7765625 334.18046875
80 12.76796875 346.9484375
90 154.73984375 501.68828125
100 215.18984375 716.878125
110 62.95546875 779.83359375
120 6.9734375 786.80703125
130 10.90078125 797.7078125
140 183.12109375 980.82890625
150 260.1640625 1240.99296875
160 282.1765625 1523.16953125
170 91.17109375 1614.340625
180 5.72734375 1620.06796875
190 145.68046875 1765.7484375
200 454.759375 2220.5078125
210 502.25078125 2722.75859375
220 321.28515625 3044.04375
230 137.0375 3181.08125
240 6.0796875 3187.1609375
250 206.8546875 3394.015625
260 955.89765625 4349.91328125
270 848.38984375 5198.303125
280 374.396875 5572.7
290 92.246875 5664.946875
300 8.28359375 5673.23046875
310 64.1046875 5737.33515625
320 1284.31484375 7021.65
330 1812.28203125 8833.93203125
340 782.22109375 9616.153125
350 268.79140625 9884.94453125
360 40.459375 9925.40390625
370 3.40078125 9928.8046875
380 0 9928.8046875
382 0 9928.8046875
