0 0.4 2469.6855 1400.5307321164894 4412.071 1047.855 0 0
10 2.1 3023.3621428571428 1131.1937721104864 5598.795 571.654 2469.6855 4
20 0.5 6134.1 3315.9119965093164 10082.216 571.654 2934.7738799999997 25
30 0 0 0 10082.216 571.654 3467.9948999999997 30
40 0.1 1357.732 0.0 10082.216 571.654 3467.9948999999997 30
50 3.7 3128.0756216216214 1849.8521311109132 10082.216 306.169 3399.9219032258065 31
60 2 7828.305 4004.5318351188193 16685.611 306.169 3252.005544117647 68
70 0.2 9351.144 6550.76 16685.611 306.169 4292.073602272727 88
80 0.1 673.434 0.0 16685.611 306.169 4404.497388888888 90
90 6.5 4070.995923076922 2063.1925733886405 16685.611 239.458 4363.496692307691 91
100 5.3 5651.071415094338 2605.8732900292 16685.611 239.458 4241.62137179487 156
110 0.1 9472.167 0.0 16685.611 239.458 4599.041717703348 209
120 0 0 0 16685.611 239.458 4622.247076190475 210
130 0 0 0 16685.611 239.458 4622.247076190475 210
140 6.9 4238.287144927535 1998.7039919189535 16685.611 239.458 4622.247076190475 210
150 10.3 7319.493155339806 2989.09438774741 19443.285 239.458 4527.289243727598 279
160 5 9195.179180000001 2889.203222968372 19443.285 239.458 5280.160979057591 382
170 0 0 0 19443.285 239.458 5733.288085648148 432
180 0 0 0 19443.285 239.458 5733.288085648148 432
190 2.7 3369.8885925925924 1763.8678881305407 19443.285 239.458 5733.288085648148 432
200 21.3 6683.255981220657 2962.8281098524067 19443.285 41.62 5594.2645860566445 459
210 21.4 8858.770710280372 3752.7581840555954 21715.054 41.62 5939.435965773809 672
220 2.6 12122.260769230772 3730.00711660465 22256.7 41.62 6644.5574503386 886
230 0 0 0 22256.7 41.62 6800.720044956141 912
240 0 0 0 22256.7 41.62 6800.720044956141 912
250 4.3 4138.082186046511 1504.2995562468525 22256.7 41.62 6800.720044956141 912
260 56 4846.6750714285645 2832.166696441545 22256.7 40.52 6680.831638743455 955
270 29.6 6978.8227668918935 3389.8588146763336 22256.7 40.52 6002.8595742574225 1515
280 1.7 12980.740823529413 4004.999722524867 22256.7 40.52 6162.376473771395 1811
290 0 0 0 22256.7 40.52 6225.785770240698 1828
300 0 0 0 22256.7 40.52 6225.785770240698 1828
310 0 0 0 22256.7 40.52 6225.785770240698 1828
320 75.9 3552.6122595520474 2206.945678641454 22256.7 40.52 6225.785770240698 1828
330 99.3 4922.922537764346 2926.5635362845023 22256.7 40.52 5441.50332160804 2587
340 12.7 9182.110905511816 3863.16430730291 22256.7 40.52 5297.662338826814 3580
350 0.3 18427.927 1949.6211443787392 22256.7 40.52 5430.741639600755 3707
360 0 0 0 22256.7 40.52 5441.2514929919125 3710
370 0 0 0 22256.7 40.52 5441.2514929919125 3710
380 0 0 0 22256.7 40.52 5441.2514929919125 3710
382 0 0 0 22256.7 40.52 5441.2514929919125 3710
