10 0.2 8.812 0.16300000000000026 8.975 8.649 0 0
20 0.5 8.745 0.3291005925245349 9.354 8.492 8.812 2
30 0 0 0 9.354 8.492 8.764142857142856 7
40 0 0 0 9.354 8.492 8.764142857142856 7
50 0.5 19.900399999999998 9.94795318847048 36.913 8.492 8.764142857142856 7
60 1.2 11.350916666666665 7.101679407698029 36.913 7.103 13.404249999999998 12
70 0.4 8.706999999999999 0.36031028295068146 36.913 7.103 12.377583333333332 24
80 0 0 0 36.913 7.103 11.853214285714284 28
90 0.3 23.551666666666666 10.827605778235966 37.488 7.103 11.853214285714284 28
100 1.9 75.94763157894734 127.90802369556951 451.437 7.103 12.98532258064516 31
110 1.1 15.221909090909094 7.800901829620209 451.437 7.103 36.91099999999999 50
120 0.1 8.753 0.0 451.437 7.103 32.99985245901638 61
130 0 0 0 451.437 7.103 32.60877419354838 62
140 0.4 634.6564999999999 490.32012119354226 1253.56 7.103 32.60877419354838 62
150 0.9 1580.4405555555559 387.7412413814458 2282.826 7.103 69.09651515151513 66
160 3.6 448.58219444444444 332.41514713622945 2282.826 7.103 250.45780000000005 75
170 1.9 17.629684210526314 7.361447183612683 2282.826 7.103 314.7143603603604 111
180 0 0 0 2282.826 7.103 271.29429230769233 130
190 0 0 0 2282.826 7.103 271.29429230769233 130
200 0.5 470.72119999999995 939.0087255401623 2348.738 0.594 271.29429230769233 130
210 3.2 1524.9883437499996 1058.8330531424563 2829.325 0.551 278.6804740740741 135
220 6.5 1429.1452461538468 485.9048515031291 2829.325 0.551 517.4939580838322 167
230 2.1 140.4521428571428 192.10029921056633 2829.325 0.551 772.9135000000001 232
240 0 0 0 2829.325 0.551 720.4167075098816 253
250 0 0 0 2829.325 0.551 720.4167075098816 253
260 3.6 217.48641666666668 613.0522534797765 2829.325 0.457 720.4167075098816 253
270 13.3 705.7247443609022 847.4496113049063 2829.325 0.442 657.7679515570935 289
280 8.7 879.2688620689661 647.4450749006494 2829.325 0.442 672.8822962085309 422
290 1.5 8.807666666666668 5.978965793141449 2829.325 0.442 708.1585854616898 509
300 0.1 27.419 0.0 2829.325 0.442 688.1389980916032 524
310 0 0 0 2829.325 0.442 686.880483809524 525
320 3.7 383.83545945945934 738.5882652669429 2829.325 0.396 686.880483809524 525
330 28.2 184.90114893617024 463.16256783258694 2829.325 0.396 666.9291209964414 562
340 18.8 588.360388297872 690.5591571513232 2829.325 0.396 505.8723815165878 844
350 5.2 815.6283076923077 584.7991963739329 2829.325 0.396 520.8992664728682 1032
360 0.1 3.958 0.0 2829.325 0.396 535.0375599630997 1084
370 0 0 0 2829.325 0.396 534.5480857142858 1085
380 0 0 0 2829.325 0.396 534.5480857142858 1085
382 0 0 0 2829.325 0.396 534.5480857142858 1085
