0 0.1 11.646 0 11.646 11.646 0 0
10 0.2 11.546 0.9689999999999999 12.515 10.577 11.646 1
20 0 0 0 12.515 10.577 11.579333333333333 3
30 0 0 0 12.515 10.577 11.579333333333333 3
40 0.1 10.679 0.0 12.515 10.577 11.579333333333333 3
50 0.2 11.3415 0.26750000000000007 12.515 10.577 11.35425 4
60 0 0 0 12.515 10.577 11.35 6
70 0 0 0 12.515 10.577 11.35 6
80 0.8 27.096624999999996 40.63156087617573 134.331 9.564 11.35 6
90 1.2 244.70683333333332 237.51657241823264 584.171 8.323 20.348071428571423 14
100 0.1 152.758 0.0 584.171 8.323 123.89826923076923 26
110 0 0 0 584.171 8.323 124.96714814814814 27
120 0 0 0 584.171 8.323 124.96714814814814 27
130 0.2 10.012 0.19100000000000028 584.171 8.323 124.96714814814814 27
140 1.3 667.6200769230769 611.2234564040655 1882.228 8.323 117.03920689655172 29
150 0.3 1498.0663333333334 703.225118879359 2378.573 8.323 287.45709523809523 42
160 0 0 0 2378.573 8.323 368.1643777777778 45
170 0 0 0 2378.573 8.323 368.1643777777778 45
180 0 0 0 2378.573 8.323 368.1643777777778 45
190 0.8 533.006875 806.5052321007344 2523.444 8.323 368.1643777777778 45
200 2.9 2210.4885172413797 1569.0032671687402 4450.878 1.272 393.04626415094344 53
210 0.3 3422.8546666666666 425.12007070656597 4450.878 1.272 1035.8002317073172 82
220 0 0 0 4450.878 1.272 1120.049211764706 85
230 0 0 0 4450.878 1.272 1120.049211764706 85
240 0 0 0 4450.878 1.272 1120.049211764706 85
250 4.1 1201.6397073170733 1106.743683080944 4450.878 1.129 1120.049211764706 85
260 5.1 1231.442588235294 1441.9627510075638 4450.878 0.976 1146.5985000000003 126
270 0.1 3893.391 0.0 4450.878 0.976 1171.0451016949153 177
280 0 0 0 4450.878 0.976 1186.3391797752809 178
290 0 0 0 4450.878 0.976 1186.3391797752809 178
300 0 0 0 4450.878 0.976 1186.3391797752809 178
310 0.9 680.1324444444444 475.0676513873486 4450.878 0.976 1186.3391797752809 178
320 16 652.7867187499996 1147.6473903218555 4450.878 0.874 1161.9762887700535 187
330 3.4 601.8553235294119 949.6133208301069 4450.878 0.862 927.1914726224784 347
340 0 0 0 4450.878 0.862 898.1588503937007 381
350 0 0 0 4450.878 0.862 898.1588503937007 381
360 0 0 0 4450.878 0.862 898.1588503937007 381
370 0 0 0 4450.878 0.862 898.1588503937007 381
380 0 0 0 4450.878 0.862 898.1588503937007 381
382 0 0 0 4450.878 0.862 898.1588503937007 381
