0 0.1 7.493 0 7.493 7.493 0 0
10 0.4 20.485 23.79502788399291 61.693 6.265 7.493 1
20 0.2 6.758 0.17300000000000004 61.693 6.265 17.886599999999998 5
30 0.1 6.689 0.0 61.693 6.265 14.706999999999999 7
40 0 0 0 61.693 6.265 13.70475 8
50 0.6 14.732999999999999 14.19321407105053 61.693 6.265 13.70475 8
60 0.4 11.448500000000001 8.304276172551104 61.693 6.265 14.145428571428571 14
70 0.2 6.98 0.3270000000000002 61.693 6.265 13.546111111111111 18
80 0 0 0 61.693 6.265 12.889500000000002 20
90 0.4 214.22850000000003 133.77917176171334 398.444 6.265 12.889500000000002 20
100 1.4 34.079071428571424 45.501673666964145 398.444 5.577 46.446000000000005 24
110 0.3 7.029000000000001 1.3349729085890347 398.444 5.464 41.88976315789474 38
120 0 0 0 398.444 5.464 39.3389756097561 41
130 0 0 0 398.444 5.464 39.3389756097561 41
140 0.4 538.76075 482.770967746806 1315.265 5.464 39.3389756097561 41
150 1.8 1263.1322777777777 560.1523263688393 2589.538 5.464 83.73202222222221 45
160 2.7 422.38581481481475 379.9360349427292 2589.538 5.464 420.7035238095238 63
170 0.1 8.217 0.0 2589.538 5.464 421.20821111111115 90
180 0 0 0 2589.538 5.464 416.66984615384615 91
190 0 0 0 2589.538 5.464 416.66984615384615 91
200 1.5 559.7852666666665 946.4213377869617 2666.491 0.517 416.66984615384615 91
210 5.3 1324.7718301886798 1106.0728026457193 3194.144 0.465 436.9220283018868 106
220 4.4 1433.020318181818 524.2674691316607 3194.144 0.465 732.8719622641512 159
230 0.1 390.692 0.0 3194.144 0.465 884.6282561576355 203
240 0 0 0 3194.144 0.465 882.2070000000001 204
250 0 0 0 3194.144 0.465 882.2070000000001 204
260 5.7 171.83219298245615 557.0949736047387 3194.144 0.425 882.2070000000001 204
270 9.1 597.9260879120878 834.2599460637422 3194.144 0.425 727.067674329502 261
280 4.6 998.4400652173915 744.787950925701 3194.144 0.425 693.6816392045456 352
290 0.3 7.687666666666668 1.1415084561909976 3194.144 0.425 728.904974874372 398
300 0 0 0 3194.144 0.425 723.5093341645887 401
310 0 0 0 3194.144 0.425 723.5093341645887 401
320 3.8 284.2874736842105 616.4128172672979 3194.144 0.425 723.5093341645887 401
330 22 249.4116318181817 518.1105065254778 3194.144 0.388 685.4901298405468 439
340 9.4 486.6258191489364 656.2607118863947 3194.144 0.388 539.9100546282247 659
350 1.3 1069.6253076923076 447.9828709449269 3194.144 0.388 533.2583705179284 753
360 0 0 0 3194.144 0.388 542.3612036553526 766
370 0 0 0 3194.144 0.388 542.3612036553526 766
380 0 0 0 3194.144 0.388 542.3612036553526 766
382 0 0 0 3194.144 0.388 542.3612036553526 766
