10 0.6 75.60133333333333 14.611163114398364 101.291 62.578 0 0
20 0.4 73.4085 7.447094886598396 101.291 61.548 75.60133333333333 6
30 0 0 0 101.291 61.548 74.7242 10
40 0 0 0 101.291 61.548 74.7242 10
50 0.4 86.45849999999999 23.9356862289344 127.494 61.548 74.7242 10
60 1.2 77.77374999999999 19.829166166386493 137.348 60.834 78.07685714285715 14
70 0.3 64.66866666666667 4.069565278448739 137.348 60.834 77.93696153846153 26
80 0 0 0 137.348 60.834 76.56437931034482 29
90 0.8 417.406625 405.1945798838311 1281.18 60.834 76.56437931034482 29
100 2.1 217.45933333333338 205.3664459592572 1281.18 60.834 150.26 37
110 0.2 110.762 16.226 1281.18 60.834 174.59079310344828 58
120 0 0 0 1281.18 60.834 172.46316666666664 60
130 0 0 0 1281.18 60.834 172.46316666666664 60
140 0.4 4026.931 122.06686646055934 4223.028 60.834 172.46316666666664 60
150 1.8 4819.902 718.9252521902245 6637.629 60.834 413.36740625 64
160 4.7 2621.628255319149 1034.7677376517256 6637.629 60.834 1380.655487804878 82
170 0 0 0 6637.629 60.834 1832.7928527131783 129
180 0 0 0 6637.629 60.834 1832.7928527131783 129
190 0 0 0 6637.629 60.834 1832.7928527131783 129
200 3.4 1319.2259117647059 2590.164770920061 6816.843 0.538 1832.7928527131783 129
210 7.6 2209.795657894738 2507.8122514525044 6816.843 0.538 1725.6684601226991 163
220 4 3227.1849249999987 919.2867880477885 6816.843 0.538 1879.616857740586 239
230 0.2 1333.9524999999999 1039.0245 6816.843 0.538 2072.816580645161 279
240 0 0 0 6816.843 0.538 2067.5577615658362 281
250 0.2 0.9955 0.07749999999999999 6816.843 0.538 2067.5577615658362 281
260 9.9 768.2162020202016 1907.4661514998413 6816.843 0.443 2052.953081272085 283
270 13.8 1557.8654057971023 1919.166569663228 6816.843 0.443 1719.997712041885 382
280 2.8 2442.3002857142856 1359.4740709671478 6816.843 0.443 1676.9702923076925 520
290 0 0 0 6816.843 0.443 1716.0747445255479 548
300 0 0 0 6816.843 0.443 1716.0747445255479 548
310 0 0 0 6816.843 0.443 1716.0747445255479 548
320 13.4 234.30718656716414 997.9038467646066 6816.843 0.443 1716.0747445255479 548
330 31.8 513.3323301886793 1285.8761540920934 6816.843 0.443 1424.935664222874 682
340 9 886.6645222222222 1372.2561383283469 6816.843 0.443 1135.0458040000003 1000
350 0.9 2442.0685555555556 890.5920820369523 6816.843 0.443 1114.5372577981655 1090
360 0 0 0 6816.843 0.443 1125.4087606915382 1099
370 0 0 0 6816.843 0.443 1125.4087606915382 1099
380 0 0 0 6816.843 0.443 1125.4087606915382 1099
382 0 0 0 6816.843 0.443 1125.4087606915382 1099
