10 0.3 23.186333333333334 3.4660803350310414 27.283 18.807 0 0
20 0.4 30.4805 13.333791536918522 53.368 18.807 23.186333333333334 3
30 0 0 0 53.368 18.807 27.35442857142857 7
40 0 0 0 53.368 18.807 27.35442857142857 7
50 0.7 46.62914285714286 57.1155364988461 186.283 18.807 27.35442857142857 7
60 1.2 26.43025 15.109046953867297 186.283 18.807 36.99178571428571 14
70 0.2 24.8595 3.9495000000000005 186.283 18.807 32.11723076923077 26
80 0 0 0 186.283 18.807 31.598821428571434 28
90 1 380.0345 433.76055811985714 1248.446 18.807 31.598821428571434 28
100 1.9 142.73747368421056 130.60142023664312 1248.446 18.807 123.29242105263158 38
110 0.5 22.2278 2.189372092632955 1248.446 18.807 129.7741052631579 57
120 0 0 0 1248.446 18.807 121.10101612903227 62
130 0 0 0 1248.446 18.807 121.10101612903227 62
140 0.5 895.967 1583.8531983046914 4054.826 18.807 121.10101612903227 62
150 1.5 4274.578733333333 724.201196621258 5432.811 18.807 178.92683582089555 67
160 4.3 1879.5667209302328 819.40150634459 5432.811 18.807 928.1314512195121 82
170 0.5 38.8078 22.276936247159306 5432.811 18.807 1255.425184 125
180 0 0 0 5432.811 18.807 1208.6322076923075 130
190 0 0 0 5432.811 18.807 1208.6322076923075 130
200 1.3 429.6391538461539 1484.3461038454636 5571.564 0.437 1208.6322076923075 130
210 5.6 2410.7931249999992 2298.7791197042825 7136.271 0.437 1137.8146573426573 143
220 4.4 2771.8450681818185 974.4945526504634 7136.271 0.437 1496.039753768844 199
230 1 1290.2057 791.8945565568753 7136.271 0.437 1727.049769547325 243
240 0 0 0 7136.271 0.437 1709.7832055335966 253
250 0 0 0 7136.271 0.437 1709.7832055335966 253
260 7 520.9998714285714 1365.5671694520706 7136.271 0.382 1709.7832055335966 253
270 13.4 847.9732686567163 1355.9651612264481 7136.271 0.382 1452.1521424148605 323
280 6.6 2081.8663939393946 1159.605658402222 7136.271 0.382 1274.9968490153171 457
290 0.2 19.200000000000003 2.202000000000001 7136.271 0.382 1376.819774378585 523
300 0 0 0 7136.271 0.382 1371.6478895238095 525
310 0 0 0 7136.271 0.382 1371.6478895238095 525
320 6.8 140.36872058823533 651.9490961941793 7136.271 0.368 1371.6478895238095 525
330 31.8 438.44025786163553 1033.7033395285487 7136.271 0.368 1230.4556745362563 593
340 14.4 1040.0672986111108 1206.8105477181202 7136.271 0.368 953.9892612513722 911
350 3 1942.5141666666664 942.39666589871 7136.271 0.368 965.738301421801 1055
360 0 0 0 7136.271 0.368 992.7459290322581 1085
370 0 0 0 7136.271 0.368 992.7459290322581 1085
380 0 0 0 7136.271 0.368 992.7459290322581 1085
382 0 0 0 7136.271 0.368 992.7459290322581 1085
