0 0.1 14.553 0 14.553 14.553 0 0
10 0.1 6.692 0.0 14.553 6.692 14.553 1
20 0.5 7.058800000000001 0.46504726641493116 14.553 6.593 10.6225 2
30 0.1 7.009 0.0 14.553 6.593 8.077 7
40 0 0 0 14.553 6.593 7.9435 8
50 0.4 73.02850000000001 66.84361805176319 152.65 6.339 7.9435 8
60 0.6 8.512499999999998 3.4369808820145242 152.65 5.99 29.638500000000004 12
70 0.2 9.495000000000001 0.7640000000000007 152.65 5.99 22.596500000000002 18
80 0 0 0 152.65 5.99 21.286350000000002 20
90 0.3 123.77933333333334 163.76608619681372 355.379 5.99 21.286350000000002 20
100 1 50.9568 104.30854844527363 363.008 5.99 34.655 23
110 0.8 7.001124999999999 0.9002175344743067 363.008 5.99 39.5949393939394 33
120 0 0 0 363.008 5.99 33.23517073170732 41
130 0 0 0 363.008 5.99 33.23517073170732 41
140 0.2 970.9165 427.8885 1398.805 5.99 33.23517073170732 41
150 1.3 1741.2766923076924 475.3642939156298 2234.051 5.99 76.8482558139535 43
160 3.1 473.28522580645165 386.21691835879216 2234.051 5.99 463.2334285714286 56
170 0.4 7.25 0.4981350218565246 2234.051 5.99 466.8151034482759 87
180 0 0 0 2234.051 5.99 446.6144395604396 91
190 0 0 0 2234.051 5.99 446.6144395604396 91
200 0.7 490.83028571428576 1200.4874652862256 3431.412 0.521 446.6144395604396 91
210 3.9 839.340358974359 1165.1675650514271 3776.197 0.517 449.7727142857143 98
220 5.7 1321.9937192982452 533.6984952309504 3776.197 0.517 560.6715328467153 137
230 1 220.71179999999998 271.3289298599764 3776.197 0.517 784.3589793814433 194
240 0 0 0 3776.197 0.517 756.7292156862744 204
250 0 0 0 3776.197 0.517 756.7292156862744 204
260 3.2 143.87734374999997 565.2413881485506 3776.197 0.421 756.7292156862744 204
270 9.3 603.4561612903226 791.7370843347207 3776.197 0.421 673.630656779661 236
280 6.2 954.4572741935481 705.7609423445064 3776.197 0.421 653.7940972644377 329
290 1 6.1916 3.704791605475266 3776.197 0.421 701.469588235294 391
300 0 0 0 3776.197 0.421 684.1309850374065 401
310 0 0 0 3776.197 0.421 684.1309850374065 401
320 2 1.55275 2.512810316657427 3776.197 0.421 684.1309850374065 401
330 18 180.7887722222223 460.9627623913143 3776.197 0.405 651.7044655581948 421
340 13.4 498.57813432835854 662.409048096391 3776.197 0.405 510.6648236272879 601
350 3.1 921.505 550.2050566650643 3776.197 0.405 508.4612639455783 735
360 0 0 0 3776.197 0.405 525.1771331592689 766
370 0 0 0 3776.197 0.405 525.1771331592689 766
380 0 0 0 3776.197 0.405 525.1771331592689 766
382 0 0 0 3776.197 0.405 525.1771331592689 766
