10 0.6 9.767000000000001 1.3693004296598559 12.32 8.294 0 0
20 0.4 8.724 0.4384101960493159 12.32 8.207 9.767000000000001 6
30 0 0 0 12.32 8.207 9.3498 10
40 0 0 0 12.32 8.207 9.3498 10
50 0.4 9.089749999999999 0.16753712275194388 12.32 8.207 9.3498 10
60 1.2 29.027333333333335 46.30073182886951 162.37 7.808 9.2755 14
70 0.3 13.372666666666667 6.691652577818295 162.37 7.808 18.391730769230772 26
80 0 0 0 162.37 7.808 17.872517241379313 29
90 0.8 27.392124999999997 15.815693657230941 162.37 7.808 17.872517241379313 29
100 2.1 28.072809523809514 40.97266722215007 188.39 7.808 19.93081081081081 37
110 0.2 21.6785 12.460500000000001 188.39 7.808 22.878775862068963 58
120 0 0 0 188.39 7.808 22.838766666666665 60
130 0 0 0 188.39 7.808 22.838766666666665 60
140 0.1 619.323 0.0 619.323 7.808 22.838766666666665 60
150 1.6 2100.7761875 569.7241504045202 3238.995 7.808 32.61719672131147 61
160 5.2 935.5862692307691 561.2424094814148 3238.995 7.808 462.36451948051945 77
170 0 0 0 3238.995 7.808 653.1205736434108 129
180 0 0 0 3238.995 7.808 653.1205736434108 129
190 0 0 0 3238.995 7.808 653.1205736434108 129
200 3 266.5712 993.9141368876018 4168.512 0.413 653.1205736434108 129
210 6.9 924.6388985507245 1307.9162540544412 4168.512 0.413 580.1867295597483 159
220 4.9 1572.4022448979597 682.3471566907718 4168.512 0.413 684.4288333333333 228
230 0.4 895.652 558.7781566028688 4168.512 0.413 841.5071624548737 277
240 0 0 0 4168.512 0.413 842.2779074733096 281
250 0.2 0.538 0.05200000000000002 4168.512 0.413 842.2779074733096 281
260 9.7 119.00918556701032 516.3567032843947 4168.512 0.393 836.3292155477031 283
270 13.6 361.1576323529413 708.3677203624211 4168.512 0.392 653.2238394736842 380
280 3.2 908.33025 735.1907169017013 4168.512 0.392 576.2451492248061 516
290 0 0 0 4168.512 0.392 595.6369799270072 548
300 0 0 0 4168.512 0.392 595.6369799270072 548
310 0 0 0 4168.512 0.392 595.6369799270072 548
320 12.8 58.7471015625 289.8333940597069 4168.512 0.386 595.6369799270072 548
330 31.6 158.32028797468348 445.9532772415201 4168.512 0.383 493.97735798816564 676
340 9.5 360.4001473684212 635.474407863638 4168.512 0.383 387.05433971774187 992
350 1.2 1054.2764166666666 502.476967139201 4168.512 0.383 384.72485648574053 1087
360 0 0 0 4168.512 0.383 392.0357015468607 1099
370 0 0 0 4168.512 0.383 392.0357015468607 1099
380 0 0 0 4168.512 0.383 392.0357015468607 1099
382 0 0 0 4168.512 0.383 392.0357015468607 1099
