10 0.3 14.765333333333333 6.321851117794184 23.699 9.997 0 0
20 0.6 9.934166666666668 0.2982987410112373 23.699 9.45 14.765333333333333 3
30 0.1 10.33 0.0 23.699 9.45 11.544555555555556 9
40 0 0 0 23.699 9.45 11.423100000000002 10
50 0.2 11.1345 2.146500000000001 23.699 8.988 11.423100000000002 10
60 1.1 10.286999999999999 1.7636462745738393 23.699 8.667 11.375000000000002 12
70 0.6 11.076833333333333 4.4254635695659665 23.699 8.461 10.854652173913044 23
80 0 0 0 23.699 8.461 10.900620689655172 29
90 0.2 423.84749999999997 412.3615 836.209 8.461 10.900620689655172 29
100 2.3 26.086086956521736 44.762748767360456 836.209 7.118 37.54235483870967 31
110 0.6 12.136833333333335 3.684076927203823 836.209 7.118 32.662833333333325 54
120 0 0 0 836.209 7.118 30.610233333333323 60
130 0 0 0 836.209 7.118 30.610233333333323 60
140 0 0 0 836.209 7.118 30.610233333333323 60
150 0.1 2229.224 0.0 2229.224 7.118 30.610233333333323 60
160 4.6 559.093847826087 397.18274616297714 2229.224 7.118 66.65308196721311 61
170 2.1 12.82519047619048 6.806292506056769 2229.224 7.118 278.3565887850467 107
180 0.1 9.843 0.0 2229.224 7.118 234.79284375 128
190 0 0 0 2229.224 7.118 233.04904651162792 129
200 0.7 1.0661428571428573 0.7747855792911682 2229.224 0.626 233.04904651162792 129
210 4.3 325.0332790697674 913.4576606489728 3793.269 0.475 221.10875000000001 136
220 6.4 1292.8641249999998 1006.739663620648 3793.269 0.475 246.07386033519552 179
230 3.8 283.55044736842115 516.1491185903699 3793.269 0.475 521.77170781893 243
240 0 0 0 3793.269 0.475 489.55673309608545 281
250 0 0 0 3793.269 0.475 489.55673309608545 281
260 2.6 1.5284230769230769 1.8748643883897498 3793.269 0.386 489.55673309608545 281
270 15.4 71.53757142857138 387.0509663070135 3793.269 0.386 448.225345276873 307
280 6.6 188.48619696969692 547.7307628990786 3793.269 0.386 322.39038394793926 461
290 2.1 2.2949047619047622 3.9579692953976613 3793.269 0.386 305.6205996204934 527
300 0 0 0 3793.269 0.386 293.9968047445256 548
310 0 0 0 3793.269 0.386 293.9968047445256 548
320 3.9 1.3767179487179486 1.9967359769064903 3793.269 0.373 293.9968047445256 548
330 26.1 1.3834712643678158 2.0442905382381005 3793.269 0.372 274.5552657580921 587
340 20 29.616100000000003 228.77877372114312 3793.269 0.372 190.4776261792454 848
350 4.9 66.55448979591836 347.07563173417753 3793.269 0.372 159.77886164122145 1048
360 0.2 6.646999999999999 5.995 3793.269 0.372 155.61478304466738 1097
370 0 0 0 3793.269 0.372 155.34368607825306 1099
380 0 0 0 3793.269 0.372 155.34368607825306 1099
382 0 0 0 3793.269 0.372 155.34368607825306 1099
