10 0.2 12.4295 0.2435000000000005 12.673 12.186 0 0
20 0.5 8.3948 0.3304078691556845 12.673 7.93 12.4295 2
30 0 0 0 12.673 7.93 9.547571428571429 7
40 0 0 0 12.673 7.93 9.547571428571429 7
50 0.5 12.902800000000003 6.00227621490381 24.626 7.93 9.547571428571429 7
60 1.2 9.391 2.0088138705879817 24.626 7.259 10.945583333333333 12
70 0.4 12.313 4.5396459113018945 24.626 7.259 10.168291666666667 24
80 0 0 0 24.626 7.259 10.474678571428571 28
90 0.3 63.671666666666674 69.4235136407127 161.601 7.259 10.474678571428571 28
100 1.9 49.59005263157896 56.35321465586378 224.629 7.259 15.622774193548388 31
110 1.1 19.18172727272727 15.03076990159555 224.629 7.087 28.530340000000006 50
120 0.1 7.557 0.0 224.629 7.087 26.84452459016394 61
130 0 0 0 224.629 7.087 26.533435483870974 62
140 0.4 878.36475 899.8571139023613 2263.298 7.087 26.533435483870974 62
150 0.5 2027.9225999999999 98.90987545154434 2263.298 7.087 78.15957575757577 66
160 4 709.8328999999999 554.695184826757 2528.311 7.087 215.4668309859155 71
170 1.9 13.21742105263158 6.4530922764189445 2528.311 7.087 393.6167657657657 111
180 0 0 0 2528.311 7.087 338.01993846153846 130
190 0 0 0 2528.311 7.087 338.01993846153846 130
200 0.4 1.7814999999999999 2.162009308490599 2528.311 0.444 338.01993846153846 130
210 2.6 812.2247692307694 1155.372880329427 3712.507 0.444 327.9829701492537 134
220 6.9 1316.1544927536231 615.7863241197523 3712.507 0.444 406.6722625 160
230 2.4 229.27241666666671 285.4207582829714 3712.507 0.444 680.7083930131004 229
240 0 0 0 3712.507 0.444 637.8844268774703 253
250 0 0 0 3712.507 0.444 637.8844268774703 253
260 3.4 53.860029411764714 306.0176610891913 3712.507 0.419 637.8844268774703 253
270 12.6 455.9201507936507 705.0848406866568 3712.507 0.404 568.6968675958187 287
280 9.6 799.7930520833335 701.2756854200508 3712.507 0.404 534.290411622276 413
290 1.5 7.545800000000001 3.908033984840289 3712.507 0.404 584.3655658153241 509
300 0.1 3.001 0.0 3712.507 0.404 567.8535496183205 524
310 0 0 0 3712.507 0.404 566.7776399999999 525
320 3.7 1.6473513513513507 3.147530625540344 3712.507 0.404 566.7776399999999 525
330 27.9 121.18232974910403 396.87593932514653 3712.507 0.375 529.5715533807828 562
340 18.2 405.212087912088 625.7042209575736 3712.507 0.375 394.08927824019025 841
350 6.1 794.7755245901636 595.3748115395247 3712.507 0.375 396.0681163245357 1023
360 0.1 3.759 0.0 3712.507 0.375 418.5046033210332 1084
370 0 0 0 3712.507 0.375 418.12234930875576 1085
380 0 0 0 3712.507 0.375 418.12234930875576 1085
382 0 0 0 3712.507 0.375 418.12234930875576 1085
