10 0.2 90.66 57.446 148.106 33.214 0 0
20 0.2 20.4925 0.06650000000000134 148.106 20.426 90.66 2
30 0.4 24.084250000000004 4.913439242272159 148.106 20.288 55.57625 4
40 0 0 0 148.106 20.288 39.83025000000001 8
50 0.2 34.504000000000005 12.037999999999998 148.106 20.288 39.83025000000001 8
60 0.6 25.313 7.6464515517547955 148.106 20.288 38.76500000000001 10
70 0.4 24.536250000000003 3.5715240706874702 148.106 20.288 33.7205 16
80 0 0 0 148.106 20.288 31.88365 20
90 0.1 1028.01 0.0 1028.01 20.288 31.88365 20
100 0.8 52.690000000000005 37.433566608059145 1028.01 19.261 79.3182380952381 21
110 1 30.4283 21.336068325959218 1028.01 19.261 71.97251724137932 29
120 0.2 24.6325 7.0945 1028.01 17.538 61.32015384615386 39
130 0 0 0 1028.01 17.538 59.53051219512196 41
140 0 0 0 1028.01 17.538 59.53051219512196 41
150 0.4 4044.0975 1508.7710955513598 5736.399 17.538 59.53051219512196 41
160 2.6 1725.1315000000006 1003.5565354461278 5736.399 17.538 413.71424444444443 45
170 1.8 33.39255555555556 22.326526821554225 5736.399 17.538 893.9515492957748 71
180 0.2 20.863500000000002 0.5874999999999995 5736.399 17.538 719.9059101123597 89
190 0 0 0 5736.399 17.538 704.5423406593409 91
200 0 0 0 5736.399 17.538 704.5423406593409 91
210 2 1688.0524 1836.9964434507597 5736.399 0.494 704.5423406593409 91
220 5.2 2049.485307692308 740.9332801945317 5736.399 0.494 881.7513603603604 111
230 4 519.3707999999999 595.8021769656939 5736.399 0.494 1254.2799815950923 163
240 0.1 20.787 0.0 5736.399 0.494 1109.4702906403943 203
250 0 0 0 5736.399 0.494 1104.1336078431375 204
260 1.4 221.79514285714282 795.7275155653704 5736.399 0.48 1104.1336078431375 204
270 6.9 954.8538550724642 1121.6320588957044 5736.399 0.37 1047.469669724771 218
280 8.2 1444.9076951219513 804.6826085936402 5736.399 0.37 1025.2031498257843 287
290 2.5 13.968000000000002 7.529779019333834 5736.399 0.37 1118.4708265582658 369
300 0.7 13.536714285714284 5.36536021195983 5736.399 0.37 1048.3881598984774 394
310 0 0 0 5736.399 0.37 1030.3234214463844 401
320 0.4 3.6740000000000004 2.5446330776754436 5736.399 0.37 1030.3234214463844 401
330 10.9 180.73715596330274 573.1811404370353 5736.399 0.37 1020.1836740740745 405
340 16.8 695.4026607142862 880.0201934606985 5736.399 0.37 842.168750972763 514
350 7.7 1227.9359870129863 756.8214006809757 5736.399 0.37 806.0152272727277 682
360 0.5 10.573 1.2580190777567726 5736.399 0.37 848.818782608696 759
370 0.2 10.355 0.17199999999999926 5736.399 0.37 843.3328808900527 764
380 0 0 0 5736.399 0.37 841.1580039164494 766
382 0 0 0 5736.399 0.37 841.1580039164494 766
