20 0.4 10.5665 0.6267090632821586 11.504 9.793 0 0
30 0.3 10.147 0.6529732000626056 11.504 9.618 10.5665 4
40 0 0 0 11.504 9.618 10.386714285714286 7
50 0.3 11.278666666666666 0.8057875374784319 12.234 9.618 10.386714285714286 7
60 1.1 25.15463636363636 34.78090439587564 133.72 9.618 10.6543 10
70 0.6 11.682333333333332 1.2197827219996558 133.72 9.443 18.249714285714283 21
80 0.1 11.206 0.0 133.72 9.443 16.790296296296294 27
90 0.1 807.872 0.0 807.872 9.443 16.59085714285714 28
100 1.3 74.15784615384614 136.00678803073714 807.872 9.443 43.87641379310344 29
110 1.3 14.17576923076923 5.596527634357769 807.872 9.242 53.249238095238084 42
120 0.7 10.693 0.5706830493865596 807.872 9.242 44.0136909090909 55
130 0 0 0 807.872 9.242 40.25167741935483 62
140 0.2 1374.2710000000002 224.92900000000003 1599.2 9.242 40.25167741935483 62
150 0.3 1597.8726666666669 712.6459007400208 2156.194 9.242 81.93978125 64
160 2.8 620.5595 425.4482910223302 2156.194 9.242 149.81737313432834 67
170 3.1 17.743193548387097 22.997128463689602 2156.194 8.957 288.5624210526315 95
180 0.3 10.783333333333333 0.4326093952850416 2156.194 8.957 221.9322936507936 126
190 0.1 11.272 0.0 2156.194 8.957 217.02185271317825 129
200 0 0 0 2156.194 8.957 215.4391615384615 130
210 0.9 0.7437777777777779 0.34539245883094205 2156.194 0.506 215.4391615384615 130
220 4.8 2483.1913333333328 1033.6978116573637 4567.328 0.506 201.53802158273376 139
230 6.2 515.1970645161286 691.8289961675887 4567.328 0.506 787.2030427807485 187
240 0.4 28.450999999999993 28.763444013191464 4567.328 0.506 719.4746465863452 249
250 0 0 0 4567.328 0.506 708.5493715415017 253
260 1.1 0.7933636363636364 0.45853170262703713 4567.328 0.424 708.5493715415017 253
270 8.1 938.1958641975309 1531.1629211673069 4567.328 0.415 679.0595378787878 264
280 12.9 1857.8441240310071 1196.5628321270308 4567.328 0.415 739.90024057971 345
290 4.3 69.79918604651164 63.44506750019989 4567.328 0.415 1044.1507911392403 474
300 0.7 55.10657142857143 38.187142656199065 4567.328 0.415 963.1118762088972 517
310 0.1 89.027 0.0 4567.328 0.415 950.9820343511448 524
320 1.4 1.3990714285714285 1.8587009466785327 4567.328 0.376 949.340215238095 525
330 17.7 345.325491525424 987.4326838724553 4567.328 0.372 924.7183673469385 539
340 22.2 943.7755990990997 1304.5343126190946 4567.328 0.372 781.4885642458099 716
350 12.2 1732.130868852459 1017.0853866004544 4567.328 0.372 819.8976492537315 938
360 2.4 75.178125 25.322588498730568 4567.328 0.372 924.8905292452831 1060
370 0.1 81.716 0.0 4567.328 0.372 906.077708487085 1084
380 0 0 0 4567.328 0.372 905.3179281105993 1085
382 0 0 0 4567.328 0.372 905.3179281105993 1085
