0 2.2 1.6570909090909085 2.2031835624653144 9.479 0.608 0 0
10 2.1 0.7712857142857142 0.0857755336728997 9.479 0.573 1.6570909090909085 22
20 3.3 0.9544242424242424 0.9368670883484416 9.479 0.573 1.224488372093023 43
30 7.2 0.999222222222222 1.0639684130417675 9.479 0.573 1.107223684210526 76
40 10.4 1.0345961538461532 1.5602224540555278 14.566 0.539 1.0546824324324322 148
50 17.3 1.8479537572254336 5.588075383794623 38.783 0.539 1.046392857142857 252
60 1.9 0.9997368421052633 1.0836419024997075 38.783 0.539 1.372675294117647 425
70 0 0 0 38.783 0.539 1.356716216216216 444
80 0 0 0 38.783 0.539 1.356716216216216 444
90 0 0 0 38.783 0.539 1.356716216216216 444
100 0 0 0 38.783 0.539 1.356716216216216 444
110 0 0 0 38.783 0.539 1.356716216216216 444
120 0 0 0 38.783 0.539 1.356716216216216 444
130 0 0 0 38.783 0.539 1.356716216216216 444
140 0 0 0 38.783 0.539 1.356716216216216 444
150 0 0 0 38.783 0.539 1.356716216216216 444
160 0 0 0 38.783 0.539 1.356716216216216 444
170 0 0 0 38.783 0.539 1.356716216216216 444
180 0 0 0 38.783 0.539 1.356716216216216 444
190 0 0 0 38.783 0.539 1.356716216216216 444
200 0 0 0 38.783 0.539 1.356716216216216 444
201 0 0 0 38.783 0.539 1.356716216216216 444
