0 6.1 73.27939344262296 189.24629436875168 1475.402 5.158 0 0
10 13.9 185.30529496402877 433.6730689352674 1963.778 5.158 73.27939344262296 61
20 18.2 658.2806373626373 1694.1473505030795 8968.002 5.158 151.13739500000003 200
30 24.9 767.1297028112452 1330.37969298345 11821.679 5.158 392.76061518324605 382
40 17.6 3695.5281022727268 3206.2205664062562 20820.313 5.158 540.4910475435817 631
50 42 2970.631402380954 4921.02638652401 29051.781 0.358 1228.5784349442379 807
60 27.9 7220.571204301076 5919.157720836618 35894.439 0.358 1824.8801841890795 1227
70 23.2 8659.084900862068 9139.555236869157 40927.729 0.358 2824.480313413015 1506
80 28.1 5836.3209750889755 6217.235123097762 45772.37 0.358 3603.3228130034527 1738
90 3.5 16069.038800000004 19805.511920212604 49255.012 0.358 3914.106608717188 2019
100 2.2 28652.8464090909 16223.508087496388 49655.55 0.358 4121.225706426487 2054
110 3 32982.806100000016 7744.806302340691 49655.55 0.358 4381.194711946051 2076
120 6.2 39833.2663064516 3217.8671336426796 49655.55 0.358 4788.625073599242 2106
130 2.9 36040.77955172415 7688.397020063005 49655.55 0.358 5790.824223247234 2168
140 3.7 60179.412837837845 142.4700710934756 60500.335 0.358 6190.118126081022 2197
150 1.6 60140.979 57.393144488256745 60500.335 0.358 7084.300715308866 2234
160 0.8 60244.538875 108.67074961832738 60500.335 0.358 7461.59264977778 2250
170 2.4 61459.751666666656 4828.839041305479 84515.579 0.358 7648.600430912315 2258
180 5.3 63785.99039622643 10963.711560591859 98441.955 0.358 8214.537166082386 2282
190 3.6 61639.046944444446 6246.861306989088 98441.955 0.358 9475.902057387582 2335
200 0.3 60370.51666666666 276.59948011801407 98441.955 0.358 10267.919440742306 2371
201 0 0 0 98441.955 0.358 10331.23359056445 2374
