0 18.64140625 18.64140625
10 52.3515625 70.99296875
20 67.38125 138.37421875
30 97.27109375 235.6453125
40 78.6203125 314.265625
50 85.278125 399.54375
60 88.159375 487.703125
70 104.8375 592.540625
80 107.10546875 699.64609375
90 24.64375 724.28984375
100 9.83359375 734.1234375
110 11.17734375 745.30078125
120 23.975 769.27578125
130 15.16171875 784.4375
140 1.03984375 785.47734375
150 0 785.47734375
160 0 785.47734375
170 0 785.47734375
180 0 785.47734375
190 0 785.47734375
200 0 785.47734375
201 0 785.47734375
