0 2.1 45.36852380952381 12.983096833663772 84.281 33.537 0 0
10 2.2 68.53545454545457 25.30474808972217 116.077 33.449 45.36852380952381 21
20 3.1 418.7862903225806 171.64304664213208 783.019 33.449 57.22137209302327 43
30 6.5 1059.8489999999997 412.0646487904539 2134.258 33.449 208.68775675675673 74
40 5.7 3442.914157894738 1094.2459874408075 5154.232 33.449 606.712798561151 139
50 16.5 2603.2588424242417 3423.7751964088357 9616.304 0.988 1431.5264591836738 196
60 8.3 7547.422036144578 2772.583818049096 10153.124 0.988 1967.0828116343487 361
70 0 0 0 10153.124 0.988 3010.254333333333 444
80 0 0 0 10153.124 0.988 3010.254333333333 444
90 0 0 0 10153.124 0.988 3010.254333333333 444
100 0 0 0 10153.124 0.988 3010.254333333333 444
110 0 0 0 10153.124 0.988 3010.254333333333 444
120 0 0 0 10153.124 0.988 3010.254333333333 444
130 0 0 0 10153.124 0.988 3010.254333333333 444
140 0 0 0 10153.124 0.988 3010.254333333333 444
150 0 0 0 10153.124 0.988 3010.254333333333 444
160 0 0 0 10153.124 0.988 3010.254333333333 444
170 0 0 0 10153.124 0.988 3010.254333333333 444
180 0 0 0 10153.124 0.988 3010.254333333333 444
190 0 0 0 10153.124 0.988 3010.254333333333 444
200 0 0 0 10153.124 0.988 3010.254333333333 444
201 0 0 0 10153.124 0.988 3010.254333333333 444
