0 0.8 41.3515 9.91000687436694 66.174 33.114 0 0
10 1.9 84.92373684210527 47.382330398402516 224.373 33.114 41.3515 8
20 2.7 422.2364444444445 137.843292428686 725.573 33.114 72.01344444444446 27
30 3.6 973.9340833333333 411.0380465721563 1775.934 33.114 247.1249444444445 54
40 2.1 3486.1490952380955 982.2098953586101 4744.243 33.114 537.8486 90
50 3 3100.5887999999995 3220.958783058065 8373.554 0.434 1095.6351801801802 111
60 0.7 5016.879714285713 4430.991644003557 9939.086 0.434 1522.2210567375887 141
70 3.8 7302.392552631578 652.2000083928364 9939.086 0.434 1687.508966216216 148
80 10.8 5546.5342685185215 1141.462929760442 9939.086 0.434 2834.635720430107 186
90 0.3 9150.428666666667 2388.244029839265 11610.557 0.434 3830.843350340137 294
100 0 0 0 11610.557 0.434 3884.5765353535367 297
110 0.2 28254.923499999997 2447.9605 30702.884 0.434 3884.5765353535367 297
120 0 0 0 30702.884 0.434 4047.5888896321085 299
130 0 0 0 30702.884 0.434 4047.5888896321085 299
140 0 0 0 30702.884 0.434 4047.5888896321085 299
150 0 0 0 30702.884 0.434 4047.5888896321085 299
160 0 0 0 30702.884 0.434 4047.5888896321085 299
170 0 0 0 30702.884 0.434 4047.5888896321085 299
180 0 0 0 30702.884 0.434 4047.5888896321085 299
190 0 0 0 30702.884 0.434 4047.5888896321085 299
200 0 0 0 30702.884 0.434 4047.5888896321085 299
201 0 0 0 30702.884 0.434 4047.5888896321085 299
