0 0.1 0.10483366378762118 0 0.10483366378762118 0.10483366378762118 0 0
10 0.1 0.005205676269404158 0.0 0.10483366378762118 0.005205676269404158 0.10483366378762118 1
20 0.1 0.022903067970059445 0.0 0.10483366378762118 0.005205676269404158 0.05501967002851267 2
30 0.1 0.004164931278633903 0.0 0.10483366378762118 0.004164931278633903 0.04431413600902826 3
40 0.1 0.001040875167841121 0.0 0.10483366378762118 0.001040875167841121 0.034276834826429674 4
50 0.1 0.005204917606154294 0.0 0.10483366378762118 0.001040875167841121 0.027629642894711964 5
60 0.1 0.0 0.0 0.10483366378762118 0.0 0.023892188679952353 6
70 0.1 0.018739654149271756 0.0 0.10483366378762118 0.0 0.02047901886853059 7
80 0.1 0.021864523249276388 0.0 0.10483366378762118 0.0 0.020261598278623234 8
90 0.1 0.019780540112853188 0.0 0.10483366378762118 0.0 0.020439701053140254 9
100 0.1 0.0010409726848767489 0.0 0.10483366378762118 0.0 0.020373784959111546 10
110 0.1 0.006247006642650396 0.0 0.10483366378762118 0.0 0.018616256570544745 11
120 0.1 0.06247331868681084 0.0 0.10483366378762118 0.0 0.017585485743220216 12
130 0.1 0.04164931278633903 0.0 0.10483366378762118 0.0 0.02103839596965026 13
140 0.1 0.008329689094354553 0.0 0.10483366378762118 0.0 0.022510604313699462 14
150 0.1 0.003123243175713661 0.0 0.10483366378762118 0.0 0.021565209965743133 15
160 0.1 0.04582330948438362 0.0 0.10483366378762118 0.0 0.02041258704136629 16
170 0.1 0.15727200766570845 0.0 0.15727200766570845 0.0 0.02190733542036731 17
180 0.1 0.06559971677582599 0.0 0.15727200766570845 0.0 0.029427594989552927 18
190 0.1 0.010410702201863516 0.0 0.15727200766570845 0.0 0.03133139087304099 19
200 0.1 0.003123210660559055 0.0 0.15727200766570845 0.0 0.03028535643948211 20
210 0.1 0.1927585308674134 0.0 0.1927585308674134 0.0 0.02899192092620006 21
220 0.1 0.40118793310060963 0.0 0.40118793310060963 0.0 0.03643585774170976 22
230 0.1 0.18330278286952173 0.0 0.40118793310060963 0.0 0.05229464362687932 23
240 0.1 0.02915360827962475 0.0 0.40118793310060963 0.0 0.057753316095322756 24
250 0.1 0.007288174416425462 0.0 0.40118793310060963 0.0 0.056609327782694834 25
260 0.1 0.10728831390685709 0.0 0.40118793310060963 0.0 0.054712360345530626 26
270 0.1 0.5540021701026626 0.0 0.5540021701026626 0.0 0.05665961788483901 27
280 0.1 0.5466362052598087 0.0 0.5540021701026626 0.0 0.07442185189261842 28
290 0.1 0.23846466245274964 0.0 0.5540021701026626 0.0 0.09070510545700429 29
300 0.1 0.05100819254031209 0.0 0.5540021701026626 0.0 0.09563042402352913 30
310 0.1 0.00624687656171914 0.0 0.5540021701026626 0.0 0.09419099720148988 31
320 0.1 0.4872094478988441 0.0 0.5540021701026626 0.0 0.09144274343149704 32
330 0.1 1.3414965417807216 0.0 1.3414965417807216 0.0 0.1034356738699015 33
340 0.1 0.8471570161711007 0.0 1.3414965417807216 0.0 0.13984922880845502 34
350 0.1 0.19056346388145495 0.0 1.3414965417807216 0.0 0.16005802273310205 35
360 0.1 0.017700957934194086 0.0 1.3414965417807216 0.0 0.1609053960983341 36
370 0.1 0.011451414770242977 0.0 1.3414965417807216 0.0 0.15703500587768165 37
380 0.1 0.0010410485440936112 0.0 1.3414965417807216 0.0 0.15320385874327536 38
390 0.1 0.26797072133130356 0.0 1.3414965417807216 0.0 0.14930224822534763 39
400 0.1 2.5179404565140073 0.0 2.5179404565140073 0.0 0.15226896005299653 40
410 0.1 3.068684565583458 0.0 3.068684565583458 0.0 0.2099682648447285 41
420 0.1 1.0149583794045856 0.0 3.068684565583458 0.0 0.2780329386718411 42
430 0.1 0.16556981006331223 0.0 3.068684565583458 0.0 0.2951707396191142 43
440 0.1 0.020824222735886383 0.0 3.068684565583458 0.0 0.29222526394739146 44
450 0.1 0.0052051885319286265 0.0 3.068684565583458 0.0 0.2861941296982469 45
460 0.1 0.005205676269404158 0.0 3.068684565583458 0.0 0.28008567445550087 46
470 0.1 2.0223779148802676 0.0 3.068684565583458 0.0 0.27423716385579666 47
480 0.1 4.21572231266082 0.0 4.21572231266082 0.0 0.31065676283547317 48
490 0.1 5.335910563159545 0.0 5.335910563159545 0.0 0.3903519781380313 49
500 0.1 4.1412147981079475 0.0 5.335910563159545 0.0 0.48926314983846153 50
510 0.1 0.4948638343091701 0.0 5.335910563159545 0.0 0.5608700449025691 51
520 0.1 0.06454568168568335 0.0 5.335910563159545 0.0 0.5596006946988499 52
526 0.1 0.007288098535092194 0.0 5.335910563159545 0.0 0.5502600340759599 53
