0 0 0
10 0.8 8
20 1.5 23
30 0.6 29
40 0 29
50 0.1 30
60 0.1 31
70 1.1 42
80 3.3 75
90 0.9 84
100 0.1 85
110 1.4 99
120 5.9 158
130 3.6 194
140 1.1 205
150 0.1 206
160 6.4 270
170 10 370
180 3.6 406
190 0.4 410
200 0.9 419
210 13.8 557
220 24.8 805
230 6.5 870
240 1.9 889
250 0.2 891
260 9.1 982
270 44.9 1431
280 30.4 1735
290 8.3 1818
300 0.9 1827
310 1.7 1844
320 50.1 2345
330 87.9 3224
340 32.5 3549
350 5.9 3608
360 0.4 3612
370 0 3612
380 0 3612
390 36.5 3977
400 165 5627
410 130 6927
420 27.6 7203
430 4.1 7244
440 0.5 7249
450 0 7249
460 6.6 7315
470 49.7 7812
480 154.6 9358
490 407.9 13437
500 98.4 14421
510 8.5 14506
520 0.4 14510
526 0 14510
