0 0.1 0.0 0 0.0 0.0 0 0
10 0.1 0.0 0.0 0.0 0.0 0.0 1
20 0.1 0.0 0.0 0.0 0.0 0.0 2
30 0.1 0.0 0.0 0.0 0.0 0.0 3
40 0.1 0.0 0.0 0.0 0.0 0.0 4
50 0.1 0.0 0.0 0.0 0.0 0.0 5
60 0.1 0.0 0.0 0.0 0.0 0.0 6
70 0.1 0.0 0.0 0.0 0.0 0.0 7
80 0.1 0.0 0.0 0.0 0.0 0.0 8
90 0.1 0.0 0.0 0.0 0.0 0.0 9
100 0.1 0.0 0.0 0.0 0.0 0.0 10
110 0.1 0.0 0.0 0.0 0.0 0.0 11
120 0.1 0.0 0.0 0.0 0.0 0.0 12
130 0.1 0.0 0.0 0.0 0.0 0.0 13
140 0.1 0.0 0.0 0.0 0.0 0.0 14
150 0.1 0.0 0.0 0.0 0.0 0.0 15
160 0.1 0.0 0.0 0.0 0.0 0.0 16
170 0.1 0.0 0.0 0.0 0.0 0.0 17
180 0.1 0.0 0.0 0.0 0.0 0.0 18
190 0.1 0.0 0.0 0.0 0.0 0.0 19
200 0.1 0.0 0.0 0.0 0.0 0.0 20
210 0.1 0.0 0.0 0.0 0.0 0.0 21
220 0.1 0.0703125 0.0 0.0703125 0.0 0.0 22
230 0.1 0.05859375 0.0 0.0703125 0.0 0.0030570652173913045 23
240 0.1 0.12890625 0.0 0.12890625 0.0 0.00537109375 24
250 0.1 0.109375 0.0 0.12890625 0.0 0.0103125 25
260 0.1 0.08984375 0.0 0.12890625 0.0 0.014122596153846154 26
270 0.1 0.16015625 0.0 0.16015625 0.0 0.016927083333333332 27
280 0.1 0.37109375 0.0 0.37109375 0.0 0.022042410714285716 28
290 0.1 0.30859375 0.0 0.37109375 0.0 0.034078663793103446 29
300 0.1 0.26171875 0.0 0.37109375 0.0 0.043229166666666666 30
310 0.1 0.21875 0.0 0.37109375 0.0 0.050277217741935484 31
320 0.1 0.19140625 0.0 0.37109375 0.0 0.0555419921875 32
330 0.1 0.62890625 0.0 0.62890625 0.0 0.05965909090909091 33
340 0.1 0.53125 0.0 0.62890625 0.0 0.0764016544117647 34
350 0.1 0.53125 0.0 0.62890625 0.0 0.08939732142857143 35
360 0.1 0.44921875 0.0 0.62890625 0.0 0.10167100694444445 36
370 0.1 0.37890625 0.0 0.62890625 0.0 0.11106418918918919 37
380 0.1 0.3203125 0.0 0.62890625 0.0 0.11811266447368421 38
390 0.1 0.26953125 0.0 0.62890625 0.0 0.12329727564102565 39
400 0.1 0.37890625 0.0 0.62890625 0.0 0.126953125 40
410 0.1 1.1015625 0.0 1.1015625 0.0 0.1330983231707317 41
420 0.1 1.078125 0.0 1.1015625 0.0 0.15615699404761904 42
430 0.1 0.921875 0.0 1.1015625 0.0 0.17759811046511628 43
440 0.1 0.76953125 0.0 1.1015625 0.0 0.19451349431818182 44
450 0.1 0.6484375 0.0 1.1015625 0.0 0.20729166666666668 45
460 0.1 0.55078125 0.0 1.1015625 0.0 0.21688179347826086 46
470 0.1 0.62890625 0.0 1.1015625 0.0 0.22398603723404256 47
480 0.1 1.05859375 0.0 1.1015625 0.0 0.232421875 48
490 0.1 1.44921875 0.0 1.44921875 0.0 0.24928252551020408 49
500 0.1 1.76171875 0.0 1.76171875 0.0 0.27328125 50
510 0.1 1.48828125 0.0 1.76171875 0.0 0.3024662990196078 51
520 0.1 1.26171875 0.0 1.76171875 0.0 0.3252704326923077 52
526 0.1 1.05859375 0.0 1.76171875 0.0 0.34293926886792453 53
