0 4.4 67.7888636363636 41.76051331025458 168.722 7.024 0 0
10 14.7 60.75059183673469 51.061058888881384 245.433 4.548 67.7888636363636 44
20 5.9 45.08871186440677 36.02998516963 245.433 4.548 62.37197382198952 191
30 1.1 32.51618181818181 21.54046685498201 245.433 4.548 58.293124 250
40 0.1 23.178 0.0 245.433 4.548 57.20673946360153 261
50 0.1 56.46 0.0 245.433 4.548 57.07685877862595 262
60 8.7 40.901517241379324 44.28005187826294 245.433 4.548 57.07451330798478 263
70 23.9 36.65390376569036 43.77048388011635 245.433 4.548 53.05436857142857 350
80 13.6 34.94791176470587 33.6078901267489 245.433 4.548 46.39951103565364 589
90 1.9 58.902105263157885 34.65268776678952 245.433 4.548 44.25134896551723 725
100 4.9 30.90042857142856 40.73483415446584 245.433 4.548 44.62549462365591 744
110 42.3 35.54493853427896 43.78620406386541 245.433 4.484 43.77741361916771 793
120 45.5 32.671545054945035 39.059251714467386 245.433 4.238 40.913649671052625 1216
130 9.6 28.34986458333333 30.595852907508764 245.433 4.238 38.66939018551764 1671
140 1.7 47.78194117647058 31.605142397048557 245.433 4.238 38.10873684210525 1767
150 39.1 35.82626854219952 46.97219047464905 245.433 4.204 38.20091423766815 1784
160 90.9 33.09986688668867 41.51068726919541 245.433 4.204 37.774023908045976 2175
170 41.6 30.60850721153848 32.47626489586643 245.433 3.898 36.39632976653696 3084
180 7.1 26.547295774647896 21.942341125491758 245.433 3.898 35.70840571428571 3500
190 0.7 33.54271428571428 19.025349778757857 245.433 3.898 35.526260991318956 3571
200 91 35.073218681318636 48.2164826173876 245.433 3.898 35.522380380100614 3578
210 207.6 33.98266281310209 43.055894026676626 258.733 3.872 35.431307040998206 4488
220 98.1 28.165221202854273 32.02631691494661 258.733 3.665 34.973143510054825 6564
230 16.3 26.750159509202465 25.0197206381069 258.733 3.665 34.08797826375082 7545
240 2.7 40.69166666666667 57.57983647012142 312.816 3.665 33.93280643487285 7708
250 39.2 31.214798469387762 46.19959549322316 312.816 3.665 33.95639909502261 7735
260 320.7 35.45292828188316 47.631448657272294 372.825 3.515 33.82415996062507 8127
270 334.6 33.00535176329946 41.165465657326266 372.825 3.515 34.285026380801064 11334
280 103 27.961370873786382 28.488284165929745 372.825 3.515 33.99335122615799 14680
290 16 31.482925000000005 20.632760780052557 372.825 3.515 33.59787447485674 15710
300 1 23.7961 12.945244087694908 372.825 3.515 33.576551732829195 15870
310 302.6 36.4727547918043 50.44123296567832 372.825 3.515 33.57039275818636 15880
320 757.9 42.30186554954475 55.59018267243138 621.577 3.122 34.0349303395747 18906
330 409.4 34.25112994626293 41.74881898610379 621.577 3.122 36.400612875212346 26485
340 74.6 29.289427613941033 27.409122568920573 621.577 3.122 36.1128342326433 30579
350 8.4 34.72121428571431 26.132179220934365 621.577 3.122 35.95033586592177 31325
360 0.6 46.9375 23.489342851244974 621.577 3.122 35.94704871215255 31409
370 0 0 0 621.577 3.122 35.94914779563901 31415
380 170.2 31.733303172737926 49.98233663210819 621.577 3.122 35.94914779563901 31415
390 1262 54.798370998415265 75.89023916345216 999.33 3.122 35.73248059908806 33117
400 1292.7 62.82921420283151 88.58021082629979 1395.992 3.122 40.99324402562476 45737
410 381.8 39.31542744892613 51.60404677996915 1395.992 3.122 45.80494432701491 58664
420 50.2 32.683436254980116 35.32713922253436 1395.992 3.122 45.408398514772294 62482
430 5.8 36.29412068965518 20.06671740768571 1395.992 3.122 45.30697702591139 62984
440 0.5 15.7934 3.8120103147814275 1395.992 3.122 45.2986850036484 63042
450 0 0 0 1395.992 3.122 45.29634506003462 63047
460 1225 77.27074759183701 123.41915171102374 1450.066 3.122 45.29634506003462 63047
470 1917.6 1078.943210836464 1112.959658129725 8491.642 0.328 50.49823133723795 75297
480 1698.6 1685.9513929706914 1533.6180402060793 11738.961 0.307 259.2505830872317 94473
490 1255 1163.7868882868418 1472.0332597575853 11738.961 0.307 476.675285952684 111459
500 170.6 44.29500879249706 63.71089047486424 11738.961 0.307 546.2125825141729 124009
510 12.6 32.5401984126984 22.181693219044554 11738.961 0.307 539.4013715944801 125715
520 0.6 43.67883333333333 25.87686884340702 11738.961 0.307 538.8938700026229 125841
526 0 0 0 11738.961 0.307 538.8702596645138 125847
