10 0.1 333 0 333 333 0 0
20 0.1 906.0 0.0 906 333 333.0 1
30 0.1 502.0 0.0 906 333 619.5 2
40 0.1 38.0 0.0 906 38 580.3333333333334 3
50 0.1 48.0 0.0 906 38 444.75 4
60 0.1 6.0 0.0 906 6 365.4 5
70 0.1 716.0 0.0 906 6 305.5 6
80 0.1 1278.0 0.0 1278 6 364.14285714285717 7
90 0.1 1206.0 0.0 1278 6 478.375 8
100 0.1 73.0 0.0 1278 6 559.2222222222222 9
110 0.1 433.0 0.0 1278 6 510.6 10
120 0.1 2932.0 0.0 2932 6 503.54545454545456 11
130 0.1 2999.0 0.0 2999 6 705.9166666666666 12
140 0.1 538.0 0.0 2999 6 882.3076923076923 13
150 0.1 112.0 0.0 2999 6 857.7142857142857 14
160 0.1 2591.0 0.0 2999 6 808.0 15
170 0.1 7276.0 0.0 7276 6 919.4375 16
180 0.1 2766.0 0.0 7276 6 1293.3529411764705 17
190 0.1 504.0 0.0 7276 6 1375.1666666666667 18
200 0.1 18.0 0.0 7276 6 1329.3157894736842 19
210 0.1 6046.0 0.0 7276 6 1263.75 20
220 0.1 15417.0 0.0 15417 6 1491.4761904761904 21
230 0.1 7489.0 0.0 15417 6 2124.4545454545455 22
240 0.1 998.0 0.0 15417 6 2357.695652173913 23
250 0.1 211.0 0.0 15417 6 2301.0416666666665 24
260 0.1 3451.0 0.0 15417 6 2217.44 25
270 0.1 23919.0 0.0 23919 6 2264.8846153846152 26
280 0.1 25946.0 0.0 25946 6 3066.8888888888887 27
290 0.1 8934.0 0.0 25946 6 3884.0 28
300 0.1 1116.0 0.0 25946 6 4058.137931034483 29
310 0.1 71.0 0.0 25946 6 3960.0666666666666 30
320 0.1 22885.0 0.0 25946 6 3834.6129032258063 31
330 0.1 62463.0 0.0 62463 6 4429.9375 32
340 0.1 42084.0 0.0 62463 6 6188.515151515152 33
350 0.1 6555.0 0.0 62463 6 7244.264705882353 34
360 0.1 821.0 0.0 62463 6 7224.571428571428 35
370 0.1 94.0 0.0 62463 6 7046.694444444444 36
380 0.1 12.0 0.0 62463 6 6858.783783783784 37
390 0.1 14780.0 0.0 62463 6 6678.605263157896 38
400 0.1 107475.0 0.0 107475 6 6886.333333333335 39
410 0.1 163249.0 0.0 163249 6 9401.050000000001 40
420 0.1 55025.0 0.0 163249 6 13153.439024390244 41
430 0.1 5013.0 0.0 163249 6 14150.380952380952 42
440 0.1 324.0 0.0 163249 6 13937.883720930233 43
450 0.1 21.0 0.0 163249 6 13628.477272727272 44
460 0.1 465.0 0.0 163249 6 13326.08888888889 45
470 0.1 90665.0 0.0 163249 6 13046.5 46
480 0.1 190032.0 0.0 190032 6 14697.95744680851 47
490 0.1 367115.0 0.0 367115 6 18350.75 48
500 0.1 295611.0 0.0 367115 6 25468.38775510204 49
510 0.1 21231.0 0.0 367115 6 30871.24 50
520 0.1 693.0 0.0 367115 6 30682.21568627451 51
526 0.1 12.0 0.0 367115 6 30105.5 52
