0 4.4 67.7888636363636 41.76051331025458 168.722 7.024 0 0
10 14.8 60.33843243243242 50.161035582460784 245.433 4.548 67.7888636363636 44
20 6.1 43.60426229508196 33.869717241653525 245.433 4.548 62.045822916666644 192
30 1.1 32.51618181818181 21.54046685498201 245.433 4.548 57.59943873517785 253
40 0.1 23.178 0.0 245.433 4.548 56.55430303030301 264
50 0.1 56.46 0.0 245.433 4.548 56.42835471698112 265
60 8.7 40.901517241379324 44.28005187826294 245.433 4.548 56.42847368421051 266
70 23.9 36.65390376569036 43.77048388011635 245.433 4.548 52.601716713881004 353
80 13.9 34.190273381294965 31.516564727346665 245.433 4.548 46.1633260135135 592
90 2.2 50.848499999999994 22.927505340945643 245.433 4.548 43.886644322845406 731
100 5 30.27846 39.572880357745 245.433 4.548 44.09004515272243 753
110 42.3 35.54493853427896 43.78620406386541 245.433 4.484 43.23004607721045 803
120 45.7 32.527835886214454 38.74544879798547 245.433 4.238 40.578495921696565 1226
130 10 27.20903 25.242169697335843 245.433 4.238 38.39242840166369 1683
140 2.2 36.88540909090909 23.235191075879808 245.433 4.238 37.76520471116096 1783
150 39.1 35.82626854219952 46.97219047464905 245.433 4.204 37.754481440443215 1805
160 91.2 32.990515350877246 41.37050964796857 245.433 4.204 37.4111612021858 2196
170 42.9 29.676582750582764 30.88843568125824 245.433 3.898 36.11398326898329 3108
180 7.4 25.462243243243247 19.524093434890805 245.433 3.898 35.3331959287532 3537
190 0.8 29.324749999999998 14.63386701926391 245.433 3.898 35.13091110495709 3611
200 91 35.073218681318636 48.2164826173876 245.433 3.898 35.11807626416139 3619
210 208.6 33.81913806327909 42.890422578113736 258.733 3.872 35.109063148597926 4529
220 100.5 27.48928557213933 31.387671534017965 258.733 3.665 34.70229312169315 6615
230 17.4 25.04794252873564 22.98875209892138 258.733 3.665 33.75097125984255 7620
240 3.1 35.4173870967742 48.91799088842298 286.799 3.665 33.556677315884045 7794
250 39.2 31.214798469387762 46.19959549322316 286.799 3.665 33.564048817891404 7825
260 321 35.41967476635492 47.60341152222869 372.825 3.515 33.451975538517736 8217
270 337.4 32.730437462951926 40.96030765210439 372.825 3.515 34.004729062746094 11427
280 106.2 27.11396327683613 27.806603384468524 372.825 3.515 33.714244645632014 14801
290 19.1 26.33942931937171 16.348255708033992 372.825 3.515 33.272367395826734 15863
300 1.1 21.61490909090909 6.438483763554406 372.825 3.515 33.18988382957515 16054
310 302.6 36.4727547918043 50.44123296567832 372.825 3.515 33.18195823218173 16065
320 760.1 42.179184186291046 55.48838653359444 621.577 3.122 33.70356267351104 19091
330 417.5 33.58467784431152 41.22464674008693 621.577 3.122 36.11713974224477 26692
340 80.8 27.03011509900991 25.81355927369577 621.577 3.122 35.774604723491045 30867
350 9.8 29.73546938775511 22.950289981363078 621.577 3.122 35.551540868192525 31675
360 0.8 35.171 20.174186080236296 621.577 3.122 35.5336018946904 31773
370 0 0 0 621.577 3.122 35.5335106195525 31781
380 170.2 31.733303172737926 49.98233663210819 621.577 3.122 35.5335106195525 31781
390 1262.7 54.767938702779894 75.84793599682885 999.33 3.122 35.340339366245495 33483
400 1302 62.37981797235051 88.25255638045344 1395.992 3.122 40.660493276946426 46110
410 398.1 37.7012635016327 50.55269060595369 1395.992 3.122 45.44293209876549 59130
420 56.6 28.970159010600682 32.8355640224259 1395.992 3.122 44.95459278097326 63111
430 7.9 26.600227848101273 11.865423236488308 1395.992 3.122 44.812513387879505 63677
440 0.5 15.7934 3.8120103147814275 1395.992 3.122 44.789946561892265 63756
450 0 0 0 1395.992 3.122 44.78767271529624 63761
460 1225 77.27074759183701 123.41915171102374 1450.066 3.122 44.78767271529624 63761
470 1918.1 1079.3800010427044 1113.5615872618203 8491.642 0.328 50.022673797213656 76011
480 1704.8 1683.9721312764032 1523.7429460411115 10901.759 0.307 257.43614230187535 95192
490 1293.4 1122.6964648987052 1428.1236892192048 10901.759 0.307 474.110995652176 112240
500 190.5 39.654376902887144 60.48275751314935 10901.759 0.307 541.1281434563095 125174
510 15.6 26.057673076923095 16.873575037334472 10901.759 0.307 533.6107131548099 127079
520 0.9 29.049555555555557 12.287031791564372 10901.759 0.307 532.988413675483 127235
526 0 0 0 10901.759 0.307 532.9527699537902 127244
