10 0.8 10457.771625000001 3512.040437490076 16377.604 5024.873 0 0
20 1.5 14665.663666666665 3263.2031190587095 22391.017 5024.873 10457.771625000001 8
30 0.6 24449.775999999998 4406.133122599716 30244.575 5024.873 13202.049043478262 23
40 0 0 0 30244.575 5024.873 15529.16496551724 29
50 0.1 48334.502 0.0 48334.502 5024.873 15529.16496551724 29
60 0.1 5019.647 0.0 48334.502 5019.647 16622.676199999998 30
70 1.1 10366.201000000001 2671.033001632548 48334.502 5019.647 16248.38493548387 31
80 3.3 16132.954818181817 4010.120645110542 48334.502 5019.647 14707.812952380951 42
90 0.9 21686.046666666673 5564.821422975901 48334.502 5019.647 15334.875373333332 75
100 0.1 33994.122 0.0 48334.502 5019.647 16015.35801190476 84
110 1.4 8251.049571428572 2376.9749788561903 48334.502 4779.839 16226.87288235294 85
120 5.9 12859.325 4179.363397060204 48334.502 4779.839 15098.978676767674 99
130 3.6 18323.462833333328 4164.260000692746 48334.502 4779.839 14262.652303797468 158
140 1.1 26246.287545454546 3166.937629072671 48334.502 4779.839 15016.204773195876 194
150 0.1 7023.818 0.0 48334.502 4779.839 15618.794580487805 205
160 6.4 10460.321453124994 3091.0984407703736 48334.502 4779.839 15577.071393203883 206
170 10 14575.035549999995 3594.0011039921196 48334.502 4779.839 14364.212148148146 270
180 3.6 21930.89397222222 4088.047203069031 48334.502 4779.839 14421.191445945944 370
190 0.4 29928.987499999996 3774.576988317334 48334.502 4779.839 15087.076399014777 406
200 0.9 5879.037222222221 1615.102687880026 48334.502 3376.706 15231.875531707316 410
210 13.8 10939.011036231883 2917.4357701514928 48334.502 3376.706 15030.979243436752 419
220 24.8 15097.789004032253 3898.6969294932596 48334.502 3376.706 14017.170244165169 557
230 6.5 22244.012061538462 4364.419116808769 48334.502 3376.706 14350.08136521739 805
240 1.9 31842.945789473684 2613.9523981783555 48334.502 3376.706 14939.857796551722 870
250 0.2 20544.862500000003 17192.0055 48334.502 3352.857 15301.11614510686 889
260 9.1 9294.414054945053 2260.062581504488 48334.502 3352.857 15312.886619528617 891
270 44.9 13044.41155011136 3653.9201575137195 48334.502 3352.857 14755.166656822808 982
280 30.4 18641.986312499994 4610.958161591249 48334.502 3352.857 14218.3888490566 1431
290 8.3 26640.598156626504 4298.239896792339 48334.502 3352.857 14993.474514121033 1735
300 0.9 35313.009444444455 2161.9157656077527 48334.502 3352.857 15525.21888283828 1818
310 1.7 5820.779294117647 1383.5917979488268 48334.502 2535.566 15622.69568363437 1827
320 50.1 10789.783674650682 3140.454518399757 48334.502 2484.667 15532.330944685464 1844
330 87.9 15486.943741751986 4178.153341270771 48334.502 2484.667 14519.104427718545 2345
340 32.5 22301.045846153855 4305.468095696541 48334.502 2484.667 14782.97873200992 3224
350 5.9 31507.602593220345 4084.9702221734933 48334.502 2484.667 15471.446416455336 3549
360 0.4 40117.34075 4485.256473244444 48334.502 2484.667 15733.67846036585 3608
370 0 0 0 48334.502 2484.667 15760.68140863787 3612
380 0 0 0 48334.502 2484.667 15760.68140863787 3612
390 36.5 8766.091915068491 2361.222718391611 48334.502 2484.667 15760.68140863787 3612
400 165 13173.573300606064 3705.984672122573 48334.502 2484.667 15118.73391928589 3977
410 130 18580.736733076938 4482.654432373712 48334.502 2484.667 14548.356272081039 5627
420 27.6 26903.273666666664 4373.37273312042 48334.502 2484.667 15305.118882055727 6927
430 4.1 36184.83958536586 4439.911254520604 50319.46 2484.667 15749.529644314873 7203
440 0.5 44479.47319999999 940.2536793020041 50319.46 2484.667 15865.190564743238 7244
450 0 0 0 50319.46 2484.667 15884.927275072427 7249
460 6.6 5904.875287878791 1577.8595508626481 50319.46 2042.207 15884.927275072427 7249
470 49.7 12019.22305633803 3647.8502470597946 50319.46 1389.602 15794.881693233085 7315
480 154.6 19584.7990097025 3760.7998438170616 50319.46 1389.602 15554.674020097287 7812
490 407.9 25626.06464599167 4037.2156932278635 50319.46 1389.602 16220.475818978422 9358
500 98.4 31718.27099593501 4204.569887273683 50319.46 1389.602 19075.68135781797 13437
510 8.5 40576.78967058824 3761.0111778629007 52169.139 1389.602 19938.33361521393 14421
520 0.4 48119.5725 1134.4491747012087 52169.139 1389.602 20059.267626292574 14506
526 0 0 0 52169.139 1389.602 20067.003065265344 14510
