0 101.56875 101.56875
10 628.47109375 730.03984375
20 446.5125 1176.55234375
30 58.7140625 1235.26640625
40 3.61875 1238.88515625
50 2.53515625 1241.4203125
60 270.54765625 1511.96796875
70 878.79453125 2390.7625
80 1073.41875 3464.18125
90 112.35625 3576.5375
100 114.1 3690.6375
110 1681.246875 5371.884375
120 2786.59140625 8158.47578125
130 465.5328125 8624.00859375
140 102.04453125 8726.053125
150 796.171875 9522.225
160 5431.8875 14954.1125
170 3336.35 18290.4625
180 507.41796875 18797.88046875
190 31.58203125 18829.4625
200 2343.36328125 21172.82578125
210 11865.521875 33038.34765625
220 7573.459375 40611.80703125
230 1113.9078125 41725.71484375
240 163.75 41889.46484375
250 652.721875 42542.18671875
260 13040.959375 55583.14609375
270 24200.21796875 79783.3640625
280 10769.79921875 90553.16328125
290 1411.42578125 91964.5890625
300 28.265625 91992.8546875
310 8286.8421875 100279.696875
320 46880.06484375 147159.76171875
330 46393.28046875 193553.0421875
340 8353.509375 201906.5515625
350 889.7703125 202796.321875
360 79.2265625 202875.5484375
370 0 202875.5484375
380 3025.05 205900.5984375
390 64699.596875 270600.1953125
400 155734.39609375 426334.59140625
410 70197.01171875 496531.603125
420 6764.0109375 503295.6140625
430 403.60859375 503699.22265625
440 13.78828125 503713.0109375
450 0 503713.0109375
460 35095.096875 538808.1078125
470 120437.2859375 659245.39375
480 340009.41953125 999254.81328125
490 339056.39921875 1338311.2125
500 37365.5203125 1375676.7328125
510 997.77265625 1376674.50546875
520 13.6359375 1376688.14140625
526 0 1376688.14140625
