10 0.1 43.079 0 43.079 43.079 0 0
20 0 0 0 43.079 43.079 43.079 1
30 0 0 0 43.079 43.079 43.079 1
40 0 0 0 43.079 43.079 43.079 1
50 0 0 0 43.079 43.079 43.079 1
60 0 0 0 43.079 43.079 43.079 1
70 0.4 9.0625 0.813543637428257 43.079 7.743 43.079 1
80 0.3 9.119 1.4248901712061888 43.079 7.137 15.865800000000002 5
90 0 0 0 43.079 7.137 13.33575 8
100 0 0 0 43.079 7.137 13.33575 8
110 0.7 9.067714285714285 0.6974004208048449 43.079 7.137 13.33575 8
120 0.8 8.68825 0.9235116065865117 43.079 7.019 11.344 15
130 0 0 0 43.079 7.019 10.420260869565217 23
140 0 0 0 43.079 7.019 10.420260869565217 23
150 0.2 7.305 0.15200000000000014 43.079 7.019 10.420260869565217 23
160 0.7 7.974571428571429 0.34344425920907984 43.079 7.019 10.17104 25
170 0.7 10.467 5.902223842393161 43.079 6.963 9.690562499999999 32
180 0 0 0 43.079 6.963 9.829923076923077 39
190 0 0 0 43.079 6.963 9.829923076923077 39
200 0.6 7.414666666666666 0.8102245916342511 43.079 5.803 9.829923076923077 39
210 3 11.321800000000005 21.042423465307728 124.535 5.566 9.507888888888889 45
220 1.7 7.843941176470587 2.4225997088832 124.535 5.566 10.233453333333337 75
230 0.1 8.398 0.0 124.535 5.566 9.791913043478264 92
240 0 0 0 124.535 5.566 9.776924731182799 93
250 0.1 6.282 0.0 124.535 5.566 9.776924731182799 93
260 3.2 7.2963125 2.4037430373989124 124.535 5.432 9.739744680851066 94
270 5.7 6.992333333333334 1.9540463670748354 124.535 5.119 9.119190476190479 126
280 0.8 6.9247499999999995 0.8372841139661016 124.535 5.119 8.456726775956286 183
290 0 0 0 124.535 5.119 8.392560209424085 191
300 0 0 0 124.535 5.119 8.392560209424085 191
310 1.5 7.769466666666665 2.850313336381731 124.535 5.119 8.392560209424085 191
320 10.3 12.24560194174758 24.34435668037575 166.957 5.119 8.34718932038835 206
330 4.8 6.826083333333332 1.0090097008398327 166.957 5.119 9.64666019417476 309
340 0 0 0 166.957 5.119 9.267422969187677 357
350 0 0 0 166.957 5.119 9.267422969187677 357
360 0 0 0 166.957 5.119 9.267422969187677 357
370 0 0 0 166.957 5.119 9.267422969187677 357
380 0.3 5.9879999999999995 0.35356847521614065 166.957 5.119 9.267422969187677 357
390 12.9 15.38717054263566 23.688795645488298 166.957 5.018 9.240094444444447 360
400 17.7 19.515372881355933 38.92479253125278 362.503 5.018 10.86171574642127 489
410 2.9 8.12944827586207 4.381625856217798 362.503 5.018 13.161561561561562 666
420 0.1 6.628 0.0 362.503 5.018 12.951588489208635 695
430 0 0 0 362.503 5.018 12.942502873563221 696
440 0 0 0 362.503 5.018 12.942502873563221 696
450 0 0 0 362.503 5.018 12.942502873563221 696
460 8.1 52.38132098765434 115.02799716127375 671.988 5.018 12.942502873563221 696
470 25.5 725.8264235294116 594.4532252840856 3138.012 0.414 17.05388545688546 777
480 32.4 752.34762654321 554.5278327668599 3221.088 0.414 192.18663468992244 1032
490 6.5 490.4402461538465 623.9033555037446 3221.088 0.414 326.03041150442476 1356
500 0.3 6.3999999999999995 0.5460811905446539 3221.088 0.414 333.55091766361716 1421
510 0 0 0 3221.088 0.414 332.8616952247191 1424
520 0 0 0 3221.088 0.414 332.8616952247191 1424
526 0 0 0 3221.088 0.414 332.8616952247191 1424
