10 0.1 14.966 0 14.966 14.966 0 0
20 0 0 0 14.966 14.966 14.966 1
30 0 0 0 14.966 14.966 14.966 1
40 0 0 0 14.966 14.966 14.966 1
50 0 0 0 14.966 14.966 14.966 1
60 0 0 0 14.966 14.966 14.966 1
70 0.3 8.703999999999999 1.0878615107938445 14.966 7.294 14.966 1
80 0.4 10.8765 1.9423020491159453 14.966 7.294 10.269499999999999 4
90 0 0 0 14.966 7.294 10.573 8
100 0 0 0 14.966 7.294 10.573 8
110 0.4 8.7455 0.6967228645595024 14.966 7.294 10.573 8
120 1 8.0162 1.4287863241226795 14.966 5.763 9.963833333333334 12
130 0.1 7.032 0.0 14.966 5.763 9.078545454545456 22
140 0 0 0 14.966 5.763 8.989565217391306 23
150 0.2 7.7035 0.4444999999999997 14.966 5.763 8.989565217391306 23
160 0.6 10.488 5.785094352442894 23.358 5.763 8.886680000000002 25
170 0.8 7.488125000000001 0.9732708304346743 23.358 5.45 9.196612903225807 31
180 0 0 0 23.358 5.45 8.846153846153848 39
190 0 0 0 23.358 5.45 8.846153846153848 39
200 0.4 14.45725 10.676719448758593 32.939 5.45 8.846153846153848 39
210 2.4 7.792375 1.2685050522990962 32.939 5.294 9.36811627906977 43
220 2.5 7.335520000000002 1.2035697277681923 32.939 5.164 8.803671641791047 67
230 0.1 6.544 0.0 32.939 5.164 8.404717391304349 92
240 0 0 0 32.939 5.164 8.384709677419355 93
250 0.1 7.442 0.0 32.939 5.164 8.384709677419355 93
260 2.3 7.5931304347826085 2.6469856737239454 32.939 5.164 8.37468085106383 94
270 5.5 7.546763636363637 2.8629323236127635 32.939 4.647 8.221042735042735 117
280 1.9 6.590315789473684 0.6695915528480247 32.939 4.647 8.005430232558139 172
290 0 0 0 32.939 4.647 7.864659685863873 191
300 0 0 0 32.939 4.647 7.864659685863873 191
310 0.9 7.147777777777778 1.7672293303849502 32.939 4.647 7.864659685863873 191
320 8.6 7.060279069767443 1.6547844351368632 32.939 4.647 7.832399999999998 200
330 6.6 7.15309090909091 2.1977453579526007 32.939 4.647 7.600223776223776 286
340 0.5 6.5292 0.38882407332880004 32.939 4.647 7.5163863636363635 352
350 0 0 0 32.939 4.647 7.5025602240896365 357
360 0 0 0 32.939 4.647 7.5025602240896365 357
370 0 0 0 32.939 4.647 7.5025602240896365 357
380 0 0 0 32.939 4.647 7.5025602240896365 357
390 9.6 9.553083333333333 13.423827713921822 135.032 4.647 7.5025602240896365 357
400 18.7 10.65455614973262 16.231723286714598 183.871 4.647 7.93710816777042 453
410 5.4 12.107685185185188 28.498404747312307 217.05 4.647 8.7311125 640
420 0.2 6.312 0.3460000000000001 217.05 4.647 8.993842939481269 694
430 0 0 0 217.05 4.647 8.986136494252875 696
440 0 0 0 217.05 4.647 8.986136494252875 696
450 0 0 0 217.05 4.647 8.986136494252875 696
460 4.6 34.86580434782608 72.08900185749242 428.239 4.647 8.986136494252875 696
470 22.7 329.7833788546254 410.2507542314871 2286.869 0.423 10.590536388140162 742
480 32.2 305.41509006211146 385.51397309057694 3238.428 0.423 85.36533023735808 969
490 12.6 238.9327301587302 352.65222811260423 3238.428 0.423 140.2499333849728 1291
500 0.7 6.632142857142858 0.4711218915893146 3238.428 0.423 149.02483274523632 1417
510 0 0 0 3238.428 0.423 148.3248686797752 1424
520 0 0 0 3238.428 0.423 148.3248686797752 1424
526 0 0 0 3238.428 0.423 148.3248686797752 1424
