10 0.6 16.083 6.68873667693185 27.225 8.128 0 0
20 0.2 32.338 18.874000000000002 51.212 8.128 16.083 6
30 0 0 0 51.212 8.128 20.146749999999997 8
40 0 0 0 51.212 8.128 20.146749999999997 8
50 0 0 0 51.212 8.128 20.146749999999997 8
60 0 0 0 51.212 8.128 20.146749999999997 8
70 0.5 10.069799999999999 0.7402254791615863 51.212 8.128 20.146749999999997 8
80 0.1 10.427 0.0 51.212 8.128 16.270999999999997 13
90 0 0 0 51.212 8.128 15.853571428571426 14
100 0 0 0 51.212 8.128 15.853571428571426 14
110 0.5 10.5198 3.1849921444173144 51.212 7.95 15.853571428571426 14
120 1.6 8.71525 1.213160206856456 51.212 6.756 14.449947368421052 19
130 0.1 9.804 0.0 51.212 6.756 11.828371428571426 35
140 0 0 0 51.212 6.756 11.772138888888886 36
150 0.3 8.506 1.0004962102210415 51.212 6.756 11.772138888888886 36
160 1.7 8.896941176470587 0.9355278139411142 51.212 6.756 11.520897435897435 39
170 1.6 8.345499999999998 1.063691919683514 51.212 6.756 10.724339285714285 56
180 0.3 9.725333333333333 0.8599012863243215 51.212 6.756 10.195708333333332 72
190 0 0 0 51.212 6.756 10.176893333333332 75
200 0.4 8.492999999999999 0.4143941360588975 51.212 6.756 10.176893333333332 75
210 4.6 8.310282608695651 2.3821437336899747 51.212 5.686 10.091632911392404 79
220 4.6 8.26658695652174 1.4488348328478806 51.212 5.686 9.436096 125
230 0.4 9.26625 1.3021095144034547 51.212 5.686 9.121491228070177 171
240 0.1 9.858 0.0 51.212 5.686 9.124800000000002 175
250 0 0 0 51.212 5.686 9.12896590909091 176
260 5.1 7.790960784313725 2.4296356699427606 51.212 5.68 9.12896590909091 176
270 10.9 8.72877064220183 11.432974074802297 126.689 5.68 8.828356828193833 227
280 2.9 7.60596551724138 0.6943162591906207 126.689 5.68 8.796050595238095 336
290 0.1 9.147 0.0 126.689 5.68 8.701495890410959 365
300 0 0 0 126.689 5.68 8.702713114754097 366
310 1.2 7.505750000000002 0.8190915826898313 126.689 5.68 8.702713114754097 366
320 18.9 10.183216931216924 10.141784331100185 129.868 5.68 8.664714285714284 378
330 15.6 9.610038461538453 8.37982493535746 129.868 5.68 9.170881834215164 567
340 2.1 7.872142857142857 1.3018287608011199 129.868 5.68 9.265637621023508 723
350 0.1 8.851 0.0 129.868 5.68 9.226305107526876 744
360 0 0 0 129.868 5.68 9.225801342281873 745
370 0 0 0 129.868 5.68 9.225801342281873 745
380 0.1 128.377 0.0 129.868 5.68 9.225801342281873 745
390 19.3 13.77817098445596 20.617498577734608 177.784 5.11 9.385521447721175 746
400 42.9 18.31040559440559 41.20921483122017 476.836 5.11 10.288376996805107 939
410 11.9 9.855193277310928 17.047519831577322 476.836 5.11 12.804057017543858 1368
420 0.7 15.991428571428575 20.995036514493087 476.836 5.11 12.56806859448554 1487
430 0 0 0 476.836 5.11 12.584108433734936 1494
440 0 0 0 476.836 5.11 12.584108433734936 1494
450 0 0 0 476.836 5.11 12.584108433734936 1494
460 8 44.69022500000001 76.55328863787874 476.836 5.11 12.584108433734936 1494
470 41.6 513.3557283653843 482.32381877826833 2281.256 0.492 14.215931385006352 1574
480 69.1 478.93352677279245 446.7835917794113 2743.156 0.492 118.55872311557782 1990
490 23 294.1359695652174 374.95446153700817 2907.192 0.492 211.44159865721724 2681
500 0.7 8.962571428571431 2.087978712066006 2907.192 0.492 217.9753345929232 2911
510 0.1 8.21 0.0 2907.192 0.492 217.47393317340627 2918
520 0 0 0 2907.192 0.492 217.40224289140096 2919
526 0 0 0 2907.192 0.492 217.40224289140096 2919
