10 0.4 15.277999999999999 3.2890140619948696 18.822 11.557 0 0
20 0.4 36.564750000000004 21.967285897158533 72.507 11.557 15.277999999999999 4
30 0.2 37.1195 4.8035 72.507 11.557 25.921375 8
40 0 0 0 72.507 11.557 28.161 10
50 0 0 0 72.507 11.557 28.161 10
60 0.1 12.481 0.0 72.507 11.557 28.161 10
70 1 12.727 3.0859173352505747 72.507 8.658 26.735545454545456 11
80 0.9 12.900444444444444 0.8061476444742357 72.507 8.658 20.064809523809522 21
90 0 0 0 72.507 8.658 17.9155 30
100 0 0 0 72.507 8.658 17.9155 30
110 0.4 11.153749999999999 0.4679045709330049 72.507 8.658 17.9155 30
120 2.6 11.650230769230767 2.324868371918196 72.507 8.658 17.12 34
130 0.9 12.656555555555554 1.4308738674989343 72.507 8.658 14.749766666666666 60
140 0 0 0 72.507 8.658 14.476739130434783 69
150 0.1 10.511 0.0 72.507 8.658 14.476739130434783 69
160 3.2 13.098000000000003 8.258751767065046 72.507 8.658 14.420085714285715 70
170 2.6 11.336346153846154 1.1393512979663094 72.507 8.658 14.005313725490197 102
180 0.4 13.35475 2.209727966854744 72.507 8.658 13.463179687500002 128
190 0 0 0 72.507 8.658 13.459893939393941 132
200 0.8 10.675749999999999 0.48525785671125427 72.507 8.658 13.459893939393941 132
210 5.9 14.703694915254234 15.935900301376067 130.106 8.658 13.300800000000002 140
220 5.3 12.263396226415095 1.9996351586059216 130.106 8.658 13.716733668341709 199
230 1.5 14.2094 3.134388314594519 130.106 8.658 13.411071428571429 252
240 0 0 0 130.106 8.658 13.455921348314607 267
250 0 0 0 130.106 8.658 13.455921348314607 267
260 5.3 13.5178679245283 2.8617890105747903 130.106 8.658 13.455921348314607 267
270 14.3 18.46779720279721 15.062896709018672 136.26 8.658 13.46618125 320
280 7.4 19.280837837837847 7.253330537940647 136.26 8.658 15.010956803455727 463
290 0.8 17.765874999999998 3.6180502497028693 136.26 8.658 15.599357541899444 537
300 0 0 0 136.26 8.658 15.631159633027526 545
310 1 39.9024 38.11249413040296 142.321 8.658 15.631159633027526 545
320 23.5 26.101846808510633 22.054718436679565 165.244 8.658 16.06847927927928 555
330 26.9 27.80395539033457 13.508316272796208 165.891 8.658 19.053088607594933 790
340 4.4 28.40015909090908 11.12861296581348 165.891 8.658 21.275924457034936 1059
350 0.1 23.49 0.0 165.891 8.658 21.560118766999093 1103
360 0 0 0 165.891 8.658 21.561866847826085 1104
370 0 0 0 165.891 8.658 21.561866847826085 1104
380 0 0 0 165.891 8.658 21.561866847826085 1104
390 20.6 51.1049223300971 50.914478232742546 523.83 8.658 21.561866847826085 1104
400 61.3 55.76691353996732 41.594335198371425 523.83 8.658 26.20756870229008 1310
410 24.8 47.81809677419355 20.891760448459003 523.83 8.658 35.63028237129483 1923
420 2.3 51.02747826086956 24.02838868445545 523.83 8.658 37.02253385536618 2171
430 0.2 37.6275 1.4505000000000035 523.83 8.658 37.16934958979032 2194
440 0 0 0 523.83 8.658 37.16976684881602 2196
450 0 0 0 523.83 8.658 37.16976684881602 2196
460 4.2 155.98907142857138 132.83840637861172 601.343 8.658 37.16976684881602 2196
470 29.3 897.1100204778156 559.0436209870084 2535.36 0.431 39.399619749776576 2238
480 95.3 829.8417628541442 554.9568851401824 3720.122 0.431 138.69205254839983 2531
490 84.3 500.27755160142254 511.15025731402375 3720.122 0.431 327.7464939724453 3484
500 6.1 79.87531147540983 27.84170840194705 3720.122 0.431 361.3595472613817 4327
510 0.2 85.8635 8.198499999999996 3720.122 0.431 357.44648017319935 4388
520 0 0 0 3720.122 0.431 357.32275216400876 4390
526 0 0 0 3720.122 0.431 357.32275216400876 4390
