0 0.2 50.2625 3.159499999999996 53.422 47.103 0 0
10 0.1 49.382 0.0 53.422 47.103 50.2625 2
20 0 0 0 53.422 47.103 49.969 3
30 0 0 0 53.422 47.103 49.969 3
40 0 0 0 53.422 47.103 49.969 3
50 0 0 0 53.422 47.103 49.969 3
60 0.4 17.44825 3.361020929345725 53.422 13.409 49.969 3
70 0.3 20.460666666666665 9.471957289224274 53.422 12.942 31.38571428571429 7
80 0 0 0 53.422 12.942 28.1082 10
90 0 0 0 53.422 12.942 28.1082 10
100 0.2 18.1935 1.357499999999999 53.422 12.942 28.1082 10
110 0.7 13.013857142857143 1.4882325498553577 53.422 11.473 26.45575 12
120 0.2 24.9765 4.9615 53.422 11.473 21.503473684210526 19
130 0 0 0 53.422 11.473 21.834238095238096 21
140 0 0 0 53.422 11.473 21.834238095238096 21
150 1.1 13.462363636363637 1.5905785838508448 53.422 10.967 21.834238095238096 21
160 0.9 11.969666666666665 0.9494559845862619 53.422 10.607 18.95640625 32
170 0 0 0 53.422 10.607 17.422731707317073 41
180 0 0 0 53.422 10.607 17.422731707317073 41
190 0 0 0 53.422 10.607 17.422731707317073 41
200 3.1 16.55141935483871 23.714414143701298 146.319 9.809 17.422731707317073 41
210 1.8 11.469333333333333 1.044084660254032 146.319 9.809 17.047583333333332 72
220 0 0 0 146.319 9.809 15.931933333333333 90
230 0 0 0 146.319 9.809 15.931933333333333 90
240 0 0 0 146.319 9.809 15.931933333333333 90
250 2.1 12.930619047619045 1.5372932761122862 146.319 9.809 15.931933333333333 90
260 6 12.627916666666668 3.7114004198400483 146.319 9.092 15.364117117117116 111
270 1.4 12.634214285714283 2.714609684613226 146.319 9.092 14.404046783625732 171
280 0 0 0 146.319 9.092 14.270113513513513 185
290 0 0 0 146.319 9.092 14.270113513513513 185
300 0 0 0 146.319 9.092 14.270113513513513 185
310 10.8 14.126620370370372 12.707133477578349 146.319 8.622 14.270113513513513 185
320 7.3 20.022780821917806 25.43383657205257 146.319 8.622 14.217221843003415 293
330 0 0 0 146.319 8.622 15.375161202185794 366
340 0 0 0 146.319 8.622 15.375161202185794 366
350 0 0 0 146.319 8.622 15.375161202185794 366
360 0 0 0 146.319 8.622 15.375161202185794 366
370 0 0 0 146.319 8.622 15.375161202185794 366
380 7.1 14.516239436619715 14.69832180078976 146.319 8.622 15.375161202185794 366
390 24.5 25.202473469387773 34.26670710519134 189.227 8.622 15.235610983981692 437
400 3.2 33.067374999999984 37.479151819503265 211.934 8.622 18.816082111436955 682
410 0 0 0 211.934 8.622 19.454795518207284 714
420 0 0 0 211.934 8.622 19.454795518207284 714
430 0 0 0 211.934 8.622 19.454795518207284 714
440 0 0 0 211.934 8.622 19.454795518207284 714
450 0 0 0 211.934 8.622 19.454795518207284 714
460 38.4 41.99489583333334 77.64036081808939 576.321 8.622 19.454795518207284 714
470 30.5 1205.9170295081958 863.5560118727884 3779.069 1.136 27.337672131147542 1098
480 0.1 5932.667 0.0 5932.667 1.136 283.55057590876675 1403
490 0 0 0 5932.667 1.136 287.57416310541294 1404
500 0 0 0 5932.667 1.136 287.57416310541294 1404
510 0 0 0 5932.667 1.136 287.57416310541294 1404
520 0 0 0 5932.667 1.136 287.57416310541294 1404
526 0 0 0 5932.667 1.136 287.57416310541294 1404
