0 0.1 118.427 0 118.427 118.427 0 0
10 0.5 137.5972 58.968847098785986 251.45 87.725 118.427 1
20 0.2 109.4145 2.2544999999999966 251.45 87.725 134.40216666666666 6
30 0 0 0 251.45 87.725 128.15525 8
40 0 0 0 251.45 87.725 128.15525 8
50 0 0 0 251.45 87.725 128.15525 8
60 0.2 110.6625 2.557499999999994 251.45 87.725 128.15525 8
70 0.6 81.02033333333333 16.095307749637954 251.45 64.511 124.6567 10
80 0.7 79.88785714285713 9.3999006290883 251.45 64.511 108.29306249999999 16
90 0 0 0 251.45 64.511 99.64799999999998 23
100 0.1 72.959 0.0 251.45 64.511 99.64799999999998 23
110 1.6 71.52868749999999 8.863594888071301 251.45 60.765 98.53595833333331 24
120 1.5 69.34446666666668 4.405048813451319 251.45 60.765 87.73304999999998 40
130 0.1 73.343 0.0 251.45 60.765 82.71798181818181 55
140 0 0 0 251.45 60.765 82.55057142857142 56
150 0.5 65.091 1.0947227959625212 251.45 60.765 82.55057142857142 56
160 4.9 71.96483673469392 24.108484547931134 251.45 59.088 81.11945901639344 61
170 1.3 66.10900000000001 5.582419271523494 251.45 59.088 77.04149090909092 110
180 0 0 0 251.45 59.088 75.88602439024392 123
190 0 0 0 251.45 59.088 75.88602439024392 123
200 1.6 68.5385 6.094913432527158 251.45 59.088 75.88602439024392 123
210 9.5 67.94741052631575 6.462031993428982 251.45 59.088 75.04026618705038 139
220 2.6 77.03534615384612 34.197923084644394 251.45 59.088 72.16068803418803 234
230 0.4 69.35849999999999 6.080630785535327 251.45 59.088 72.64815384615383 260
240 0 0 0 251.45 59.088 72.5983106060606 264
250 0 0 0 251.45 59.088 72.5983106060606 264
260 10.4 71.71899038461535 21.27756693024514 251.45 59.088 72.5983106060606 264
270 14.1 69.21880851063828 9.674659428033536 251.45 59.088 72.34980706521738 368
280 3.1 74.35812903225805 22.13299184437907 251.45 59.088 71.48247740667975 509
290 0 0 0 251.45 59.088 71.64756111111109 540
300 0 0 0 251.45 59.088 71.64756111111109 540
310 5.9 79.50908474576278 25.098362177159462 251.45 59.088 71.64756111111109 540
320 28.2 95.23064184397165 55.71266426730815 627.066 59.088 72.42190150250417 599
330 14.7 81.44355102040814 33.97340699156833 627.066 59.088 79.72276958002271 881
340 1.2 71.373 16.861142987156395 627.066 59.088 79.96883463035019 1028
350 0 0 0 627.066 59.088 79.86965192307692 1040
360 0 0 0 627.066 59.088 79.86965192307692 1040
370 0 0 0 627.066 59.088 79.86965192307692 1040
380 0.7 104.53985714285716 55.26316424534668 627.066 59.088 79.86965192307692 1040
390 41.4 143.77283333333335 105.1003469757771 782.254 58.825 80.03459121298948 1047
400 58.1 146.2041738382101 130.01251614562113 1402.189 58.825 98.09594113620807 1461
410 10 81.83481999999998 29.250849200794146 1402.189 58.825 111.78393486777671 2042
420 0.4 65.90475 5.517720515529941 1402.189 58.825 110.38575023342672 2142
430 0 0 0 1402.189 58.825 110.3028406337372 2146
440 0 0 0 1402.189 58.825 110.3028406337372 2146
450 0 0 0 1402.189 58.825 110.3028406337372 2146
460 19.5 331.2808410256408 297.1071732125448 1456.385 58.825 110.3028406337372 2146
470 38.7 3646.067449612401 1990.150325458775 8497.292 0.477 128.70980777445536 2341
480 114.9 4759.136666666666 1549.787949255112 10907.674 0.477 627.689795821114 2728
490 44.3 3988.907006772006 1890.200922589185 10907.674 0.477 1852.0984763992772 3877
500 0.6 84.75516666666668 25.328930056470128 10907.674 0.477 2071.2202770833323 4320
510 0 0 0 10907.674 0.477 2068.4651243643075 4326
520 0 0 0 10907.674 0.477 2068.4651243643075 4326
526 0 0 0 10907.674 0.477 2068.4651243643075 4326
