10 0.4 55.93875 2.9262343015384107 58.973 51.587 0 0
20 0.4 24.9425 15.055435505158927 58.973 12.92 55.93875 4
30 0 0 0 58.973 12.92 40.440625 8
40 0 0 0 58.973 12.92 40.440625 8
50 0 0 0 58.973 12.92 40.440625 8
60 0.1 18.512 0.0 58.973 12.92 40.440625 8
70 0.4 17.014 3.943189888909739 58.973 12.92 38.00411111111111 9
80 1 18.753700000000002 4.006869677191911 58.973 12.842 31.54561538461538 13
90 0 0 0 58.973 12.842 25.98391304347826 23
100 0 0 0 58.973 12.842 25.98391304347826 23
110 0.7 13.073714285714287 1.3346927644631195 58.973 10.904 25.98391304347826 23
120 2.4 13.050291666666666 2.847432564012223 58.973 9.769 22.971533333333333 30
130 0.2 15.498999999999999 0.5589999999999997 58.973 9.769 18.56209259259259 54
140 0 0 0 58.973 9.769 18.452696428571425 56
150 0 0 0 58.973 9.769 18.452696428571425 56
160 3.1 16.10945161290323 20.56002158094561 128.293 9.769 18.452696428571425 56
170 3.3 13.06169696969697 3.3197511542816662 128.293 9.769 17.61774712643678 87
180 0.3 15.414333333333332 1.4587340021021278 128.293 9.769 16.36483333333333 120
190 0 0 0 128.293 9.769 16.341650406504062 123
200 0.3 11.553000000000003 0.3041359345205161 128.293 9.769 16.341650406504062 123
210 6.8 11.180764705882353 3.505541642791105 128.293 7.716 16.22763492063492 126
220 6.3 11.552841269841268 3.18149206388803 128.293 7.716 14.45862886597938 194
230 0.5 12.105 1.4211512234804573 128.293 7.716 13.746315175097276 257
240 0.2 15.310500000000001 0.5645000000000002 128.293 7.716 13.714992366412213 262
250 0 0 0 128.293 7.716 13.727079545454545 264
260 4.9 13.494551020408167 17.598950480142243 134.474 7.716 13.727079545454545 264
270 15.1 14.24498013245033 18.81951264736612 164.726 7.716 13.690677316293932 313
280 6.6 11.332287878787879 2.638426360456181 164.726 7.716 13.871064655172416 464
290 1 12.578300000000002 1.6531820861599 164.726 7.716 13.554915094339625 530
300 0 0 0 164.726 7.716 13.536829629629633 540
310 1.8 15.975499999999998 10.4968332221887 164.726 7.716 13.536829629629633 540
320 18.5 16.391005405405405 19.97572180274123 164.726 7.716 13.615496415770613 558
330 23.6 15.103470338983048 19.552740321273497 207.275 7.558 14.306572005383583 743
340 5.6 11.114589285714278 1.7782734983362962 207.275 7.558 14.498674157303372 979
350 0.4 12.40325 1.1556319429212751 207.275 7.558 14.31557391304348 1035
360 0.1 15.446 0.0 207.275 7.558 14.308211742059672 1039
370 0 0 0 207.275 7.558 14.30930576923077 1040
380 0 0 0 207.275 7.558 14.30930576923077 1040
390 20.7 26.67606280193238 51.66272726693676 578.109 7.558 14.30930576923077 1040
400 60.8 29.567542763157856 61.00498821301316 688.044 7.558 16.362167602245393 1247
410 26.8 13.879817164179101 11.195904110805975 688.044 7.558 20.69039838274932 1855
420 2.2 14.540045454545456 13.772935972991226 688.044 7.558 19.83065473386716 2123
430 0.1 13.93 0.0 688.044 7.558 19.776392074592067 2145
440 0 0 0 688.044 7.558 19.77366775396085 2146
450 0 0 0 688.044 7.558 19.77366775396085 2146
460 4.7 80.86706382978723 108.10985121396922 688.044 7.558 19.77366775396085 2146
470 13.1 1326.239984732824 959.2105243506286 4040.485 0.436 21.08301094391244 2193
480 36.3 1215.1824655647388 767.8188727327712 4905.119 0.409 94.65253055077449 2324
490 145.6 438.6994093406589 571.6179776134434 4905.119 0.406 246.0304116114626 2687
500 17.4 14.300114942528756 33.34759944794843 4905.119 0.406 313.74126381848885 4143
510 0.2 13.5305 0.19149999999999956 4905.119 0.406 301.6720583738706 4317
520 0 0 0 4905.119 0.406 301.5386286177354 4319
526 0 0 0 4905.119 0.406 301.5386286177354 4319
