10 0.1 164.884 0 164.884 164.884 0 0
20 0 0 0 164.884 164.884 164.884 1
30 0 0 0 164.884 164.884 164.884 1
40 0 0 0 164.884 164.884 164.884 1
50 0 0 0 164.884 164.884 164.884 1
60 0 0 0 164.884 164.884 164.884 1
70 0.2 123.5995 1.8865000000000016 164.884 121.713 164.884 1
80 0.5 121.62939999999999 7.9424557058884515 164.884 115.236 137.361 3
90 0 0 0 164.884 115.236 127.52874999999999 8
100 0 0 0 164.884 115.236 127.52874999999999 8
110 0.4 120.8615 2.097873387504592 164.884 115.236 127.52874999999999 8
120 0.9 124.72788888888888 11.628509204579391 164.884 115.236 125.30633333333333 12
130 0.2 116.57650000000001 0.9785000000000075 164.884 115.236 125.05842857142856 21
140 0 0 0 164.884 115.236 124.3208695652174 23
150 0 0 0 164.884 115.236 124.3208695652174 23
160 0.8 124.65962499999999 3.918959330533425 164.884 115.236 124.3208695652174 23
170 0.8 119.334 6.100771160271458 164.884 113.773 124.40829032258065 31
180 0 0 0 164.884 113.773 123.36741025641025 39
190 0 0 0 164.884 113.773 123.36741025641025 39
200 0.3 124.10933333333334 1.421826134080934 164.884 113.773 123.36741025641025 39
210 1.9 124.48763157894739 1.8643772831000722 164.884 113.773 123.42040476190476 42
220 2.8 123.79439285714284 7.799273113288381 164.884 113.773 123.75281967213115 61
230 0.4 117.08249999999998 1.3724493615430735 164.884 113.773 123.7658988764045 89
240 0 0 0 164.884 113.773 123.47844086021506 93
250 0 0 0 164.884 113.773 123.47844086021506 93
260 1.2 126.45516666666667 3.0624024837082184 164.884 113.773 123.47844086021506 93
270 6.1 126.37590163934425 3.2424904954796694 164.884 113.773 123.8186380952381 105
280 2.5 122.25320000000004 1.8498232131747152 164.884 113.773 124.75835542168674 166
290 0 0 0 164.884 113.773 124.4304554973822 191
300 0 0 0 164.884 113.773 124.4304554973822 191
310 0.5 126.46860000000001 0.8096413032942379 164.884 113.773 124.4304554973822 191
320 6.4 130.23846875000004 7.818054691243432 174.994 113.773 124.48244897959184 196
330 8.1 127.31813580246919 3.939033909736183 174.994 113.773 125.8993153846154 260
340 1.5 122.24433333333334 1.7119589818554501 174.994 113.773 126.23633724340178 341
350 0.1 117.064 0.0 174.994 113.773 126.0681348314607 356
360 0 0 0 174.994 113.773 126.04291316526613 357
370 0 0 0 174.994 113.773 126.04291316526613 357
380 0 0 0 174.994 113.773 126.04291316526613 357
390 5.8 140.4406206896552 31.25049737746396 280.442 113.773 126.04291316526613 357
400 18.5 136.4400054054054 23.062226306234418 280.442 113.773 128.0551228915663 415
410 9 127.07509999999996 4.667154974571404 280.442 113.773 130.64046166666668 600
420 0.6 121.25516666666665 3.715012266317418 280.442 113.773 130.17541449275362 690
430 0 0 0 280.442 113.773 130.0985158045977 696
440 0 0 0 280.442 113.773 130.0985158045977 696
450 0 0 0 280.442 113.773 130.0985158045977 696
460 2.2 228.1113181818182 146.48644884127003 637.218 113.773 130.0985158045977 696
470 17.3 793.0191618497113 528.8691976779924 3233.002 1.191 133.10169359331476 718
480 30.8 781.9928214285713 505.25218821461164 3233.002 1.191 261.2338170594838 891
490 20.9 495.441578947369 428.6150831888899 3233.002 1.191 395.00677231025855 1199
500 1.6 124.8685 3.812195594404878 3233.002 1.191 409.91506392045466 1408
510 0 0 0 3233.002 1.191 406.7122935393259 1424
520 0 0 0 3233.002 1.191 406.7122935393259 1424
526 0 0 0 3233.002 1.191 406.7122935393259 1424
