0 0.4 56.68 18.073769349529723 76.572 27.317 0 0
10 2.1 36.39866666666667 18.506775869377282 76.572 16.665 56.68 4
20 0.5 44.116200000000006 33.7089714194901 110.373 16.229 39.64368 25
30 0 0 0 110.373 16.229 40.389100000000006 30
40 0 0 0 110.373 16.229 40.389100000000006 30
50 0 0 0 110.373 16.229 40.389100000000006 30
60 0.8 18.560375 4.9535192272136195 110.373 13.535 40.389100000000006 30
70 3.3 17.891969696969696 4.643216658575783 110.373 13.414 35.793578947368424 38
80 1.4 16.43871428571428 2.079414183595653 110.373 12.841 27.47311267605634 71
90 0 0 0 110.373 12.841 25.655682352941177 85
100 0.2 19.221 1.068999999999999 110.373 12.841 25.655682352941177 85
110 5.1 15.87949019607843 3.9700602127727405 110.373 11.465 25.507758620689657 87
120 6.3 15.775523809523808 3.4223260439385976 110.373 11.465 21.949485507246376 138
130 0.4 14.939 1.7442452522509557 110.373 11.465 20.0143631840796 201
140 0 0 0 110.373 11.465 19.91533170731707 205
150 4 14.990024999999994 2.7055397842898192 110.373 11.465 19.91533170731707 205
160 12.3 14.321837398373983 2.1678731601736674 110.373 10.931 19.111199999999997 245
170 3.8 15.075394736842105 2.625415070336736 110.373 10.931 17.51040760869565 368
180 0.4 17.03675 0.6807941594197174 110.373 10.931 17.2825 406
190 0 0 0 110.373 10.931 17.28010243902439 410
200 7.4 17.033864864864864 15.628163673079102 133.172 10.793 17.28010243902439 410
210 29.2 14.070164383561632 3.2216784275880572 133.172 10.793 17.242454545454546 484
220 10.6 14.01382075471698 1.504478740026553 133.172 10.793 16.04875773195876 776
230 0.7 17.297714285714285 3.957894595950361 133.172 10.793 15.804196145124713 882
240 0.1 18.053 0.0 133.172 10.793 15.815956130483688 889
250 0.8 29.328500000000002 39.75129475564287 134.335 10.793 15.818469662921347 890
260 38.3 14.960328981723217 11.428668536096367 135.415 9.481 15.938826280623607 898
270 47.4 15.041278481012663 11.027845163584045 138.475 9.481 15.64627010148321 1281
280 7.1 14.26574647887324 3.6814592625648075 138.475 9.481 15.482870655270652 1755
290 0.1 15.418 0.0 138.475 9.481 15.435545454545451 1826
300 0 0 0 138.475 9.481 15.435535851122054 1827
310 25.4 17.6008779527559 17.77387583310893 149.639 9.481 15.435535851122054 1827
320 102.8 21.4577752918288 28.889047086352353 362.698 9.481 15.699830370014414 2081
330 47.7 17.675194968553466 15.975564066239539 362.698 9.481 17.603711804438728 3109
340 2.6 14.726538461538459 2.7658885654004606 362.698 9.481 17.61322030117122 3586
350 0 0 0 362.698 9.481 17.592441306755262 3612
360 0 0 0 362.698 9.481 17.592441306755262 3612
370 0 0 0 362.698 9.481 17.592441306755262 3612
380 4.8 14.904666666666671 3.818344773007743 362.698 9.481 17.592441306755262 3612
390 152.5 37.01994688524594 58.60235035158267 684.562 9.481 17.55719180327869 3660
400 181 40.990496132596746 64.85406160995197 886.755 9.481 23.281531533269057 5185
410 24.4 17.928709016393434 13.524312451591737 886.755 9.481 27.86383688348823 6995
420 0.7 14.378142857142858 1.328619845507943 886.755 9.481 27.52896035364003 7239
430 0 0 0 886.755 9.481 27.516256003312197 7246
440 0 0 0 886.755 9.481 27.516256003312197 7246
450 0 0 0 886.755 9.481 27.516256003312197 7246
460 97.7 89.69597952917101 151.15359650935525 1299.512 9.481 27.516256003312197 7246
470 270.8 1664.6894047267372 1064.1733267649183 7207.655 0.387 34.904020795330204 8223
480 308.7 1743.4731013929327 928.1808099547524 7207.655 0.387 438.6602022687773 10931
490 44.1 1318.0411111111118 1059.9759997617643 7207.655 0.387 726.0020070623475 14018
500 0.7 13.910428571428572 0.7657341681853636 7207.655 0.387 744.0592202088656 14459
510 0 0 0 7207.655 0.387 743.7059061247053 14466
520 0 0 0 7207.655 0.387 743.7059061247053 14466
526 0 0 0 7207.655 0.387 743.7059061247053 14466
