20 0.6 26.4335 4.3370980217191315 33.445 20.538 0 0
30 0.1 28.665 0.0 33.445 20.538 26.4335 6
40 0.1 23.359 0.0 33.445 20.538 26.752285714285712 7
50 0 0 0 33.445 20.538 26.328125 8
60 0 0 0 33.445 20.538 26.328125 8
70 0.3 22.88533333333333 1.1953254322103606 33.445 20.538 26.328125 8
80 0.2 25.5165 1.0314999999999985 33.445 20.538 25.389181818181818 11
90 0.1 27.704 0.0 33.445 20.538 25.40876923076923 13
100 0 0 0 33.445 20.538 25.572714285714287 14
110 0.2 20.746499999999997 0.19449999999999878 33.445 20.538 25.572714285714287 14
120 0.8 21.731875 5.633977712005525 36.35 18.171 24.9694375 16
130 1.1 22.98590909090909 3.820363439506425 36.35 18.171 23.890249999999998 24
140 0.1 21.638 0.0 36.35 18.171 23.60602857142857 35
150 0.1 21.903 0.0 36.35 18.171 23.551361111111113 36
160 0.8 17.555625000000003 0.7564053043012066 36.35 15.963 23.506810810810812 37
170 2 19.318649999999998 1.8075506431356216 36.35 15.963 22.448822222222226 45
180 0.8 23.3465 1.7476244590872487 36.35 15.963 21.48569230769231 65
190 0.2 23.3645 2.8724999999999987 36.35 15.963 21.689616438356165 73
200 0 0 0 36.35 15.963 21.734280000000002 75
210 2 25.762349999999998 29.37940888832688 151.818 15.448 21.734280000000002 75
220 5.5 19.045181818181824 3.09619389274761 151.818 14.424 22.58229473684211 95
230 1.9 21.112000000000005 4.045853367793278 151.818 14.424 21.28535333333334 150
240 0.6 25.497333333333334 5.310994089831228 151.818 14.424 21.265863905325453 169
250 0.1 26.809 0.0 151.818 14.424 21.410942857142864 175
260 1.4 17.463357142857145 2.663947007386458 151.818 14.424 21.441613636363645 176
270 8.7 18.73057471264368 8.034809945798822 151.818 14.424 21.148478947368428 190
280 6.7 18.751910447761194 3.2010521112356276 151.818 14.424 20.389064981949463 277
290 1.8 21.51733333333333 3.445992261550607 151.818 14.424 20.07020058139535 344
300 0.4 23.95825 0.7447860011439532 151.818 14.424 20.14215745856354 362
310 0 0 0 151.818 14.424 20.183863387978143 366
320 9.6 29.633010416666647 32.68888377328969 160.484 14.424 20.183863387978143 366
330 19 20.747626315789475 12.18871181667012 160.484 13.498 22.14732251082251 462
340 8.2 19.220963414634145 4.533562569528764 160.484 13.498 21.739435582822086 652
350 1.1 22.653545454545455 4.845808692498862 160.484 13.498 21.45808038147139 734
360 0 0 0 160.484 13.498 21.47573154362416 745
370 0 0 0 160.484 13.498 21.47573154362416 745
380 0 0 0 160.484 13.498 21.47573154362416 745
390 6 53.92100000000001 73.43984534456301 444.47 13.498 21.47573154362416 745
400 32.4 45.749030864197515 81.27925898452277 1095.46 13.498 23.894012422360248 805
410 28.8 21.986218750000003 14.714622231910772 1095.46 13.498 30.165957484499554 1129
420 6.7 19.851850746268653 3.8997047812249086 1095.46 13.498 28.50345589273112 1417
430 0.9 23.18811111111111 3.9581348706582737 1095.46 13.498 28.112851078167115 1484
440 0.1 23.283 0.0 1095.46 13.498 28.083164099129267 1493
450 0 0 0 1095.46 13.498 28.079951137884873 1494
460 1 112.47380000000001 123.1018757767728 1095.46 13.498 28.079951137884873 1494
470 9.5 2896.096357894737 1315.1267559508988 6108.74 0.526 28.641080452127657 1504
480 45.1 2600.9829379157386 1147.894386469363 6847.377 0.526 199.00271357098188 1599
490 70.7 1306.5588274398856 1296.0101432904933 6847.377 0.526 727.4383629268283 2050
500 14.4 22.882513888888887 15.543579012367008 6847.377 0.526 875.9469477693134 2757
510 1.5 21.836666666666677 2.778410712779679 6847.377 0.526 833.6024877628394 2901
520 0.1 23.564 0.0 6847.377 0.526 829.4267376543199 2916
526 0 0 0 6847.377 0.526 829.1504734316067 2917
