10 0.2 21.5245 7.610500000000001 29.135 13.914 0 0
20 0.4 36.529 13.812196259103764 51.66 13.914 21.5245 2
30 0.3 19.323 5.273541757364465 51.66 13.914 31.527500000000003 6
40 0 0 0 51.66 13.914 27.459333333333333 9
50 0.1 56.562 0.0 56.562 13.914 27.459333333333333 9
60 0 0 0 56.562 13.914 30.369600000000002 10
70 0.2 33.3655 0.0025000000000030553 56.562 13.914 30.369600000000002 10
80 1.5 17.310066666666668 8.521951133918153 56.562 10.525 30.868916666666667 12
90 0.3 30.029999999999998 9.755359245050894 56.562 10.525 23.336222222222222 27
100 0 0 0 56.562 10.525 24.0056 30
110 0.3 17.334333333333333 7.276603893453472 56.562 10.525 24.0056 30
120 1.5 13.8546 5.543282971909938 56.562 9.7 23.399121212121212 33
130 1.8 15.252222222222223 5.534755214456247 56.562 9.7 20.416458333333335 48
140 0.3 14.447000000000001 1.2461599683293747 56.562 9.7 19.008030303030303 66
150 0 0 0 56.562 9.7 18.809724637681157 69
160 2.2 11.138454545454545 1.3189094919416888 56.562 8.588 18.809724637681157 69
170 2.3 13.231260869565215 4.829380356484592 56.562 8.588 16.95513186813187 91
180 1.7 13.97870588235294 4.058642076080386 56.562 8.588 16.203824561403508 114
190 0.1 14.216 0.0 56.562 8.588 15.915068702290075 131
200 0.3 11.031333333333334 0.29282228209084243 56.562 8.588 15.902196969696968 132
210 3.9 10.640974358974361 2.0429703674844286 56.562 8.588 15.793955555555554 135
220 6.4 11.08146875 2.044024369723472 56.562 8.588 14.638977011494251 174
230 2.2 12.042000000000003 1.4920304652020033 56.562 8.588 13.68233613445378 238
240 0.6 13.907833333333334 1.0566116310588718 56.562 8.588 13.54353846153846 260
250 0.1 15.192 0.0 56.562 8.588 13.551755639097744 266
260 2.1 10.65447619047619 2.292923225077494 56.562 8.536 13.557898876404494 267
270 12.4 11.288548387096775 5.457678608716877 57.934 8.016 13.346190972222223 288
280 10.6 10.960113207547172 2.224422071734991 57.934 8.016 12.726900485436893 412
290 2.3 13.609695652173912 5.668624305426146 57.934 8.016 12.365357142857142 518
300 0.4 14.71725 1.0133729261727886 57.934 8.016 12.418258780036968 541
310 0.2 10.676 0.3650000000000002 57.934 8.016 12.435132110091741 545
320 14.6 14.8587602739726 23.94053746987819 288.628 8.016 12.428700182815355 547
330 28.1 11.36850177935943 4.511280492343812 288.628 8.016 12.940660894660892 693
340 10.7 11.478570093457948 2.5824007127765025 288.628 8.016 12.48709137577002 974
350 2.2 13.637590909090905 3.079301937704992 288.628 8.016 12.387265494912118 1081
360 0.1 13.095 0.0 288.628 8.016 12.41220398912058 1103
370 0 0 0 288.628 8.016 12.412822463768116 1104
380 0 0 0 288.628 8.016 12.412822463768116 1104
390 9 19.778722222222218 23.681446238225202 288.628 8.016 12.412822463768116 1104
400 48.4 26.47192768595042 46.83611251217411 459.84 7.774 12.968041038525962 1194
410 41.5 13.596303614457817 15.247337636037853 459.84 7.774 16.863083432657927 1678
420 9.1 11.631648351648339 5.061083121216241 459.84 7.774 16.215346392737693 2093
430 0.8 14.2965 2.9573138994702606 459.84 7.774 16.024358974358968 2184
440 0.4 14.11475 1.064061176577738 459.84 7.774 16.018052919708026 2192
450 0 0 0 459.84 7.774 16.01458606557377 2196
460 1.1 108.32227272727272 95.53641191817049 459.84 7.774 16.01458606557377 2196
470 11.5 1137.7724608695655 768.5486548500566 3636.791 0.485 16.474660625283185 2207
480 55.6 1139.68275 814.3211176117676 6315.699 0.485 72.0083587424634 2322
490 114.8 438.506902439024 589.5518671742 6315.699 0.485 278.2720701876303 2878
500 32.2 13.419012422360236 16.03356634478945 6315.699 0.485 323.9624793840038 4026
510 3.9 13.123128205128205 4.170138515681906 6315.699 0.485 300.9645501379943 4348
520 0.1 12.7 0.0 6315.699 0.485 298.4056681103258 4387
526 0 0 0 6315.699 0.485 298.3405574293526 4388
