0 18 18
10 22 28
20 7 28
30 1 28
40 1 28
50 0 28
60 30 30
70 43 48
80 10 48
90 1 48
100 28 48
110 99 99
120 47 105
130 11 105
140 0 105
150 117 117
160 140 171
170 40 171
180 4 171
190 0 171
200 281 282
210 333 416
220 85 416
230 20 416
240 1 416
250 247 416
260 773 773
270 396 811
280 92 811
290 9 811
300 0 811
310 1047 1047
320 1267 1558
330 388 1558
340 63 1558
350 4 1558
360 0 1558
370 0 1558
380 969 1558
390 3013 3015
400 1622 3164
410 322 3164
420 46 3164
430 5 3164
440 0 3164
450 0 3164
460 4206 4206
470 6698 6964
480 5152 6964
490 1073 6964
500 89 6964
510 4 6964
520 0 6964
526 0 6964
