0 3 30
10 7.3 103
20 5 153
30 1 163
40 1 173
50 11 283
60 12.1 404
70 6.9 473
80 0.7 480
90 2.4 504
100 11.7 621
110 16.1 782
120 17.7 959
130 11.3 1072
140 2.8 1100
150 0.9 1109
160 0 1109
170 10.3 1212
180 13 1342
190 16.5 1507
200 10.3 1610
210 13.8 1748
220 15.9 1907
230 15.8 2065
240 17.6 2241
250 6.1 2302
260 2.6 2328
270 0.4 2332
280 0 2332
290 0 2332
300 0 2332
310 5.7 2389
320 15 2539
330 12.8 2667
340 11.4 2781
350 11.9 2900
360 10.3 3003
370 8 3083
380 0.1 3084
390 0 3084
400 0 3084
410 0 3084
420 0 3084
430 0 3084
440 0 3084
450 0 3084
460 0 3084
470 0 3084
480 0 3084
490 0 3084
500 0 3084
510 0 3084
520 0 3084
530 0 3084
540 0 3084
550 0 3084
560 0 3084
570 0 3084
580 0 3084
590 0 3084
600 0 3084
610 0 3084
620 0 3084
630 0 3084
640 0 3084
650 0 3084
660 0 3084
670 0 3084
680 0 3084
688 0 3084
