0 0.9 9
10 5.8 67
20 2.7 94
30 0.3 97
40 0.5 102
50 7.1 173
60 9.6 269
70 2.9 298
80 0.4 302
90 0.5 307
100 9.7 404
110 11.5 519
120 10.5 624
130 5.4 678
140 1.9 697
150 0.5 702
160 0 702
170 6.5 767
180 6.2 829
190 8.8 917
200 14.6 1063
210 9 1153
220 10.3 1256
230 10.5 1361
240 6.4 1425
250 3.1 1456
260 1.3 1469
270 0.2 1471
280 0 1471
290 0 1471
300 0 1471
310 1.9 1490
320 2.3 1513
330 3.6 1549
340 5.4 1603
350 7.5 1678
360 9.8 1776
370 9.7 1873
380 0 1873
390 0 1873
400 0 1873
410 0 1873
420 0 1873
430 0 1873
440 0 1873
450 0 1873
460 0 1873
470 0 1873
480 0 1873
490 0 1873
500 0 1873
510 0 1873
520 0 1873
530 0 1873
540 0 1873
550 0 1873
560 0 1873
570 0 1873
580 0 1873
590 0 1873
600 0 1873
610 0 1873
620 0 1873
630 0 1873
640 0 1873
650 0 1873
660 0 1873
670 0 1873
680 0 1873
688 0 1873
