190 0.8 8
200 0.5 13
210 0.4 17
220 0.3 20
230 0.3 23
240 0.1 24
250 0 24
260 0 24
270 0 24
280 0 24
290 0 24
300 0 24
310 0 24
320 0.9 33
330 7.2 105
340 4.4 149
350 2.9 178
360 2.5 203
370 1.6 219
380 0.1 220
390 0 220
400 0 220
410 0 220
420 0 220
430 0 220
440 0 220
450 0 220
460 0 220
470 0 220
480 0 220
490 0 220
500 0 220
510 0 220
520 0 220
530 0 220
540 0 220
550 0 220
560 0 220
570 0 220
580 0 220
590 0 220
600 0 220
610 0 220
620 0 220
630 0 220
640 0 220
650 0 220
660 0 220
670 0 220
680 0 220
688 0 220
