180 1.6 16
190 4.8 64
200 0.7 71
210 0 71
220 0 71
230 0 71
240 0 71
250 0 71
260 0 71
270 0 71
280 0 71
290 0 71
300 0 71
310 2.8 99
320 105.9 1158
330 95.7 2115
340 39.4 2509
350 7.8 2587
360 0 2587
370 0 2587
380 0 2587
390 0 2587
400 0 2587
410 0 2587
420 0 2587
430 0 2587
440 0 2587
450 0 2587
460 0 2587
470 0 2587
480 0 2587
490 0 2587
500 0 2587
510 0 2587
520 0 2587
530 0 2587
540 0 2587
550 0 2587
560 0 2587
570 0 2587
580 0 2587
590 0 2587
600 0 2587
610 0 2587
620 0 2587
630 0 2587
640 0 2587
650 0 2587
660 0 2587
670 0 2587
680 0 2587
688 0 2587
