0 1.6 1.5428749999999996 2.414757230939583 10.886 0.814 0 0
10 1.4 0.9367857142857144 0.10826302532749225 10.886 0.734 1.5428749999999996 16
20 0 0 0 10.886 0.734 1.2600333333333331 30
30 0 0 0 10.886 0.734 1.2600333333333331 30
40 0.9 1.019111111111111 0.15860394029324504 10.886 0.734 1.2600333333333331 30
50 4.2 1.0580952380952382 0.4619323187656189 10.886 0.622 1.2044358974358975 39
60 0.9 0.9761111111111112 0.12457433697234258 10.886 0.622 1.1285555555555558 81
70 0 0 0 10.886 0.622 1.1133111111111111 90
80 0 0 0 10.886 0.622 1.1133111111111111 90
90 1.9 1.5087894736842105 2.293361301875879 11.193 0.521 1.1133111111111111 90
100 9.2 0.9474456521739129 0.14654160739697003 11.193 0.521 1.1822477064220185 109
110 0.9 1.5148888888888887 1.6873072857494602 11.193 0.521 1.074776119402985 201
120 0 0 0 11.193 0.521 1.093638095238095 210
130 0 0 0 11.193 0.521 1.093638095238095 210
140 0 0 0 11.193 0.521 1.093638095238095 210
150 0 0 0 11.193 0.521 1.093638095238095 210
160 0 0 0 11.193 0.521 1.093638095238095 210
170 11.1 1.0474594594594608 1.0494543480002572 11.244 0.521 1.093638095238095 210
180 12.9 1.0516201550387596 1.2028117458804113 14.309 0.521 1.0776697819314647 321
190 0.1 1.31 0.0 14.309 0.521 1.0702022222222227 450
200 0 0 0 14.309 0.521 1.070733924611974 451
210 0 0 0 14.309 0.521 1.070733924611974 451
220 0 0 0 14.309 0.521 1.070733924611974 451
230 0 0 0 14.309 0.521 1.070733924611974 451
240 0 0 0 14.309 0.521 1.070733924611974 451
250 0 0 0 14.309 0.521 1.070733924611974 451
260 0 0 0 14.309 0.521 1.070733924611974 451
270 0 0 0 14.309 0.521 1.070733924611974 451
280 0 0 0 14.309 0.521 1.070733924611974 451
290 0 0 0 14.309 0.521 1.070733924611974 451
300 0 0 0 14.309 0.521 1.070733924611974 451
310 23.4 0.9969102564102559 0.6083562872922151 14.309 0.521 1.070733924611974 451
320 24.4 0.9283483606557372 0.2768848919658708 14.309 0.521 1.0455153284671534 685
330 6.2 0.9748225806451611 0.5021137104280183 14.309 0.521 1.0147416576964476 929
340 4.7 1.0098510638297875 0.5664538808187415 14.309 0.521 1.01224419778002 991
350 1.5 0.9328666666666667 0.09749042118188955 14.309 0.521 1.012135838150289 1038
360 0.9 1.302888888888889 0.9907793166598643 14.309 0.521 1.0110066476733142 1053
370 0.7 4.026428571428572 7.541923151048844 22.497 0.521 1.0134802259887006 1062
380 0.2 0.9955 0.19649999999999998 22.497 0.521 1.0332095416276894 1069
390 0 0 0 22.497 0.521 1.0331391223155928 1071
400 0 0 0 22.497 0.521 1.0331391223155928 1071
410 0 0 0 22.497 0.521 1.0331391223155928 1071
420 0 0 0 22.497 0.521 1.0331391223155928 1071
430 0 0 0 22.497 0.521 1.0331391223155928 1071
440 0 0 0 22.497 0.521 1.0331391223155928 1071
450 0 0 0 22.497 0.521 1.0331391223155928 1071
460 0 0 0 22.497 0.521 1.0331391223155928 1071
470 0 0 0 22.497 0.521 1.0331391223155928 1071
480 0 0 0 22.497 0.521 1.0331391223155928 1071
490 0 0 0 22.497 0.521 1.0331391223155928 1071
500 0 0 0 22.497 0.521 1.0331391223155928 1071
510 0 0 0 22.497 0.521 1.0331391223155928 1071
520 0 0 0 22.497 0.521 1.0331391223155928 1071
530 0 0 0 22.497 0.521 1.0331391223155928 1071
540 0 0 0 22.497 0.521 1.0331391223155928 1071
550 0 0 0 22.497 0.521 1.0331391223155928 1071
560 0 0 0 22.497 0.521 1.0331391223155928 1071
570 0 0 0 22.497 0.521 1.0331391223155928 1071
580 0 0 0 22.497 0.521 1.0331391223155928 1071
590 0 0 0 22.497 0.521 1.0331391223155928 1071
600 0 0 0 22.497 0.521 1.0331391223155928 1071
610 0 0 0 22.497 0.521 1.0331391223155928 1071
620 0 0 0 22.497 0.521 1.0331391223155928 1071
630 0 0 0 22.497 0.521 1.0331391223155928 1071
640 0 0 0 22.497 0.521 1.0331391223155928 1071
650 0 0 0 22.497 0.521 1.0331391223155928 1071
660 0 0 0 22.497 0.521 1.0331391223155928 1071
670 0 0 0 22.497 0.521 1.0331391223155928 1071
680 0 0 0 22.497 0.521 1.0331391223155928 1071
688 0 0 0 22.497 0.521 1.0331391223155928 1071
