0 16 16
10 24 8
20 5 -19
30 1 -4
40 9 8
50 47 38
60 40 -7
70 5 -35
80 1 -4
90 19 18
100 110 91
110 108 -2
120 73 -35
130 22 -51
140 7 -15
150 1 -6
160 1 0
170 111 110
180 240 129
190 239 -1
200 235 -4
210 218 -17
220 199 -19
230 145 -54
240 50 -95
250 24 -26
260 8 -16
270 5 -3
280 5 0
290 5 0
300 1 -4
310 234 233
320 457 223
330 354 -103
340 274 -80
350 216 -58
360 171 -45
370 122 -49
380 124 2
390 121 -3
400 115 -6
410 100 -15
420 86 -14
430 43 -43
440 28 -15
450 26 -2
460 26 0
470 26 0
480 26 0
490 21 -5
500 16 -5
510 16 0
520 16 0
530 16 0
540 16 0
550 15 -1
560 10 -5
570 9 -1
580 9 0
590 9 0
600 9 0
610 9 0
620 6 -3
630 5 -1
640 5 0
650 5 0
660 5 0
670 5 0
680 1 -4
688 0 -1
