0 0.1 0.019759137691176695 0 0.019759137691176695 0.019759137691176695 0 0
10 0.1 0.0072873398086552785 0.0 0.019759137691176695 0.0072873398086552785 0.019759137691176695 1
20 0.1 0.011451533985029723 0.0 0.019759137691176695 0.0072873398086552785 0.013523238749915987 2
30 0.1 0.011451533985029723 0.0 0.019759137691176695 0.0072873398086552785 0.0128326704949539 3
40 0.1 0.0010409293417162843 0.0 0.019759137691176695 0.0010409293417162843 0.012487386367472856 4
50 0.1 0.005204863424383744 0.0 0.019759137691176695 0.0010409293417162843 0.010198094962321541 5
60 0.1 0.018742581061663093 0.0 0.019759137691176695 0.0010409293417162843 0.009365889705998574 6
70 0.1 0.03227519287030578 0.0 0.03227519287030578 0.0010409293417162843 0.010705417042522076 7
80 0.1 0.007288098535092194 0.0 0.03227519287030578 0.0010409293417162843 0.013401639020995039 8
90 0.1 0.002081902025690671 0.0 0.03227519287030578 0.0010409293417162843 0.012722356744783612 9
100 0.1 0.004164584374479427 0.0 0.03227519287030578 0.0010409293417162843 0.011658311272874318 10
110 0.1 0.017700589325503426 0.0 0.03227519287030578 0.0010409293417162843 0.010977063373020237 11
120 0.1 0.027073462800020827 0.0 0.03227519287030578 0.0010409293417162843 0.011537357202393836 12
130 0.1 0.038523207629677446 0.0 0.038523207629677446 0.0010409293417162843 0.012732442248365143 13
140 0.1 0.015617841822498021 0.0 0.038523207629677446 0.0010409293417162843 0.014574639775601736 14
150 0.1 0.005204755064226677 0.0 0.038523207629677446 0.0010409293417162843 0.014644186578728154 15
160 0.1 0.002082248828735034 0.0 0.038523207629677446 0.0010409293417162843 0.014054222109071812 16
170 0.1 0.0 0.0 0.038523207629677446 0.0 0.01334998838669906 17
180 0.1 0.01666059249232051 0.0 0.038523207629677446 0.0 0.01260832236521578 18
190 0.1 0.019780951984341814 0.0 0.038523207629677446 0.0 0.012821599740326555 19
200 0.1 0.04164410944071961 0.0 0.04164410944071961 0.0 0.013169567352527316 20
210 0.1 0.02498724609313996 0.0 0.04164410944071961 0.0 0.014525497928155521 21
220 0.1 0.031231456322808333 0.0 0.04164410944071961 0.0 0.015001031935654814 22
230 0.1 0.047891224453675656 0.0 0.047891224453675656 0.0 0.015706702561183228 23
240 0.1 0.04789022727036116 0.0 0.047891224453675656 0.0 0.017047724306703746 24
250 0.1 0.020822705077616632 0.0 0.047891224453675656 0.0 0.018281424425250044 25
260 0.1 0.013535885715475681 0.0 0.047891224453675656 0.0 0.018379165988802605 26
270 0.1 0.001041124414367517 0.0 0.047891224453675656 0.0 0.018199785237938644 27
280 0.1 0.0 0.0 0.047891224453675656 0.0 0.017586975922811103 28
290 0.1 0.0010411569335845993 0.0 0.047891224453675656 0.0 0.016980528477196926 29
300 0.1 0.0010411027360179904 0.0 0.047891224453675656 0.0 0.01644921609240985 30
310 0.1 0.0020820320632937745 0.0 0.047891224453675656 0.0 0.01595218017768753 31
320 0.1 0.017704276103392973 0.0 0.047891224453675656 0.0 0.015518738049112727 32
330 0.1 0.07187125670537993 0.0 0.07187125670537993 0.0 0.015584966475000005 33
340 0.1 0.05935645110902844 0.0 0.07187125670537993 0.0 0.017240445599422945 34
350 0.1 0.03957096740601895 0.0 0.07187125670537993 0.0 0.01844376004255453 35
360 0.1 0.031234382808595702 0.0 0.07187125670537993 0.0 0.019030626913761877 36
370 0.1 0.046849623120809564 0.0 0.07187125670537993 0.0 0.01936045815416279 37
380 0.1 0.013536026655560184 0.0 0.07187125670537993 0.0 0.02008385723223244 38
390 0.1 0.0020820320632937745 0.0 0.07187125670537993 0.0 0.019915964140522897 39
400 0.1 0.0010410810585712203 0.0 0.07187125670537993 0.0 0.01947011583859217 40
410 0.1 0.0010411460936198568 0.0 0.07187125670537993 0.0 0.01902062718542093 41
420 0.1 0.0 0.0 0.07187125670537993 0.0 0.01859254430228281 42
430 0.1 0.004164064126587549 0.0 0.07187125670537993 0.0 0.01816015955106693 43
440 0.1 0.010410593820271508 0.0 0.07187125670537993 0.0 0.017842066473237852 44
450 0.1 0.014575134819997084 0.0 0.07187125670537993 0.0 0.01767692263650527 45
460 0.1 0.0 0.0 0.07187125670537993 0.0 0.017609492466581177 46
470 0.1 0.01873809350308658 0.0 0.07187125670537993 0.0 0.017234822414100726 47
480 0.1 0.0 0.0 0.07187125670537993 0.0 0.01726614056178793 48
490 0.1 0.0 0.0 0.07187125670537993 0.0 0.01691377034624124 49
500 0.1 0.002081967042461718 0.0 0.07187125670537993 0.0 0.016575494939316412 50
510 0.1 0.0010410051946159213 0.0 0.07187125670537993 0.0 0.016291308117809458 51
520 0.1 0.00312269051014354 0.0 0.07187125670537993 0.0 0.015998033061594197 52
530 0.1 0.0 0.0 0.07187125670537993 0.0 0.015755102070057394 53
540 0.1 0.0 0.0 0.07187125670537993 0.0 0.015463340920611888 54
550 0.1 0.0 0.0 0.07187125670537993 0.0 0.015182189267509853 55
560 0.1 0.0010410702201863516 0.0 0.07187125670537993 0.0 0.014911078744875749 56
570 0.1 0.0020820103892318425 0.0 0.07187125670537993 0.0 0.014667745261986461 57
580 0.1 0.0 0.0 0.07187125670537993 0.0 0.014450749833145865 58
590 0.1 0.001041124414367517 0.0 0.07187125670537993 0.0 0.014205821869872206 59
600 0.1 0.0 0.0 0.07187125670537993 0.0 0.013986410245613794 60
610 0.1 0.0 0.0 0.07187125670537993 0.0 0.013757124831751275 61
620 0.1 0.0 0.0 0.07187125670537993 0.0 0.013535235721561737 62
630 0.1 0.00312269051014354 0.0 0.07187125670537993 0.0 0.013320390710108376 63
640 0.1 0.0020820754127714508 0.0 0.07187125670537993 0.0 0.013161051644483926 64
650 0.1 0.0 0.0 0.07187125670537993 0.0 0.012990605856303735 65
660 0.1 0.0 0.0 0.07187125670537993 0.0 0.012793778494844588 66
670 0.1 0.0010411569335845993 0.0 0.07187125670537993 0.0 0.012602826577011086 67
680 0.1 0.001040940177168018 0.0 0.07187125670537993 0.0 0.012432802023431286 68
688 0.1 0.0031225930012282197 0.0 0.07187125670537993 0.0 0.012267702576383993 69
