0 0.1 375584.06640625 0 375584.06640625 375584.06640625 0 0
10 0.1 375581.8125 0.0 375584.06640625 375581.8125 375584.06640625 1
20 0.1 375567.83203125 0.0 375584.06640625 375567.83203125 375582.939453125 2
30 0.1 375570.1796875 0.0 375584.06640625 375567.83203125 375577.9036458333 3
40 0.1 375571.90625 0.0 375584.06640625 375567.83203125 375575.97265625 4
50 0.1 375573.5078125 0.0 375584.06640625 375567.83203125 375575.159375 5
60 0.1 375559.44921875 0.0 375584.06640625 375559.44921875 375574.8841145833 6
70 0.1 375550.921875 0.0 375584.06640625 375550.921875 375572.67912946426 7
80 0.1 375562.41796875 0.0 375584.06640625 375550.921875 375569.95947265625 8
90 0.1 375568.890625 0.0 375584.06640625 375550.921875 375569.12152777775 9
100 0.1 375569.16015625 0.0 375584.06640625 375550.921875 375569.0984375 10
110 0.1 375558.34375 0.0 375584.06640625 375550.921875 375569.10404829547 11
120 0.1 375529.12890625 0.0 375584.06640625 375529.12890625 375568.2073567708 12
130 0.1 375526.10546875 0.0 375584.06640625 375526.10546875 375565.2013221154 13
140 0.1 375550.15625 0.0 375584.06640625 375526.10546875 375562.40876116074 14
150 0.1 375555.65625 0.0 375584.06640625 375526.10546875 375561.5919270833 15
160 0.1 375557.48828125 0.0 375584.06640625 375526.10546875 375561.2209472656 16
170 0.1 375558.6875 0.0 375584.06640625 375526.10546875 375561.00137867645 17
180 0.1 375556.359375 0.0 375584.06640625 375526.10546875 375560.8728298611 18
190 0.1 375522.72265625 0.0 375584.06640625 375522.72265625 375560.6352796053 19
200 0.1 375491.3984375 0.0 375584.06640625 375491.3984375 375558.7396484375 20
210 0.1 375480.81640625 0.0 375584.06640625 375480.81640625 375555.53292410716 21
220 0.1 375458.703125 0.0 375584.06640625 375458.703125 375552.13671875 22
230 0.1 375440.01171875 0.0 375584.06640625 375440.01171875 375548.074388587 23
240 0.1 375449.01953125 0.0 375584.06640625 375440.01171875 375543.57177734375 24
250 0.1 375494.44921875 0.0 375584.06640625 375440.01171875 375539.7896875 25
260 0.1 375510.6640625 0.0 375584.06640625 375440.01171875 375538.0458233173 26
270 0.1 375511.890625 0.0 375584.06640625 375440.01171875 375537.03168402775 27
280 0.1 375517.18359375 0.0 375584.06640625 375440.01171875 375536.1337890625 28
290 0.1 375517.796875 0.0 375584.06640625 375440.01171875 375535.4803340517 29
300 0.1 375517.91796875 0.0 375584.06640625 375440.01171875 375534.89088541665 30
310 0.1 375518.90234375 0.0 375584.06640625 375440.01171875 375534.3433719758 31
320 0.1 375519.56640625 0.0 375584.06640625 375440.01171875 375533.86083984375 32
330 0.1 375482.57421875 0.0 375584.06640625 375440.01171875 375533.4276751894 33
340 0.1 375470.14453125 0.0 375584.06640625 375440.01171875 375531.9319852941 34
350 0.1 375470.3515625 0.0 375584.06640625 375440.01171875 375530.1666294643 35
360 0.1 375468.56640625 0.0 375584.06640625 375440.01171875 375528.5050998264 36
370 0.1 375470.7421875 0.0 375584.06640625 375440.01171875 375526.88513513515 37
380 0.1 375473.8515625 0.0 375584.06640625 375440.01171875 375525.4076891447 38
390 0.1 375476.375 0.0 375584.06640625 375440.01171875 375524.0857371795 39
400 0.1 375478.58984375 0.0 375584.06640625 375440.01171875 375522.89296875 40
410 0.1 375493.421875 0.0 375584.06640625 375440.01171875 375521.8124047256 41
420 0.1 375501.7890625 0.0 375584.06640625 375440.01171875 375521.1364397321 42
430 0.1 375504.671875 0.0 375584.06640625 375440.01171875 375520.6865007267 43
440 0.1 375505.27734375 0.0 375584.06640625 375440.01171875 375520.32253196015 44
450 0.1 375508.0234375 0.0 375584.06640625 375440.01171875 375519.98819444433 45
460 0.1 375508.14453125 0.0 375584.06640625 375440.01171875 375519.72809103254 46
470 0.1 375506.97265625 0.0 375584.06640625 375440.01171875 375519.48163231375 47
480 0.1 375507.8046875 0.0 375584.06640625 375440.01171875 375519.22102864576 48
490 0.1 375507.91796875 0.0 375584.06640625 375440.01171875 375518.9880420918 49
500 0.1 375515.40625 0.0 375584.06640625 375440.01171875 375518.7666406249 50
510 0.1 375517.00390625 0.0 375584.06640625 375440.01171875 375518.70075061265 51
520 0.1 375517.32421875 0.0 375584.06640625 375440.01171875 375518.6681189903 52
530 0.1 375517.35546875 0.0 375584.06640625 375440.01171875 375518.642762382 53
540 0.1 375517.59765625 0.0 375584.06640625 375440.01171875 375518.61892361107 54
550 0.1 375517.4765625 0.0 375584.06640625 375440.01171875 375518.60035511357 55
560 0.1 375517.9609375 0.0 375584.06640625 375440.01171875 375518.58028738835 56
570 0.1 375519.265625 0.0 375584.06640625 375440.01171875 375518.5694216008 57
580 0.1 375519.62109375 0.0 375584.06640625 375440.01171875 375518.58142510767 58
590 0.1 375519.12890625 0.0 375584.06640625 375440.01171875 375518.5990466101 59
600 0.1 375519.12890625 0.0 375584.06640625 375440.01171875 375518.6078776041 60
610 0.1 375518.59765625 0.0 375584.06640625 375440.01171875 375518.6164190573 61
620 0.1 375519.1171875 0.0 375584.06640625 375440.01171875 375518.61611643137 62
630 0.1 375519.17578125 0.0 375584.06640625 375440.01171875 375518.6240699404 63
640 0.1 375519.99609375 0.0 375584.06640625 375440.01171875 375518.63269042963 64
650 0.1 375519.625 0.0 375584.06640625 375440.01171875 375518.6536658653 65
660 0.1 375519.2578125 0.0 375584.06640625 375440.01171875 375518.6683830492 66
670 0.1 375519.6015625 0.0 375584.06640625 375440.01171875 375518.67718050367 67
680 0.1 375520.078125 0.0 375584.06640625 375440.01171875 375518.69077435654 68
688 0.1 375521.0390625 0.0 375584.06640625 375440.01171875 375518.71088088764 69
