40 0.1 1
50 0 1
60 0 1
70 0 1
80 0 1
90 0.1 2
100 0 2
110 0 2
120 0 2
130 0 2
140 0 2
150 0 2
160 0 2
170 0.1 3
180 0 3
190 0 3
200 0 3
210 0 3
220 0 3
230 0 3
240 0 3
250 0 3
260 0 3
270 0 3
280 0 3
290 0 3
300 0 3
310 0.1 4
320 0 4
330 0 4
340 0 4
350 0 4
360 0 4
370 0 4
380 0 4
390 0 4
400 0 4
410 0 4
420 0 4
430 0 4
440 0 4
450 0 4
460 0 4
470 0 4
480 0 4
490 0 4
500 0 4
510 0 4
520 0 4
530 0 4
540 0 4
550 0 4
560 0 4
570 0 4
580 0 4
590 0 4
600 0 4
610 0 4
620 0 4
630 0 4
640 0 4
650 0 4
660 0 4
670 0 4
680 0 4
688 0 4
