0 3.9 131.68546153846157 114.70466323872827 351.968 5.226 0 0
10 13.1 147.5179312977099 170.8453782508684 712.061 5.226 131.68546153846157 39
20 7.7 101.17598701298702 214.62030199978835 1527.14 5.226 143.88577647058824 170
30 1.2 144.75783333333337 355.08695382183816 1527.14 5.226 130.5713886639676 247
40 1.4 136.49514285714284 128.92014627161217 1527.14 5.226 131.22867567567567 259
50 18.1 152.40656353591172 170.86461270597576 1527.14 5.226 131.49875091575092 273
60 21.7 280.86797695852556 524.611482836527 4273.1 5.207 139.8342444933921 454
70 9.6 128.90046875000002 314.66501480082457 4273.1 5.207 185.44425931445613 671
80 0.9 37.703444444444436 33.3670783627985 4273.1 5.207 178.36707040417218 767
90 2.9 171.93927586206902 145.58105494567732 4273.1 5.207 176.7356623711341 776
100 21.4 544.1663551401873 739.8296419064558 4580.465 5.207 176.56287329192554 805
110 27.6 2150.4605434782598 2558.96715802068 8648.455 5.207 253.76321197252224 1019
120 28.2 1794.938074468086 2657.0521448394475 12352.557 5.207 658.0014077220076 1295
130 16.7 1466.314928143713 3203.74908717049 19591.784 5.207 861.3090424857324 1577
140 4 87.45579999999997 302.3168824788156 19591.784 5.207 919.2425189220185 1744
150 0.9 44.342888888888886 21.71789760361227 19591.784 5.207 900.5925924887894 1784
160 0 0 0 19591.784 5.207 896.2946296709426 1793
170 16.6 578.3965783132534 822.2152453832962 19591.784 5.207 896.2946296709426 1793
180 20.9 4474.526038277512 2585.8259101137232 19591.784 0.399 869.3568672792242 1959
190 31 5641.363625806454 3352.986924955033 19591.784 0.34 1216.9031572878228 2168
200 26.1 6663.805103448277 4699.1241763040725 21560.639 0.34 1770.4070899919295 2478
210 23.2 7953.798870689654 3570.5790679331026 23204.427 0.34 2236.7002194231477 2739
220 26.5 6812.885671698114 3421.029222191051 23204.427 0.34 2683.138081117469 2971
230 26.6 4940.859206766919 3706.2588180805465 23204.427 0.34 3021.3281650185413 3236
240 24.1 3216.81643153527 6259.17791003967 52487.764 0.34 3167.1292093089664 3502
250 8.9 4951.4412696629215 10380.935217766013 52487.764 0.34 3170.3284133048355 3743
260 2.6 45.560884615384616 22.886026476243135 52487.764 0.34 3211.695596033403 3832
270 0.4 43.126250000000006 22.781827893904826 52487.764 0.34 3190.3582444271647 3858
280 0 0 0 52487.764 0.34 3187.0985530813055 3862
290 0 0 0 52487.764 0.34 3187.0985530813055 3862
300 0.4 60007.07425 9.26155743854414 60022.876 0.34 3187.0985530813055 3862
310 10.5 2112.893828571429 6084.756139908027 60022.876 0.34 3245.887974392137 3866
320 125.6 1167.8054299363073 2971.0958628833773 60022.876 0.294 3215.9296804331407 3971
330 125.2 1550.362382587861 3699.1894724099807 60022.876 0.289 2723.7842703271485 5227
340 64.2 2666.5746214953274 4241.782043044028 60022.876 0.275 2497.0325797190935 6479
350 30.8 6489.879090909091 4835.035089180608 60022.876 0.267 2512.317791181015 7121
360 23.9 6632.545326359834 3519.693584013449 60022.876 0.267 2677.224088167992 7429
370 19.7 3743.411837563454 3192.607252448193 60022.876 0.267 2800.505488262912 7668
380 0.2 9969.437 1743.5730000000003 60022.876 0.267 2824.1231043865237 7865
390 0.3 60003.723999999995 2.785585156954903 60022.876 0.267 2825.939632642686 7867
400 0.6 60003.93516666666 2.460384686498168 60022.876 0.267 2847.7354843710305 7870
410 1.5 60001.98793333334 2.6410124943950715 60022.876 0.267 2891.2775359319467 7876
420 1.4 60001.431214285716 2.431492080965426 60022.876 0.267 2999.8392715752134 7891
430 5.6 60115.163803571406 483.2210585567383 62228.897 0.267 3100.7908575585084 7905
440 2.2 60000.36740909091 1.6617044004447723 62228.897 0.267 3501.8466149981173 7961
450 0.4 60001.0885 0.7442494541498659 62228.897 0.267 3657.548413503697 7983
460 0 0 0 62228.897 0.267 3685.7660371854276 7987
470 0 0 0 62228.897 0.267 3685.7660371854276 7987
480 0 0 0 62228.897 0.267 3685.7660371854276 7987
490 0.8 90008.924875 29989.268439422463 120000.462 0.267 3685.7660371854276 7987
500 1.3 59998.89599999999 1.6357762212943674 120000.462 0.267 3772.143181738588 7995
510 0.1 60003.653 0.0 120000.462 0.267 3863.420377872129 8008
520 0 0 0 120000.462 0.267 3870.430021101262 8009
530 0 0 0 120000.462 0.267 3870.430021101262 8009
540 0 0 0 120000.462 0.267 3870.430021101262 8009
550 0.1 120041.926 0.0 120041.926 0.267 3870.430021101262 8009
560 0.9 73335.82577777776 24944.69726133406 120041.926 0.267 3884.933328963796 8010
570 0.2 89999.10800000001 29998.839000000004 120041.926 0.267 3962.880458535978 8019
580 0 0 0 120041.926 0.267 3984.33320196983 8021
590 0 0 0 120041.926 0.267 3984.33320196983 8021
600 0 0 0 120041.926 0.267 3984.33320196983 8021
610 0 0 0 120041.926 0.267 3984.33320196983 8021
620 0.3 120036.35733333335 47.25345762541171 120103.176 0.267 3984.33320196983 8021
630 0.1 120010.04 0.0 120103.176 0.267 4027.7225429960126 8024
640 0 0 0 120103.176 0.267 4042.1751682243 8025
650 0 0 0 120103.176 0.267 4042.1751682243 8025
660 0 0 0 120103.176 0.267 4042.1751682243 8025
670 0 0 0 120103.176 0.267 4042.1751682243 8025
680 0.4 120041.6915 37.9805083792976 120103.176 0.267 4042.1751682243 8025
688 0.1 120010.979 0.0 120103.176 0.267 4099.965436667082 8029
