10 0.6 9832.529333333334 2104.82680704436 13374.224 7055.942 0 0
20 1.9 15652.642526315789 3771.228542983438 22164.348 7055.942 9832.529333333334 6
30 0.4 20387.206749999998 3405.4401534547906 24443.91 7055.942 14255.815359999999 25
40 0.1 29419.959 0.0 29419.959 7055.942 15101.524517241378 29
50 0.4 8422.886999999999 1672.3628000283013 29419.959 5750.943 15578.805666666663 30
60 1.8 13162.796722222223 3061.6779363600567 29419.959 5750.943 14736.93288235294 34
70 3.4 18061.646058823524 3909.532802359864 29419.959 5750.943 14192.039596153843 52
80 0.3 26881.649333333335 2803.3762272261793 29436.54 5750.943 15721.884011627903 86
90 0.1 35765.016 0.0 35765.016 5750.943 16098.05587640449 89
100 0.1 10675.848 0.0 35765.016 5750.943 16316.577655555553 90
110 1.1 17347.762363636368 2370.5204867137304 35765.016 5750.943 16254.591615384614 91
120 3.6 22804.29177777778 3156.644420679155 35765.016 5750.943 16372.48257843137 102
130 5 28742.373519999994 4139.931318214412 38939.687 5750.943 18050.345847826087 138
140 1.5 37924.11026666666 3468.608919927824 42774.157 5750.943 20893.970228723403 188
150 0.6 46645.06416666667 4537.817560536541 53583.078 5750.943 22152.354960591132 203
160 0 0 0 53583.078 5750.943 22855.49493779904 209
170 0.1 62706.808 0.0 62706.808 5750.943 22855.49493779904 209
180 0 0 0 62706.808 5750.943 23045.263095238097 210
190 0.1 23373.977 0.0 62706.808 5750.943 23045.263095238097 210
200 0.4 30265.0925 5003.243407550572 62706.808 5750.943 23046.820981042652 211
210 1.7 40500.86847058824 3862.5298547570983 62706.808 5750.943 23181.11440465116 215
220 1.9 49047.521368421054 3504.5296682056487 62706.808 5750.943 24450.234314655176 232
230 5.4 56581.25587037037 3829.6007145250164 65797.565 5750.943 26312.18034661355 251
240 9.9 62475.42662626261 4574.193704118573 76698.125 5750.943 31671.29535737705 305
250 2.4 71429.43870833334 3495.462142338072 79772.555 5750.943 39219.832475247524 404
260 1.4 83278.49500000001 4774.312026412227 88847.817 5750.943 41025.97861915888 428
270 0.3 91467.029 4996.429581532461 95222.499 5750.943 42364.293617647054 442
280 0 0 0 95222.499 5750.943 42695.323294382026 445
290 0 0 0 95222.499 5750.943 42695.323294382026 445
300 0.4 124007.36825 3834.445837962858 129329.011 5750.943 42695.323294382026 445
310 0.1 124748.415 0.0 129329.011 5750.943 43419.70676837417 449
320 0.8 11423.920875 4239.53535168848 129329.011 5750.943 43600.437231111115 450
330 10.6 16957.251405660383 5230.3160498972275 129329.011 4383.134 43038.40201091703 458
340 8.5 25318.29629411765 4704.416148258753 129329.011 4383.134 38136.62547872341 564
350 6.2 35273.75812903227 5294.532576401391 129329.011 4383.134 36457.799622496146 649
360 4.1 45453.684780487805 4841.952194549005 129329.011 4383.134 36354.54987201125 711
370 4.9 53706.74593877551 5082.677689595979 129329.011 4383.134 36850.646323138295 752
380 0 0 0 129329.011 4383.134 37881.7934906367 801
390 0.3 70974.47633333334 1606.5363608102775 129329.011 4383.134 37881.7934906367 801
400 0.6 83463.76283333334 5219.12495946579 129329.011 4383.134 38005.27365049751 804
410 1.5 93557.53153333333 5381.801635781574 129329.011 4383.134 38342.0032 810
420 1.4 106079.2952857143 4395.1972033712855 129329.011 4383.134 39345.921896969696 825
430 4.3 117069.77281395346 4518.984955075348 129329.011 4383.134 40459.470439809294 839
440 1.6 122478.4813125 4450.751217918669 132190.0 4383.134 44194.43982993197 882
450 0.1 134434.074 0.0 134434.074 4383.134 45589.25571380846 898
460 0 0 0 134434.074 4383.134 45688.08198553949 899
470 0 0 0 134434.074 4383.134 45688.08198553949 899
480 0 0 0 134434.074 4383.134 45688.08198553949 899
490 0.5 173977.65420000002 2531.427960977226 177047.691 4383.134 45688.08198553949 899
500 0.5 178995.2554 3420.295151185155 184362.241 4383.134 46397.64820353982 904
510 0 0 0 184362.241 4383.134 47127.00797909791 909
520 0 0 0 184362.241 4383.134 47127.00797909791 909
530 0 0 0 184362.241 4383.134 47127.00797909791 909
540 0 0 0 184362.241 4383.134 47127.00797909791 909
550 0.1 232684.161 0.0 232684.161 4383.134 47127.00797909791 909
560 0.5 241700.4574 5131.841039907308 250013.954 4383.134 47330.91693846154 910
570 0.1 247995.058 0.0 250013.954 4383.134 48393.04557486338 915
580 0 0 0 250013.954 4383.134 48610.95170196506 916
590 0 0 0 250013.954 4383.134 48610.95170196506 916
600 0 0 0 250013.954 4383.134 48610.95170196506 916
610 0 0 0 250013.954 4383.134 48610.95170196506 916
620 0.3 303645.202 7049.38130765163 309792.171 4383.134 48610.95170196506 916
630 0.1 312171.236 0.0 312171.236 4383.134 49443.49005984765 919
640 0 0 0 312171.236 4383.134 49729.063696739126 920
650 0 0 0 312171.236 4383.134 49729.063696739126 920
660 0 0 0 312171.236 4383.134 49729.063696739126 920
670 0 0 0 312171.236 4383.134 49729.063696739126 920
680 0.4 365238.838 2387.599912768587 367283.172 4383.134 49729.063696739126 920
688 0.1 376781.148 0.0 376781.148 4383.134 51094.90687554112 924
