0 0.4 1890.4812499999998 311.46395192090455 2309.123 1578.745 0 0
10 2.3 4017.775130434783 2564.759147330015 11201.781 556.19 1890.4812499999998 4
20 0.3 6691.045999999999 1118.4028097893295 11201.781 556.19 3702.620481481482 27
30 0 0 0 11201.781 556.19 4001.4630333333334 30
40 0.1 1141.06 0.0 11201.781 556.19 4001.4630333333334 30
50 2.8 2835.6397142857145 1867.6687702335316 11201.781 335.565 3909.1919677419355 31
60 2.9 5174.17844827586 3075.2720498395897 14069.37 335.565 3399.7095423728815 59
70 0.2 4155.386 759.4209999999996 14069.37 335.565 3984.477704545454 88
80 0 0 0 14069.37 335.565 3988.275666666666 90
90 0.2 1442.488 363.07500000000005 14069.37 335.565 3988.275666666666 90
100 4.2 3591.3795952380947 1624.2483633699042 14069.37 335.565 3932.932456521739 92
110 5 5747.416179999999 2956.9317670132777 18616.734 335.565 3825.878574626865 134
120 2.5 6202.84116 3674.227977505475 18616.734 335.565 4348.035532608696 184
130 0.1 8442.972 0.0 18616.734 335.565 4569.902234449761 209
140 0 0 0 18616.734 335.565 4588.345423809524 210
150 0 0 0 18616.734 335.565 4588.345423809524 210
160 0 0 0 18616.734 335.565 4588.345423809524 210
170 2.5 2817.0854000000004 1349.9409206483963 18616.734 335.565 4588.345423809524 210
180 3 8339.6815 3262.563495424712 18616.734 335.565 4399.913506382979 235
190 4.2 13026.619523809524 4095.7835432788406 21759.166 335.565 4845.924977358492 265
200 7.7 17026.788181818178 3840.851437878655 25442.578 335.565 5965.107944625408 307
210 4.2 18547.408571428565 4223.214192765743 33512.767 335.565 8183.205283854167 384
220 2.3 20919.09943478261 4129.061600482144 33512.767 335.565 9205.028143192487 426
230 0.1 26860.728 0.0 33512.767 335.565 9805.08079287305 449
240 0 0 0 33512.767 335.565 9842.982231111111 450
250 0 0 0 33512.767 335.565 9842.982231111111 450
260 0 0 0 33512.767 335.565 9842.982231111111 450
270 0 0 0 33512.767 335.565 9842.982231111111 450
280 0 0 0 33512.767 335.565 9842.982231111111 450
290 0 0 0 33512.767 335.565 9842.982231111111 450
300 0 0 0 33512.767 335.565 9842.982231111111 450
310 0.6 3898.1665 1982.696835791069 33512.767 96.128 9842.982231111111 450
320 18.6 4372.946618279567 3352.8026494225246 33512.767 96.128 9764.760971491227 456
330 18.8 8524.837574468074 4472.66321503585 33512.767 96.128 8202.64653271028 642
340 7.4 11829.339256756757 5509.710154855169 33512.767 96.128 8275.62474457831 830
350 1.8 18744.416666666668 3172.624272632971 33512.767 96.128 8566.526153761059 904
360 0.3 21121.488 3796.8249266802723 33512.767 96.128 8765.226836225595 922
370 0 0 0 33512.767 96.128 8805.301196756755 925
380 0 0 0 33512.767 96.128 8805.301196756755 925
390 0 0 0 33512.767 96.128 8805.301196756755 925
400 0 0 0 33512.767 96.128 8805.301196756755 925
410 0 0 0 33512.767 96.128 8805.301196756755 925
420 0 0 0 33512.767 96.128 8805.301196756755 925
430 0 0 0 33512.767 96.128 8805.301196756755 925
440 0 0 0 33512.767 96.128 8805.301196756755 925
450 0 0 0 33512.767 96.128 8805.301196756755 925
460 0 0 0 33512.767 96.128 8805.301196756755 925
470 0 0 0 33512.767 96.128 8805.301196756755 925
480 0 0 0 33512.767 96.128 8805.301196756755 925
490 0 0 0 33512.767 96.128 8805.301196756755 925
500 0 0 0 33512.767 96.128 8805.301196756755 925
510 0 0 0 33512.767 96.128 8805.301196756755 925
520 0 0 0 33512.767 96.128 8805.301196756755 925
530 0 0 0 33512.767 96.128 8805.301196756755 925
540 0 0 0 33512.767 96.128 8805.301196756755 925
550 0 0 0 33512.767 96.128 8805.301196756755 925
560 0 0 0 33512.767 96.128 8805.301196756755 925
570 0 0 0 33512.767 96.128 8805.301196756755 925
580 0 0 0 33512.767 96.128 8805.301196756755 925
590 0 0 0 33512.767 96.128 8805.301196756755 925
600 0 0 0 33512.767 96.128 8805.301196756755 925
610 0 0 0 33512.767 96.128 8805.301196756755 925
620 0 0 0 33512.767 96.128 8805.301196756755 925
630 0 0 0 33512.767 96.128 8805.301196756755 925
640 0 0 0 33512.767 96.128 8805.301196756755 925
650 0 0 0 33512.767 96.128 8805.301196756755 925
660 0 0 0 33512.767 96.128 8805.301196756755 925
670 0 0 0 33512.767 96.128 8805.301196756755 925
680 0 0 0 33512.767 96.128 8805.301196756755 925
688 0 0 0 33512.767 96.128 8805.301196756755 925
