0 0.1 237.35 0 237.35 237.35 0 0
10 0.1 401.245 0.0 401.245 237.35 237.35 1
20 0 0 0 401.245 237.35 319.2975 2
30 0 0 0 401.245 237.35 319.2975 2
40 0 0 0 401.245 237.35 319.2975 2
50 0.3 304.296 63.698820507133384 401.245 237.35 319.2975 2
60 0.1 1571.163 0.0 1571.163 237.35 310.2966 5
70 0 0 0 1571.163 237.35 520.441 6
80 0 0 0 1571.163 237.35 520.441 6
90 0.2 342.80899999999997 51.41400000000003 1571.163 237.35 520.441 6
100 0.5 1823.8482 1464.975608297203 4580.589 237.35 476.033 8
110 0.6 5843.016166666665 839.0091232645443 7152.498 237.35 994.4234615384617 13
120 0 0 0 7152.498 237.35 2525.558 19
130 0 0 0 7152.498 237.35 2525.558 19
140 0 0 0 7152.498 237.35 2525.558 19
150 0 0 0 7152.498 237.35 2525.558 19
160 0 0 0 7152.498 237.35 2525.558 19
170 0.5 2455.0555999999997 576.9820737591768 7152.498 237.35 2525.558 19
180 0.9 7530.325777777778 795.403430448806 8446.956 237.35 2510.87 24
190 0.4 11009.31975 2425.001135827711 15096.861 237.35 3879.812484848485 33
200 0.2 15577.272 832.25 16409.522 237.35 4650.570027027027 37
210 0 0 0 16409.522 237.35 5210.913717948718 39
220 0 0 0 16409.522 237.35 5210.913717948718 39
230 0 0 0 16409.522 237.35 5210.913717948718 39
240 0 0 0 16409.522 237.35 5210.913717948718 39
250 0 0 0 16409.522 237.35 5210.913717948718 39
260 0 0 0 16409.522 237.35 5210.913717948718 39
270 0 0 0 16409.522 237.35 5210.913717948718 39
280 0 0 0 16409.522 237.35 5210.913717948718 39
290 0 0 0 16409.522 237.35 5210.913717948718 39
300 0 0 0 16409.522 237.35 5210.913717948718 39
310 0.4 863.8127499999998 1492.2841335294318 16409.522 1.263 5210.913717948718 39
320 3.9 3474.455641025641 4589.1175356051845 16409.522 1.17 4806.532232558139 43
330 1.2 15166.30025 538.9925849103623 16409.522 1.17 4172.983609756097 82
340 0.1 14227.958 0.0 16409.522 1.17 5576.385734042553 94
350 0 0 0 16409.522 1.17 5667.4549157894735 95
360 0 0 0 16409.522 1.17 5667.4549157894735 95
370 0 0 0 16409.522 1.17 5667.4549157894735 95
380 0 0 0 16409.522 1.17 5667.4549157894735 95
390 0 0 0 16409.522 1.17 5667.4549157894735 95
400 0 0 0 16409.522 1.17 5667.4549157894735 95
410 0 0 0 16409.522 1.17 5667.4549157894735 95
420 0 0 0 16409.522 1.17 5667.4549157894735 95
430 0 0 0 16409.522 1.17 5667.4549157894735 95
440 0 0 0 16409.522 1.17 5667.4549157894735 95
450 0 0 0 16409.522 1.17 5667.4549157894735 95
460 0 0 0 16409.522 1.17 5667.4549157894735 95
470 0 0 0 16409.522 1.17 5667.4549157894735 95
480 0 0 0 16409.522 1.17 5667.4549157894735 95
490 0 0 0 16409.522 1.17 5667.4549157894735 95
500 0 0 0 16409.522 1.17 5667.4549157894735 95
510 0 0 0 16409.522 1.17 5667.4549157894735 95
520 0 0 0 16409.522 1.17 5667.4549157894735 95
530 0 0 0 16409.522 1.17 5667.4549157894735 95
540 0 0 0 16409.522 1.17 5667.4549157894735 95
550 0 0 0 16409.522 1.17 5667.4549157894735 95
560 0 0 0 16409.522 1.17 5667.4549157894735 95
570 0 0 0 16409.522 1.17 5667.4549157894735 95
580 0 0 0 16409.522 1.17 5667.4549157894735 95
590 0 0 0 16409.522 1.17 5667.4549157894735 95
600 0 0 0 16409.522 1.17 5667.4549157894735 95
610 0 0 0 16409.522 1.17 5667.4549157894735 95
620 0 0 0 16409.522 1.17 5667.4549157894735 95
630 0 0 0 16409.522 1.17 5667.4549157894735 95
640 0 0 0 16409.522 1.17 5667.4549157894735 95
650 0 0 0 16409.522 1.17 5667.4549157894735 95
660 0 0 0 16409.522 1.17 5667.4549157894735 95
670 0 0 0 16409.522 1.17 5667.4549157894735 95
680 0 0 0 16409.522 1.17 5667.4549157894735 95
688 0 0 0 16409.522 1.17 5667.4549157894735 95
