10 0.6 14.656833333333333 0.9384258835352366 15.546 12.729 0 0
20 0.6 16.321833333333334 6.533330325254411 30.893 12.729 14.656833333333333 6
30 0.1 12.88 0.0 30.893 12.729 15.489333333333335 12
40 0 0 0 30.893 12.729 15.288615384615385 13
50 0.1 16.834 0.0 30.893 12.729 15.288615384615385 13
60 1 39.8133 39.82233198106309 155.156 12.729 15.399000000000001 14
70 0.3 21.270333333333333 8.271468121735639 155.156 12.729 25.571625 24
80 0.1 13.122 0.0 155.156 12.729 25.093703703703707 27
90 0 0 0 155.156 12.729 24.66614285714286 28
100 0 0 0 155.156 12.729 24.66614285714286 28
110 0 0 0 155.156 12.729 24.66614285714286 28
120 0.8 112.16075000000001 44.611427125653584 166.971 12.729 24.66614285714286 28
130 1.5 70.6226 75.25544444251193 278.643 12.729 44.109388888888894 36
140 0.1 14.26 0.0 278.643 12.729 51.90739215686275 51
150 0 0 0 278.643 12.729 51.18340384615385 52
160 0 0 0 278.643 12.729 51.18340384615385 52
170 0 0 0 278.643 12.729 51.18340384615385 52
180 0 0 0 278.643 12.729 51.18340384615385 52
190 0.1 4994.992 0.0 4994.992 12.729 51.18340384615385 52
200 0 0 0 4994.992 12.729 144.46281132075472 53
210 0.3 5110.665 392.07768091625246 5398.873 12.729 144.46281132075472 53
220 0.4 4742.158 892.7140847345805 6111.592 12.729 410.5093571428571 56
230 1.4 2699.7616428571428 423.4329964470021 6111.592 12.729 699.2859333333333 60
240 3.6 348.8899999999998 391.3252275064819 6111.592 4.718 1077.754310810811 74
250 1.1 64.93818181818182 34.17424692212273 6111.592 4.718 839.2169 110
260 0 0 0 6111.592 4.718 768.8279256198348 121
270 0 0 0 6111.592 4.718 768.8279256198348 121
280 0 0 0 6111.592 4.718 768.8279256198348 121
290 0 0 0 6111.592 4.718 768.8279256198348 121
300 0 0 0 6111.592 4.718 768.8279256198348 121
310 0 0 0 6111.592 4.718 768.8279256198348 121
320 0.5 0.9254 0.27528792200167446 6111.592 0.67 768.8279256198348 121
330 3.4 866.3526764705884 1889.5181611062012 6111.592 0.471 738.3556031746032 126
340 2.6 2026.5604999999998 2631.524761865246 6688.196 0.471 765.5549812500001 160
350 1.6 4727.537249999999 2757.6025595912 7097.379 0.471 941.8245698924733 186
360 2.2 5122.820272727272 1115.1127526425369 7097.379 0.471 1241.683 202
370 2.7 2244.5728518518517 453.24305968143125 7097.379 0.471 1622.866125 224
380 0 0 0 7097.379 0.471 1689.7429442231075 251
390 0 0 0 7097.379 0.471 1689.7429442231075 251
400 0 0 0 7097.379 0.471 1689.7429442231075 251
410 0 0 0 7097.379 0.471 1689.7429442231075 251
420 0 0 0 7097.379 0.471 1689.7429442231075 251
430 0.1 59998.358 0.0 59998.358 0.471 1689.7429442231075 251
440 0.2 60000.7565 1.0724999999965803 60001.829 0.471 1921.1263373015872 252
450 0 0 0 60001.829 0.471 2378.44625984252 254
460 0 0 0 60001.829 0.471 2378.44625984252 254
470 0 0 0 60001.829 0.471 2378.44625984252 254
480 0 0 0 60001.829 0.471 2378.44625984252 254
490 0 0 0 60001.829 0.471 2378.44625984252 254
500 0 0 0 60001.829 0.471 2378.44625984252 254
510 0 0 0 60001.829 0.471 2378.44625984252 254
520 0 0 0 60001.829 0.471 2378.44625984252 254
530 0 0 0 60001.829 0.471 2378.44625984252 254
540 0 0 0 60001.829 0.471 2378.44625984252 254
550 0 0 0 60001.829 0.471 2378.44625984252 254
560 0 0 0 60001.829 0.471 2378.44625984252 254
570 0 0 0 60001.829 0.471 2378.44625984252 254
580 0 0 0 60001.829 0.471 2378.44625984252 254
590 0 0 0 60001.829 0.471 2378.44625984252 254
600 0 0 0 60001.829 0.471 2378.44625984252 254
610 0 0 0 60001.829 0.471 2378.44625984252 254
620 0 0 0 60001.829 0.471 2378.44625984252 254
630 0 0 0 60001.829 0.471 2378.44625984252 254
640 0 0 0 60001.829 0.471 2378.44625984252 254
650 0 0 0 60001.829 0.471 2378.44625984252 254
660 0 0 0 60001.829 0.471 2378.44625984252 254
670 0 0 0 60001.829 0.471 2378.44625984252 254
680 0 0 0 60001.829 0.471 2378.44625984252 254
688 0 0 0 60001.829 0.471 2378.44625984252 254
