10 0.2 93.059 12.994 106.053 80.065 0 0
20 0.4 95.85975 9.03729365947018 106.076 80.065 93.059 2
30 0 0 0 106.076 80.065 94.92616666666667 6
40 0 0 0 106.076 80.065 94.92616666666667 6
50 0.4 140.14974999999998 75.07479939159013 264.341 78.928 94.92616666666667 6
60 1.3 200.84923076923076 230.04184427392065 978.314 78.928 113.01559999999999 10
70 0.3 96.93566666666668 12.91617245506148 978.314 78.928 162.6606956521739 23
80 0 0 0 978.314 78.928 155.07703846153845 26
90 0 0 0 978.314 78.928 155.07703846153845 26
100 0.4 1644.45325 561.686823890046 2277.202 78.928 155.07703846153845 26
110 0.8 1519.15475 349.3375401169154 2277.202 78.928 353.6605333333333 30
120 1.4 1131.220214285714 350.12498108332244 2277.202 78.928 599.0277368421051 38
130 0.2 1172.7005 18.346499999999935 2277.202 78.928 742.3103269230768 52
140 0 0 0 2277.202 78.928 758.2507037037036 54
150 0 0 0 2277.202 78.928 758.2507037037036 54
160 0 0 0 2277.202 78.928 758.2507037037036 54
170 0.1 779.013 0.0 2277.202 78.928 758.2507037037036 54
180 0.5 1754.1394 2201.3025618569204 5158.327 0.92 758.6281999999999 55
190 1.6 4270.618812500001 3358.1147852583 7975.438 0.899 841.5874666666665 60
200 0.6 6195.314166666666 268.26179514137334 7975.438 0.899 1563.4888026315791 76
210 1.7 6428.147588235295 429.8073665699218 7975.438 0.899 1902.4028536585367 82
220 2.5 5962.355480000001 679.8329575124837 7975.438 0.899 2679.55093939394 99
230 0.2 4981.81 430.08500000000004 7975.438 0.899 3341.4066935483875 124
240 0 0 0 7975.438 0.899 3367.4448412698416 126
250 0 0 0 7975.438 0.899 3367.4448412698416 126
260 0 0 0 7975.438 0.899 3367.4448412698416 126
270 0 0 0 7975.438 0.899 3367.4448412698416 126
280 0 0 0 7975.438 0.899 3367.4448412698416 126
290 0 0 0 7975.438 0.899 3367.4448412698416 126
300 0 0 0 7975.438 0.899 3367.4448412698416 126
310 0 0 0 7975.438 0.899 3367.4448412698416 126
320 4.4 1.2654545454545458 1.2358378912253944 7975.438 0.581 3367.4448412698416 126
330 6.3 1172.4371428571426 2534.0482757960085 9789.775 0.561 2496.198411764706 170
340 3 2534.2812333333336 3402.158154407715 9789.775 0.561 2138.2715450643777 233
350 1.3 4905.453153846153 3342.9105536618567 9789.775 0.524 2183.4437528517115 263
360 0.3 6541.486666666667 621.4239074348169 9789.775 0.524 2311.6543405797106 276
370 0 0 0 9789.775 0.524 2357.136408602151 279
380 0 0 0 9789.775 0.524 2357.136408602151 279
390 0 0 0 9789.775 0.524 2357.136408602151 279
400 0 0 0 9789.775 0.524 2357.136408602151 279
410 0 0 0 9789.775 0.524 2357.136408602151 279
420 0 0 0 9789.775 0.524 2357.136408602151 279
430 0 0 0 9789.775 0.524 2357.136408602151 279
440 0 0 0 9789.775 0.524 2357.136408602151 279
450 0 0 0 9789.775 0.524 2357.136408602151 279
460 0 0 0 9789.775 0.524 2357.136408602151 279
470 0 0 0 9789.775 0.524 2357.136408602151 279
480 0 0 0 9789.775 0.524 2357.136408602151 279
490 0 0 0 9789.775 0.524 2357.136408602151 279
500 0 0 0 9789.775 0.524 2357.136408602151 279
510 0 0 0 9789.775 0.524 2357.136408602151 279
520 0 0 0 9789.775 0.524 2357.136408602151 279
530 0 0 0 9789.775 0.524 2357.136408602151 279
540 0 0 0 9789.775 0.524 2357.136408602151 279
550 0 0 0 9789.775 0.524 2357.136408602151 279
560 0 0 0 9789.775 0.524 2357.136408602151 279
570 0 0 0 9789.775 0.524 2357.136408602151 279
580 0 0 0 9789.775 0.524 2357.136408602151 279
590 0 0 0 9789.775 0.524 2357.136408602151 279
600 0 0 0 9789.775 0.524 2357.136408602151 279
610 0 0 0 9789.775 0.524 2357.136408602151 279
620 0 0 0 9789.775 0.524 2357.136408602151 279
630 0 0 0 9789.775 0.524 2357.136408602151 279
640 0 0 0 9789.775 0.524 2357.136408602151 279
650 0 0 0 9789.775 0.524 2357.136408602151 279
660 0 0 0 9789.775 0.524 2357.136408602151 279
670 0 0 0 9789.775 0.524 2357.136408602151 279
680 0 0 0 9789.775 0.524 2357.136408602151 279
688 0 0 0 9789.775 0.524 2357.136408602151 279
