10 0.8 572.5337499999999 101.98423898665662 712.242 448.13 0 0
20 0.5 536.3907999999999 80.2568545369179 712.242 428.297 572.5337499999999 8
30 0 0 0 712.242 428.297 558.6326153846153 13
40 0 0 0 712.242 428.297 558.6326153846153 13
50 0.2 702.648 262.684 965.332 428.297 558.6326153846153 13
60 1.1 1031.4066363636366 601.9639777264346 2379.34 428.297 577.8346666666665 15
70 0.2 467.6715 54.72949999999997 2379.34 412.942 769.7305000000001 26
80 0 0 0 2379.34 412.942 748.1548571428573 28
90 0 0 0 2379.34 412.942 748.1548571428573 28
100 0 0 0 2379.34 412.942 748.1548571428573 28
110 0 0 0 2379.34 412.942 748.1548571428573 28
120 1 7793.339199999999 2483.9877872020147 12352.699 412.942 748.1548571428573 28
130 1.4 4876.198214285714 1515.1859693602055 12352.699 412.942 2602.1507368421053 38
140 0 0 0 12352.699 412.942 3214.3942884615385 52
150 0 0 0 12352.699 412.942 3214.3942884615385 52
160 0 0 0 12352.699 412.942 3214.3942884615385 52
170 0 0 0 12352.699 412.942 3214.3942884615385 52
180 0.1 1.115 0.0 12352.699 1.115 3214.3942884615385 52
190 0 0 0 12352.699 1.115 3153.7663773584904 53
200 0.3 14118.161333333332 9987.534519803185 21560.796 0.611 3153.7663773584904 53
210 0.2 19946.055500000002 3258.536500000001 23204.592 0.611 3741.1446785714284 56
220 0.5 15214.253200000001 1547.18851009092 23204.592 0.611 4299.934706896552 58
230 2 14494.108600000001 1156.0580020413513 23204.592 0.611 5166.15046031746 63
240 3.6 11696.238444444441 3021.757975122929 23204.592 0.611 7413.851216867471 83
250 0.2 4878.3245 2600.4465 23204.592 0.611 8709.363319327731 119
260 0 0 0 23204.592 0.611 8646.040363636363 121
270 0 0 0 23204.592 0.611 8646.040363636363 121
280 0 0 0 23204.592 0.611 8646.040363636363 121
290 0 0 0 23204.592 0.611 8646.040363636363 121
300 0 0 0 23204.592 0.611 8646.040363636363 121
310 0 0 0 23204.592 0.611 8646.040363636363 121
320 1.2 0.8148333333333335 0.5277881256295519 23204.592 0.485 8646.040363636363 121
330 4.1 1.0807560975609753 0.8520775122329327 23204.592 0.442 7866.020015037593 133
340 2.2 4280.295181818183 6273.955418133774 23204.592 0.402 6012.787201149425 174
350 2 11090.63675 5677.198512787763 23204.592 0.402 5818.32381122449 196
360 2.3 12740.306217391304 1056.1690533044812 23204.592 0.402 6306.500935185185 216
370 1.5 9659.011266666666 2712.5585565994934 23204.592 0.402 6925.653744769875 239
380 0 0 0 23204.592 0.402 7087.072496062992 254
390 0 0 0 23204.592 0.402 7087.072496062992 254
400 0 0 0 23204.592 0.402 7087.072496062992 254
410 0 0 0 23204.592 0.402 7087.072496062992 254
420 0 0 0 23204.592 0.402 7087.072496062992 254
430 0 0 0 23204.592 0.402 7087.072496062992 254
440 0 0 0 23204.592 0.402 7087.072496062992 254
450 0 0 0 23204.592 0.402 7087.072496062992 254
460 0 0 0 23204.592 0.402 7087.072496062992 254
470 0 0 0 23204.592 0.402 7087.072496062992 254
480 0 0 0 23204.592 0.402 7087.072496062992 254
490 0 0 0 23204.592 0.402 7087.072496062992 254
500 0 0 0 23204.592 0.402 7087.072496062992 254
510 0 0 0 23204.592 0.402 7087.072496062992 254
520 0 0 0 23204.592 0.402 7087.072496062992 254
530 0 0 0 23204.592 0.402 7087.072496062992 254
540 0 0 0 23204.592 0.402 7087.072496062992 254
550 0 0 0 23204.592 0.402 7087.072496062992 254
560 0 0 0 23204.592 0.402 7087.072496062992 254
570 0 0 0 23204.592 0.402 7087.072496062992 254
580 0 0 0 23204.592 0.402 7087.072496062992 254
590 0 0 0 23204.592 0.402 7087.072496062992 254
600 0 0 0 23204.592 0.402 7087.072496062992 254
610 0 0 0 23204.592 0.402 7087.072496062992 254
620 0 0 0 23204.592 0.402 7087.072496062992 254
630 0 0 0 23204.592 0.402 7087.072496062992 254
640 0 0 0 23204.592 0.402 7087.072496062992 254
650 0 0 0 23204.592 0.402 7087.072496062992 254
660 0 0 0 23204.592 0.402 7087.072496062992 254
670 0 0 0 23204.592 0.402 7087.072496062992 254
680 0 0 0 23204.592 0.402 7087.072496062992 254
688 0 0 0 23204.592 0.402 7087.072496062992 254
