10 0.2 11.039 1.2490000000000006 12.288 9.79 0 0
20 0.4 10.26225 1.8460230733931797 13.134 8.517 11.039 2
30 0 0 0 13.134 8.517 10.521166666666666 6
40 0 0 0 13.134 8.517 10.521166666666666 6
50 0.4 19.311 13.993575257953202 42.883 8.517 10.521166666666666 6
60 0.5 10.7644 2.6890235104959572 42.883 7.406 14.037099999999999 10
70 0.6 9.964333333333334 2.948365912765164 42.883 7.406 12.9462 15
80 0 0 0 42.883 7.406 12.094238095238094 21
90 0 0 0 42.883 7.406 12.094238095238094 21
100 0.1 518.194 0.0 518.194 7.406 12.094238095238094 21
110 0.9 420.6744444444445 428.88523637088934 1469.902 7.406 35.098772727272724 22
120 1.5 93.51366666666667 64.64464965194121 1469.902 7.406 147.04009677419356 31
130 0.8 48.034749999999995 14.539415993687642 1469.902 7.406 129.58582608695653 46
140 0.1 8.682 0.0 1469.902 7.406 117.5041851851852 54
150 0 0 0 1469.902 7.406 115.52560000000001 55
160 0 0 0 1469.902 7.406 115.52560000000001 55
170 0 0 0 1469.902 7.406 115.52560000000001 55
180 0 0 0 1469.902 7.406 115.52560000000001 55
190 0.6 4335.704833333333 2012.3547028166956 5668.875 0.828 115.52560000000001 55
200 0 0 0 5668.875 0.828 530.6251967213115 61
210 0.6 5654.219166666667 325.38573211723997 6015.73 0.828 530.6251967213115 61
220 1.7 4405.257117647058 379.96216839248 6015.73 0.828 989.4545074626866 67
230 1.9 3117.6322631578946 402.2096450683191 6015.73 0.828 1680.7478928571425 84
240 0.3 797.9633333333335 598.3906086274714 6015.73 0.828 1945.8042330097085 103
250 0 0 0 6015.73 0.828 1913.3181698113208 106
260 0 0 0 6015.73 0.828 1913.3181698113208 106
270 0 0 0 6015.73 0.828 1913.3181698113208 106
280 0 0 0 6015.73 0.828 1913.3181698113208 106
290 0 0 0 6015.73 0.828 1913.3181698113208 106
300 0 0 0 6015.73 0.828 1913.3181698113208 106
310 0 0 0 6015.73 0.828 1913.3181698113208 106
320 0.9 0.9542222222222221 0.54881585209082 6015.73 0.533 1913.3181698113208 106
330 3.6 246.64486111111106 1042.0741289723628 6015.73 0.477 1763.654904347826 115
340 1.7 2009.2904117647063 2768.2115127136863 6687.405 0.477 1401.9836357615893 151
350 1.5 6268.408666666667 642.9720696914361 7272.01 0.477 1463.4372976190475 168
360 1.3 4878.750461538461 1042.2010992016715 7272.01 0.477 1857.2874098360658 183
370 0.8 2409.217 510.9651720491819 7272.01 0.477 2057.6905714285713 196
380 0 0 0 7272.01 0.477 2071.475921568627 204
390 0 0 0 7272.01 0.477 2071.475921568627 204
400 0 0 0 7272.01 0.477 2071.475921568627 204
410 0 0 0 7272.01 0.477 2071.475921568627 204
420 0 0 0 7272.01 0.477 2071.475921568627 204
430 0 0 0 7272.01 0.477 2071.475921568627 204
440 0 0 0 7272.01 0.477 2071.475921568627 204
450 0 0 0 7272.01 0.477 2071.475921568627 204
460 0 0 0 7272.01 0.477 2071.475921568627 204
470 0 0 0 7272.01 0.477 2071.475921568627 204
480 0 0 0 7272.01 0.477 2071.475921568627 204
490 0 0 0 7272.01 0.477 2071.475921568627 204
500 0 0 0 7272.01 0.477 2071.475921568627 204
510 0 0 0 7272.01 0.477 2071.475921568627 204
520 0 0 0 7272.01 0.477 2071.475921568627 204
530 0 0 0 7272.01 0.477 2071.475921568627 204
540 0 0 0 7272.01 0.477 2071.475921568627 204
550 0 0 0 7272.01 0.477 2071.475921568627 204
560 0 0 0 7272.01 0.477 2071.475921568627 204
570 0 0 0 7272.01 0.477 2071.475921568627 204
580 0 0 0 7272.01 0.477 2071.475921568627 204
590 0 0 0 7272.01 0.477 2071.475921568627 204
600 0 0 0 7272.01 0.477 2071.475921568627 204
610 0 0 0 7272.01 0.477 2071.475921568627 204
620 0 0 0 7272.01 0.477 2071.475921568627 204
630 0 0 0 7272.01 0.477 2071.475921568627 204
640 0 0 0 7272.01 0.477 2071.475921568627 204
650 0 0 0 7272.01 0.477 2071.475921568627 204
660 0 0 0 7272.01 0.477 2071.475921568627 204
670 0 0 0 7272.01 0.477 2071.475921568627 204
680 0 0 0 7272.01 0.477 2071.475921568627 204
688 0 0 0 7272.01 0.477 2071.475921568627 204
