0 1.3 252.847 52.922385869817376 352.089 201.069 0 0
10 0.9 332.3744444444444 136.70814771143438 633.897 201.069 252.847 13
20 0 0 0 633.897 201.069 285.38095454545453 22
30 0 0 0 633.897 201.069 285.38095454545453 22
40 0.4 233.26475000000002 13.63489439590566 633.897 201.069 285.38095454545453 22
50 2.6 352.4276923076924 133.88897559797277 660.805 200.009 277.3630769230769 26
60 0.6 1144.7713333333334 651.020590045012 1827.929 200.009 314.8953846153846 52
70 0 0 0 1827.929 200.009 400.7446206896552 58
80 0 0 0 1827.929 200.009 400.7446206896552 58
90 1.1 305.1667272727273 66.37805315572159 1827.929 200.009 400.7446206896552 58
100 3.2 1449.8435625 941.9660923255457 4065.165 200.009 385.5075652173913 69
110 3.6 5925.000888888888 786.4355840196105 8331.484 200.009 722.7229306930693 101
120 0 0 0 8331.484 200.009 2089.7448759124086 137
130 0 0 0 8331.484 200.009 2089.7448759124086 137
140 0 0 0 8331.484 200.009 2089.7448759124086 137
150 0 0 0 8331.484 200.009 2089.7448759124086 137
160 0 0 0 8331.484 200.009 2089.7448759124086 137
170 2.9 1625.3388620689652 1107.979979465387 8331.484 200.009 2089.7448759124086 137
180 5.4 6735.728277777777 1679.8779265953892 10056.077 1.617 2008.6137048192768 166
190 5.1 10768.57190196078 1564.5269007582235 15171.994 1.617 3168.9054636363635 220
200 1.4 17253.662857142852 1274.364682111549 19066.999 1.617 4599.100992619925 271
210 0 0 0 19066.999 1.617 5220.728592982456 285
220 0 0 0 19066.999 1.617 5220.728592982456 285
230 0 0 0 19066.999 1.617 5220.728592982456 285
240 0 0 0 19066.999 1.617 5220.728592982456 285
250 0 0 0 19066.999 1.617 5220.728592982456 285
260 0 0 0 19066.999 1.617 5220.728592982456 285
270 0 0 0 19066.999 1.617 5220.728592982456 285
280 0 0 0 19066.999 1.617 5220.728592982456 285
290 0 0 0 19066.999 1.617 5220.728592982456 285
300 0 0 0 19066.999 1.617 5220.728592982456 285
310 3.2 3495.992625 2737.19249312056 19066.999 1.162 5220.728592982456 285
320 18.4 4099.074945652174 4806.939623061128 19066.999 1.037 5046.6227539432175 317
330 4.9 14947.96075510204 870.0686509704711 19066.999 1.037 4698.621163672654 501
340 0.1 13709.719 0.0 19066.999 1.037 5611.744145454545 550
350 0 0 0 19066.999 1.037 5626.441014519056 551
360 0 0 0 19066.999 1.037 5626.441014519056 551
370 0 0 0 19066.999 1.037 5626.441014519056 551
380 0 0 0 19066.999 1.037 5626.441014519056 551
390 0 0 0 19066.999 1.037 5626.441014519056 551
400 0 0 0 19066.999 1.037 5626.441014519056 551
410 0 0 0 19066.999 1.037 5626.441014519056 551
420 0 0 0 19066.999 1.037 5626.441014519056 551
430 0 0 0 19066.999 1.037 5626.441014519056 551
440 0 0 0 19066.999 1.037 5626.441014519056 551
450 0 0 0 19066.999 1.037 5626.441014519056 551
460 0 0 0 19066.999 1.037 5626.441014519056 551
470 0 0 0 19066.999 1.037 5626.441014519056 551
480 0 0 0 19066.999 1.037 5626.441014519056 551
490 0 0 0 19066.999 1.037 5626.441014519056 551
500 0 0 0 19066.999 1.037 5626.441014519056 551
510 0 0 0 19066.999 1.037 5626.441014519056 551
520 0 0 0 19066.999 1.037 5626.441014519056 551
530 0 0 0 19066.999 1.037 5626.441014519056 551
540 0 0 0 19066.999 1.037 5626.441014519056 551
550 0 0 0 19066.999 1.037 5626.441014519056 551
560 0 0 0 19066.999 1.037 5626.441014519056 551
570 0 0 0 19066.999 1.037 5626.441014519056 551
580 0 0 0 19066.999 1.037 5626.441014519056 551
590 0 0 0 19066.999 1.037 5626.441014519056 551
600 0 0 0 19066.999 1.037 5626.441014519056 551
610 0 0 0 19066.999 1.037 5626.441014519056 551
620 0 0 0 19066.999 1.037 5626.441014519056 551
630 0 0 0 19066.999 1.037 5626.441014519056 551
640 0 0 0 19066.999 1.037 5626.441014519056 551
650 0 0 0 19066.999 1.037 5626.441014519056 551
660 0 0 0 19066.999 1.037 5626.441014519056 551
670 0 0 0 19066.999 1.037 5626.441014519056 551
680 0 0 0 19066.999 1.037 5626.441014519056 551
688 0 0 0 19066.999 1.037 5626.441014519056 551
