10 0.6 16.717000000000002 3.8287995943028066 23.943 13.657 0 0
20 0.6 18.309 11.263687628836303 43.281 11.59 16.717000000000002 6
30 0.1 12.276 0.0 43.281 11.59 17.513 12
40 0 0 0 43.281 11.59 17.110153846153846 13
50 0.1 14.514 0.0 43.281 11.59 17.110153846153846 13
60 1 22.801 9.418074060018853 43.281 11.59 16.924714285714284 14
70 0.3 16.66033333333333 4.451718195134198 43.281 11.59 19.373166666666666 24
80 0.1 11.557 0.0 43.281 11.557 19.07174074074074 27
90 0 0 0 43.281 11.557 18.803357142857145 28
100 0 0 0 43.281 11.557 18.803357142857145 28
110 0 0 0 43.281 11.557 18.803357142857145 28
120 0.8 131.36825000000002 74.9697734953061 272.084 11.557 18.803357142857145 28
130 1.5 59.03913333333334 36.48700509289423 272.084 11.557 43.81777777777778 36
140 0.1 13.062 0.0 272.084 11.557 48.29464705882353 51
150 0 0 0 272.084 11.557 47.617096153846155 52
160 0 0 0 272.084 11.557 47.617096153846155 52
170 0 0 0 272.084 11.557 47.617096153846155 52
180 0 0 0 272.084 11.557 47.617096153846155 52
190 0 0 0 272.084 11.557 47.617096153846155 52
200 0.1 4870.58 0.0 4870.58 11.557 47.617096153846155 52
210 0.2 5954.228499999999 342.1495000000002 6296.378 11.557 138.6163962264151 53
220 0.4 4562.358749999999 630.7222285845703 6296.378 11.557 350.0932 55
230 0.9 2748.830222222222 407.84864842808685 6296.378 11.557 635.6705254237288 59
240 4.2 503.3757142857144 515.2642390455177 6296.378 11.557 915.3534264705881 68
250 1.1 59.36181818181819 41.59447719855952 6296.378 11.557 758.0528454545454 110
260 0 0 0 6296.378 11.557 694.535479338843 121
270 0 0 0 6296.378 11.557 694.535479338843 121
280 0 0 0 6296.378 11.557 694.535479338843 121
290 0 0 0 6296.378 11.557 694.535479338843 121
300 0 0 0 6296.378 11.557 694.535479338843 121
310 0 0 0 6296.378 11.557 694.535479338843 121
320 0.5 0.7734 0.2367324227899507 6296.378 0.495 694.535479338843 121
330 3.1 128.92667741935486 701.5881995222437 6296.378 0.427 667.005238095238 126
340 2.2 902.1579999999999 1948.626070652882 6296.378 0.415 560.7604267515923 157
350 1.3 4189.510538461539 3334.113881015732 7241.711 0.415 602.7199050279329 179
360 2.5 4761.28112 1220.1872997155579 7241.711 0.415 845.5755208333334 192
370 3 2193.875866666667 411.1820809498501 7241.711 0.415 1296.6936774193548 217
380 0 0 0 7241.711 0.415 1405.663174089069 247
390 0 0 0 7241.711 0.415 1405.663174089069 247
400 0 0 0 7241.711 0.415 1405.663174089069 247
410 0 0 0 7241.711 0.415 1405.663174089069 247
420 0 0 0 7241.711 0.415 1405.663174089069 247
430 0.4 60001.02 1.4004520698714298 60003.4 0.415 1405.663174089069 247
440 0 0 0 60003.4 0.415 2339.4537211155375 251
450 0 0 0 60003.4 0.415 2339.4537211155375 251
460 0 0 0 60003.4 0.415 2339.4537211155375 251
470 0 0 0 60003.4 0.415 2339.4537211155375 251
480 0 0 0 60003.4 0.415 2339.4537211155375 251
490 0.1 60043.544 0.0 60043.544 0.415 2339.4537211155375 251
500 0.2 59998.212 1.1019999999989523 60043.544 0.415 2568.438206349206 252
510 0 0 0 60043.544 0.415 3020.641149606299 254
520 0 0 0 60043.544 0.415 3020.641149606299 254
530 0 0 0 60043.544 0.415 3020.641149606299 254
540 0 0 0 60043.544 0.415 3020.641149606299 254
550 0 0 0 60043.544 0.415 3020.641149606299 254
560 0 0 0 60043.544 0.415 3020.641149606299 254
570 0 0 0 60043.544 0.415 3020.641149606299 254
580 0 0 0 60043.544 0.415 3020.641149606299 254
590 0 0 0 60043.544 0.415 3020.641149606299 254
600 0 0 0 60043.544 0.415 3020.641149606299 254
610 0 0 0 60043.544 0.415 3020.641149606299 254
620 0 0 0 60043.544 0.415 3020.641149606299 254
630 0 0 0 60043.544 0.415 3020.641149606299 254
640 0 0 0 60043.544 0.415 3020.641149606299 254
650 0 0 0 60043.544 0.415 3020.641149606299 254
660 0 0 0 60043.544 0.415 3020.641149606299 254
670 0 0 0 60043.544 0.415 3020.641149606299 254
680 0 0 0 60043.544 0.415 3020.641149606299 254
688 0 0 0 60043.544 0.415 3020.641149606299 254
