10 0.2 149.709 59.069 208.778 90.64 0 0
20 1 77.873 13.236082562450271 208.778 65.529 149.709 2
30 0 0 0 208.778 65.529 89.84566666666667 12
40 0 0 0 208.778 65.529 89.84566666666667 12
50 0.4 96.47625000000001 5.239396548029171 208.778 65.529 89.84566666666667 12
60 1.7 169.97747058823532 145.31158007379614 594.341 65.529 91.5033125 16
70 1.8 93.26005555555554 18.45875342327747 594.341 65.529 131.92939393939398 33
80 0.1 84.224 0.0 594.341 65.529 118.28139215686275 51
90 0 0 0 594.341 65.529 117.62644230769232 52
100 0.1 651.137 0.0 651.137 65.529 117.62644230769232 52
110 1.2 1817.518 584.438156776375 3014.058 65.529 127.69267924528303 53
120 2.7 1074.5312962962964 381.43870524777293 3014.058 65.529 439.66043076923074 65
130 1.5 551.8219333333333 160.00109556102697 3014.058 65.529 625.9812282608696 92
140 0.1 80.893 0.0 3014.058 65.529 615.5850654205607 107
150 0 0 0 3014.058 65.529 610.6342129629629 108
160 0 0 0 3014.058 65.529 610.6342129629629 108
170 0.1 741.491 0.0 3014.058 65.529 610.6342129629629 108
180 0 0 0 3014.058 65.529 611.834733944954 109
190 0.6 5865.218666666668 2709.4413772105413 8006.892 1.157 611.834733944954 109
200 1.4 6280.488714285713 557.2117224983984 8006.892 1.157 885.9243304347825 115
210 1.6 6333.055375 589.6771535771585 8006.892 1.157 1471.380930232558 129
220 2.6 5914.28376923077 805.4999584481349 8006.892 1.157 2007.8415586206893 145
230 4.5 4323.083733333334 545.190334513672 8006.892 1.157 2601.8035321637426 171
240 3.6 2166.3833055555565 1029.3126198346542 8006.892 1.157 2960.403574074074 216
250 0 0 0 8006.892 1.157 2846.972107142857 252
260 0 0 0 8006.892 1.157 2846.972107142857 252
270 0 0 0 8006.892 1.157 2846.972107142857 252
280 0 0 0 8006.892 1.157 2846.972107142857 252
290 0 0 0 8006.892 1.157 2846.972107142857 252
300 0 0 0 8006.892 1.157 2846.972107142857 252
310 0 0 0 8006.892 1.157 2846.972107142857 252
320 2.7 1.1763333333333337 0.5657476207377017 8006.892 0.571 2846.972107142857 252
330 11.9 767.5507478991593 2051.604874114889 8442.325 0.571 2571.5725161290325 279
340 7.9 1600.4254556962019 2889.562315585304 8442.325 0.571 2032.1790728643218 398
350 3.1 5952.352032258064 2981.7823283320863 8569.395 0.571 1960.6727085953878 477
360 2.4 6179.608041666666 949.7943788745573 8569.395 0.571 2204.2594389763776 508
370 2.2 2835.664090909091 674.842628246825 8569.395 0.571 2383.59847368421 532
380 0 0 0 8569.395 0.571 2401.550537906137 554
390 0 0 0 8569.395 0.571 2401.550537906137 554
400 0 0 0 8569.395 0.571 2401.550537906137 554
410 0 0 0 8569.395 0.571 2401.550537906137 554
420 0 0 0 8569.395 0.571 2401.550537906137 554
430 0.1 60002.019 0.0 60002.019 0.571 2401.550537906137 554
440 0.2 60002.6585 0.21050000000104774 60002.869 0.571 2505.335165765766 555
450 0 0 0 60002.869 0.571 2711.788750448833 557
460 0 0 0 60002.869 0.571 2711.788750448833 557
470 0 0 0 60002.869 0.571 2711.788750448833 557
480 0 0 0 60002.869 0.571 2711.788750448833 557
490 0 0 0 60002.869 0.571 2711.788750448833 557
500 0.1 60000.298 0.0 60002.869 0.571 2711.788750448833 557
510 0 0 0 60002.869 0.571 2814.456329749104 558
520 0 0 0 60002.869 0.571 2814.456329749104 558
530 0 0 0 60002.869 0.571 2814.456329749104 558
540 0 0 0 60002.869 0.571 2814.456329749104 558
550 0 0 0 60002.869 0.571 2814.456329749104 558
560 0 0 0 60002.869 0.571 2814.456329749104 558
570 0 0 0 60002.869 0.571 2814.456329749104 558
580 0 0 0 60002.869 0.571 2814.456329749104 558
590 0 0 0 60002.869 0.571 2814.456329749104 558
600 0 0 0 60002.869 0.571 2814.456329749104 558
610 0 0 0 60002.869 0.571 2814.456329749104 558
620 0 0 0 60002.869 0.571 2814.456329749104 558
630 0 0 0 60002.869 0.571 2814.456329749104 558
640 0 0 0 60002.869 0.571 2814.456329749104 558
650 0 0 0 60002.869 0.571 2814.456329749104 558
660 0 0 0 60002.869 0.571 2814.456329749104 558
670 0 0 0 60002.869 0.571 2814.456329749104 558
680 0 0 0 60002.869 0.571 2814.456329749104 558
688 0 0 0 60002.869 0.571 2814.456329749104 558
