10 0.1 44.31 0 44.31 44.31 0 0
20 0.5 10.1202 0.5742095088031901 44.31 9.391 44.31 1
30 0 0 0 44.31 9.391 15.8185 6
40 0 0 0 44.31 9.391 15.8185 6
50 0.2 12.02 0.31700000000000017 44.31 9.391 15.8185 6
60 0.3 15.659666666666666 4.405800746995058 44.31 9.391 14.868875 8
70 0.9 10.924555555555555 1.0272224806201224 44.31 9.391 15.084545454545456 11
80 0.1 10.694 0.0 44.31 9.391 13.212549999999998 20
90 0 0 0 44.31 9.391 13.092619047619047 21
100 0 0 0 44.31 9.391 13.092619047619047 21
110 0.5 360.92359999999996 335.66760551629045 1025.608 9.391 13.092619047619047 21
120 1 173.78579999999997 105.78011337656997 1025.608 9.391 79.9831923076923 26
130 1.6 73.08318749999998 76.94761179060296 1025.608 9.391 106.03947222222222 36
140 0.2 10.4215 0.24849999999999994 1025.608 9.391 95.89907692307692 52
150 0.1 10.839 0.0 1025.608 9.391 92.73324074074073 54
160 0 0 0 1025.608 9.391 91.24425454545454 55
170 0 0 0 1025.608 9.391 91.24425454545454 55
180 0 0 0 1025.608 9.391 91.24425454545454 55
190 0 0 0 1025.608 9.391 91.24425454545454 55
200 0.1 4548.257 0.0 4548.257 9.391 91.24425454545454 55
210 0.4 6793.785999999999 3146.290011297989 12232.367 9.391 170.83376785714285 56
220 0.3 7077.800333333333 4102.896648378259 12878.134 9.391 612.3639166666666 60
230 1.6 2837.3716875 470.45889523178835 12878.134 9.391 920.2418412698411 63
240 2.3 1511.5542173913045 2459.580631717281 12878.134 9.391 1308.5213037974681 79
250 0.4 2224.4497499999998 2246.259932313753 12878.134 9.391 1354.3032352941175 102
260 0 0 0 12878.134 9.391 1387.1389528301886 106
270 0 0 0 12878.134 9.391 1387.1389528301886 106
280 0 0 0 12878.134 9.391 1387.1389528301886 106
290 0 0 0 12878.134 9.391 1387.1389528301886 106
300 0 0 0 12878.134 9.391 1387.1389528301886 106
310 0 0 0 12878.134 9.391 1387.1389528301886 106
320 0.3 0.9826666666666668 0.2770046128777562 12878.134 0.636 1387.1389528301886 106
330 1.3 1.1908461538461539 0.6856686625425574 12878.134 0.532 1348.987862385321 109
340 1.8 2035.8557777777776 4565.725203883772 12878.134 0.442 1205.3701475409837 122
350 1.7 8090.477058823529 6102.874197766448 14800.036 0.442 1312.1468714285713 140
360 1.4 10017.00557142857 3095.712932195488 14800.036 0.442 2046.1061910828023 157
370 2.2 5864.739545454545 2494.817180708634 14800.036 0.442 2698.694444444444 171
380 0 0 0 14800.036 0.442 3059.590777202072 193
390 0 0 0 14800.036 0.442 3059.590777202072 193
400 0 0 0 14800.036 0.442 3059.590777202072 193
410 0 0 0 14800.036 0.442 3059.590777202072 193
420 0 0 0 14800.036 0.442 3059.590777202072 193
430 0.7 60000.76928571429 1.173541613393522 60002.37 0.442 3059.590777202072 193
440 0.2 59999.731499999994 0.834500000002663 60002.37 0.442 5052.5320249999995 200
450 0.1 60000.024 0.0 60002.37 0.442 5596.563702970296 202
460 0 0 0 60002.37 0.442 5864.561044334974 203
470 0 0 0 60002.37 0.442 5864.561044334974 203
480 0 0 0 60002.37 0.442 5864.561044334974 203
490 0 0 0 60002.37 0.442 5864.561044334974 203
500 0.1 59999.062 0.0 60002.37 0.442 5864.561044334974 203
510 0 0 0 60002.37 0.442 6129.926245098038 204
520 0 0 0 60002.37 0.442 6129.926245098038 204
530 0 0 0 60002.37 0.442 6129.926245098038 204
540 0 0 0 60002.37 0.442 6129.926245098038 204
550 0 0 0 60002.37 0.442 6129.926245098038 204
560 0 0 0 60002.37 0.442 6129.926245098038 204
570 0 0 0 60002.37 0.442 6129.926245098038 204
580 0 0 0 60002.37 0.442 6129.926245098038 204
590 0 0 0 60002.37 0.442 6129.926245098038 204
600 0 0 0 60002.37 0.442 6129.926245098038 204
610 0 0 0 60002.37 0.442 6129.926245098038 204
620 0 0 0 60002.37 0.442 6129.926245098038 204
630 0 0 0 60002.37 0.442 6129.926245098038 204
640 0 0 0 60002.37 0.442 6129.926245098038 204
650 0 0 0 60002.37 0.442 6129.926245098038 204
660 0 0 0 60002.37 0.442 6129.926245098038 204
670 0 0 0 60002.37 0.442 6129.926245098038 204
680 0 0 0 60002.37 0.442 6129.926245098038 204
688 0 0 0 60002.37 0.442 6129.926245098038 204
