0 1.6 16
10 1.4 30
20 0 30
30 0 30
40 1.1 41
50 4.2 83
60 0.7 90
70 0 90
80 0 90
90 2.1 111
100 9.2 203
110 0.7 210
120 0 210
130 0 210
140 0 210
150 0 210
160 0 210
170 11.6 326
180 12.4 450
190 0 450
200 0 450
210 0 450
220 0 450
230 0 450
240 0 450
250 0 450
260 0 450
270 0 450
280 0 450
290 0 450
300 0 450
310 24.5 695
320 23 925
330 0 925
340 0 925
350 0 925
360 0 925
370 0 925
380 0 925
390 0 925
400 0 925
410 0 925
420 0 925
430 0 925
440 0 925
450 0 925
460 0 925
470 0 925
480 0 925
490 0 925
500 0 925
510 0 925
520 0 925
530 0 925
540 0 925
550 0 925
560 0 925
570 0 925
580 0 925
590 0 925
600 0 925
610 0 925
620 0 925
630 0 925
640 0 925
650 0 925
660 0 925
670 0 925
680 0 925
688 0 925
