0 1.1 20.602272727272723 41.62476971072723 142.287 1.312 0 0
10 1.9 3.0365789473684206 5.628795040875833 142.287 1.257 20.602272727272723 11
20 0 0 0 142.287 1.257 9.47733333333333 30
30 0 0 0 142.287 1.257 9.47733333333333 30
40 1.5 3.178666666666667 5.7404690013583 142.287 1.218 9.47733333333333 30
50 3.6 2.379583333333333 3.8091261492412314 142.287 1.156 7.377777777777776 45
60 0.8 1.248 0.06862579689883393 142.287 1.156 5.156358024691357 81
70 0 0 0 142.287 1.156 4.805044943820224 89
80 0 0 0 142.287 1.156 4.805044943820224 89
90 4 1.6594500000000003 1.7377345589876494 142.287 1.087 4.805044943820224 89
100 7.2 2.2834166666666658 3.4818140576349625 142.287 0.97 3.8296666666666663 129
110 0.8 1.513375 0.5137153729206476 142.287 0.97 3.275786069651741 201
120 0 0 0 142.287 0.97 3.208325358851674 209
130 0 0 0 142.287 0.97 3.208325358851674 209
140 14.3 1.7218181818181821 2.6983694108538328 142.287 0.935 3.208325358851674 209
150 9.7 2.444958762886597 4.347875565887763 142.287 0.935 2.604431818181818 352
160 0 0 0 142.287 0.935 2.56997995545657 449
170 0 0 0 142.287 0.935 2.56997995545657 449
180 0 0 0 142.287 0.935 2.56997995545657 449
190 12.2 1.8761065573770501 2.8222980022024053 142.287 0.935 2.56997995545657 449
200 30.9 2.261711974110031 3.5702446596817525 142.287 0.935 2.421726795096322 571
210 4.3 1.8764651162790698 1.564294184383089 142.287 0.935 2.3655397727272724 880
220 0 0 0 142.287 0.935 2.3427551462621885 923
230 0 0 0 142.287 0.935 2.3427551462621885 923
240 0 0 0 142.287 0.935 2.3427551462621885 923
250 0 0 0 142.287 0.935 2.3427551462621885 923
260 22.4 1.772986607142857 2.828438009876386 142.287 0.935 2.3427551462621885 923
270 60.8 2.377256578947365 3.623635690171997 142.287 0.935 2.231483870967742 1147
280 9.5 2.3776315789473674 2.6266791002794534 142.287 0.935 2.281985185185184 1755
290 0 0 0 142.287 0.935 2.286896756756755 1850
300 0 0 0 142.287 0.935 2.286896756756755 1850
310 0 0 0 142.287 0.935 2.286896756756755 1850
320 0 0 0 142.287 0.935 2.286896756756755 1850
322 0 0 0 142.287 0.935 2.286896756756755 1850
