0 0.1 2.6867854294070725 0 2.6867854294070725 2.6867854294070725 0 0
10 0.1 0.5505505505505506 0.0 2.6867854294070725 0.5505505505505506 2.6867854294070725 1
20 0.1 1.3937282229965158 0.0 2.6867854294070725 0.5505505505505506 1.6186679899788117 2
30 0.1 0.9466865969108121 0.0 2.6867854294070725 0.5505505505505506 1.5436880676513798 3
40 0.1 0.1500750375187594 0.0 2.6867854294070725 0.1500750375187594 1.3944376999662378 4
50 0.1 0.29925187032418954 0.0 2.6867854294070725 0.1500750375187594 1.145565167476742 5
60 0.1 1.6974538192710935 0.0 2.6867854294070725 0.1500750375187594 1.00451295128465 6
70 0.1 2.4888003982080638 0.0 2.6867854294070725 0.1500750375187594 1.1035045038541418 7
80 0.1 0.998003992015968 0.0 2.6867854294070725 0.1500750375187594 1.276666490648382 8
90 0.1 0.1 0.0 2.6867854294070725 0.1 1.245703990800336 9
100 0.1 0.7462686567164178 0.0 2.6867854294070725 0.1 1.1311335917203025 10
110 0.1 3.6797613127797115 0.0 3.6797613127797115 0.1 1.096145870356313 11
120 0.1 4.898565066798614 0.0 4.898565066798614 0.1 1.3114471572249295 12
130 0.1 2.246630054917624 0.0 4.898565066798614 0.1 1.587379304115213 13
140 0.1 0.2997002997002997 0.0 4.898565066798614 0.1 1.6344686434582425 14
150 0.1 3.7661050545094152 0.0 4.898565066798614 0.1 1.5454840872077127 15
160 0.1 9.149040826364978 0.0 9.149040826364978 0.1 1.6842728976640693 16
170 0.1 7.319485657764589 0.0 9.149040826364978 0.1 2.1233768934700055 17
180 0.1 1.4947683109118086 0.0 9.149040826364978 0.1 2.4120496025974822 18
190 0.1 0.1500750375187594 0.0 9.149040826364978 0.1 2.3637716398771835 19
200 0.1 2.2977022977022976 0.0 9.149040826364978 0.1 2.2530868097592625 20
210 0.1 14.879759519038076 0.0 14.879759519038076 0.1 2.255211356804169 21
220 0.1 19.06421105027377 0.0 19.06421105027377 0.1 2.8290544550875283 22
230 0.1 7.121661721068249 0.0 19.06421105027377 0.1 3.534930828791278 23
240 0.1 1.935483870967742 0.0 19.06421105027377 0.1 3.6843779493028186 24
250 0.1 0.9495252373813095 0.0 19.06421105027377 0.1 3.6144221861694152 25
260 0.1 0.04997501249375312 0.0 19.06421105027377 0.04997501249375312 3.5119261496775653 26
270 0.1 3.2950574138791815 0.0 19.06421105027377 0.04997501249375312 3.383705737189276 27
280 0.1 28.40178129638793 0.0 28.40178129638793 0.04997501249375312 3.3805397256424863 28
290 0.1 33.81763527054108 0.0 33.81763527054108 0.04997501249375312 4.243341159116467 29
300 0.1 19.841269841269842 0.0 33.81763527054108 0.04997501249375312 5.22915096283062 30
310 0.1 2.2874191944306315 0.0 33.81763527054108 0.04997501249375312 5.70050963632866 31
320 0.1 0.24962556165751376 0.0 33.81763527054108 0.04997501249375312 5.593850560019347 32
322 0.1 0.14985014985014986 0.0 33.81763527054108 0.04997501249375312 5.431904347947777 33
