0 0.1 731.51171875 0 731.51171875 731.51171875 0 0
10 0.1 734.9765625 0.0 734.9765625 731.51171875 731.51171875 1
20 0.1 725.49609375 0.0 734.9765625 725.49609375 733.244140625 2
30 0.1 725.51171875 0.0 734.9765625 725.49609375 730.6614583333334 3
40 0.1 729.76953125 0.0 734.9765625 725.49609375 729.3740234375 4
50 0.1 726.6328125 0.0 734.9765625 725.49609375 729.453125 5
60 0.1 716.6796875 0.0 734.9765625 716.6796875 728.9830729166666 6
70 0.1 709.49609375 0.0 734.9765625 709.49609375 727.2254464285714 7
80 0.1 721.015625 0.0 734.9765625 709.49609375 725.00927734375 8
90 0.1 726.2421875 0.0 734.9765625 709.49609375 724.5655381944445 9
100 0.1 720.92578125 0.0 734.9765625 709.49609375 724.733203125 10
110 0.1 686.890625 0.0 734.9765625 686.890625 724.3870738636364 11
120 0.1 682.72265625 0.0 734.9765625 682.72265625 721.2623697916666 12
130 0.1 690.5234375 0.0 734.9765625 682.72265625 718.2977764423077 13
140 0.1 703.6171875 0.0 734.9765625 682.72265625 716.3138950892857 14
150 0.1 667.68359375 0.0 734.9765625 667.68359375 715.4674479166666 15
160 0.1 624.2734375 0.0 734.9765625 624.2734375 712.48095703125 16
170 0.1 626.265625 0.0 734.9765625 624.2734375 707.2922794117648 17
180 0.1 659.1875 0.0 734.9765625 624.2734375 702.7907986111111 18
190 0.1 668.22265625 0.0 734.9765625 624.2734375 700.4958881578947 19
200 0.1 666.19140625 0.0 734.9765625 624.2734375 698.8822265624999 20
210 0.1 542.8984375 0.0 734.9765625 542.8984375 697.3255208333333 21
220 0.1 506.0546875 0.0 734.9765625 506.0546875 690.3061079545454 22
230 0.1 574.7578125 0.0 734.9765625 506.0546875 682.2951766304348 23
240 0.1 630.44140625 0.0 734.9765625 506.0546875 677.814453125 24
250 0.1 638.67578125 0.0 734.9765625 506.0546875 675.91953125 25
260 0.1 642.5078125 0.0 734.9765625 506.0546875 674.4870793269231 26
270 0.1 635.55078125 0.0 734.9765625 506.0546875 673.3026620370371 27
280 0.1 379.7265625 0.0 734.9765625 379.7265625 671.9543805803571 28
290 0.1 286.0703125 0.0 734.9765625 286.0703125 661.8775592672414 29
300 0.1 408.89453125 0.0 734.9765625 286.0703125 649.3506510416667 30
310 0.1 561.296875 0.0 734.9765625 286.0703125 641.594002016129 31
320 0.1 609.734375 0.0 734.9765625 286.0703125 639.084716796875 32
322 0.1 612.5859375 0.0 734.9765625 286.0703125 638.1953125 33
