10 0.1 263 0 263 263 0 0
20 0.1 710.0 0.0 710 263 263.0 1
30 0.1 623.0 0.0 710 263 486.5 2
40 0.1 156.0 0.0 710 156 532.0 3
50 0.1 235.0 0.0 710 156 438.0 4
60 0.1 1305.0 0.0 1305 156 397.4 5
70 0.1 1830.0 0.0 1830 156 548.6666666666666 6
80 0.1 785.0 0.0 1830 156 731.7142857142857 7
90 0.1 48.0 0.0 1830 48 738.375 8
100 0.1 552.0 0.0 1830 48 661.6666666666666 9
110 0.1 2817.0 0.0 2817 48 650.7 10
120 0.1 2901.0 0.0 2901 48 847.6363636363636 11
130 0.1 1586.0 0.0 2901 48 1018.75 12
140 0.1 278.0 0.0 2901 48 1062.3846153846155 13
150 0.1 2847.0 0.0 2901 48 1006.357142857143 14
160 0.1 6085.0 0.0 6085 48 1129.0666666666666 15
170 0.1 4698.0 0.0 6085 48 1438.8125 16
180 0.1 1114.0 0.0 6085 48 1630.5294117647059 17
190 0.1 152.0 0.0 6085 48 1601.8333333333333 18
200 0.1 1971.0 0.0 6085 48 1525.5263157894738 19
210 0.1 10610.0 0.0 10610 48 1547.8 20
220 0.1 13354.0 0.0 13354 48 1979.3333333333333 21
230 0.1 5669.0 0.0 13354 48 2496.3636363636365 22
240 0.1 1101.0 0.0 13354 48 2634.304347826087 23
250 0.1 316.0 0.0 13354 48 2570.4166666666665 24
260 0.1 16.0 0.0 13354 16 2480.24 25
270 0.1 3455.0 0.0 13354 16 2385.461538461538 26
280 0.1 19487.0 0.0 19487 16 2425.074074074074 27
290 0.1 2.6e4 0.0 26000 16 3034.4285714285716 28
300 0.1 19585.0 0.0 26000 16 3826.344827586207 29
310 0.1 2418.0 0.0 26000 16 4351.633333333333 30
320 0.1 71.0 0.0 26000 16 4289.258064516129 31
322 0.1 12.0 0.0 26000 12 4157.4375 32
