10 0.1 206 0 206 206 0 0
20 0.1 389.0 0.0 389 206 206.0 1
30 0.1 273.0 0.0 389 206 297.5 2
40 0.1 77.0 0.0 389 77 289.3333333333333 3
50 0.1 203.0 0.0 389 77 236.25 4
60 0.1 755.0 0.0 755 77 229.6 5
70 0.1 968.0 0.0 968 77 317.1666666666667 6
80 0.1 289.0 0.0 968 77 410.14285714285717 7
90 0.1 40.0 0.0 968 40 395.0 8
100 0.1 470.0 0.0 968 40 355.55555555555554 9
110 0.1 1626.0 0.0 1626 40 367.0 10
120 0.1 1513.0 0.0 1626 40 481.45454545454544 11
130 0.1 894.0 0.0 1626 40 567.4166666666666 12
140 0.1 101.0 0.0 1626 40 592.5384615384615 13
150 0.1 2033.0 0.0 2033 40 557.4285714285714 14
160 0.1 3258.0 0.0 3258 40 655.8 15
170 0.1 2019.0 0.0 3258 40 818.4375 16
180 0.1 481.0 0.0 3258 40 889.0588235294117 17
190 0.1 61.0 0.0 3258 40 866.3888888888889 18
200 0.1 1767.0 0.0 3258 40 824.0 19
210 0.1 6403.0 0.0 6403 40 871.15 20
220 0.1 5715.0 0.0 6403 40 1134.5714285714287 21
230 0.1 2151.0 0.0 6403 40 1342.7727272727275 22
240 0.1 387.0 0.0 6403 40 1377.913043478261 23
250 0.1 364.0 0.0 6403 40 1336.6250000000002 24
260 0.1 17.0 0.0 6403 17 1297.7200000000003 25
270 0.1 2965.0 0.0 6403 17 1248.4615384615388 26
280 0.1 11859.0 0.0 11859 17 1312.0370370370374 27
290 0.1 10794.0 0.0 11859 17 1688.714285714286 28
300 0.1 6385.0 0.0 11859 17 2002.689655172414 29
310 0.1 1128.0 0.0 11859 17 2148.766666666667 30
320 0.1 56.0 0.0 11859 17 2115.8387096774195 31
322 0.1 9.0 0.0 11859 9 2051.46875 32
