10 0.5 11107.975999999999 1999.8430242156508 14390.085 8717.562 0 0
20 1.6 15809.0249375 3024.1452803758966 19714.283 8717.562 11107.975999999999 5
30 0.7 22170.36528571429 2715.005803453082 26481.11 8717.562 14689.72757142857 21
40 0.2 29061.183 1434.2520000000004 30495.435 8717.562 16559.887 28
50 0.7 10130.398714285717 1237.8609710101548 30495.435 8381.658 17393.30673333333 30
60 2.3 13462.061304347828 2861.422579706593 30495.435 5813.619 16019.243054054052 37
70 2.3 18564.18295652174 4105.240299010653 30495.435 5813.619 15038.990049999999 60
80 0.5 25311.6408 1715.2731645980357 30495.435 5813.619 16015.850734939759 83
90 0.1 35007.521 0.0 35007.521 5813.619 16544.020625 88
100 1.2 10633.751916666668 1896.5665091089147 35007.521 5813.619 16751.47568539326 89
110 5.1 14951.467235294118 3496.6793359349736 35007.521 5813.619 16024.617415841585 101
120 4.2 20422.515166666675 4548.150805345909 35007.521 5813.619 15664.547289473685 152
130 1.5 26593.11193333333 3715.686377026358 35007.521 5813.619 16694.622809278353 194
140 0.2 6896.02 228.1799999999996 35007.521 5813.619 17405.040688995217 209
150 5.7 11341.134456140351 3276.227433967387 35007.521 4121.392 17305.429118483415 211
160 10.9 16457.080752293576 4051.758089229028 35007.521 4121.392 16036.903761194031 268
170 5.7 21692.15292982456 4144.731508741813 35007.521 4121.392 16158.387294429707 377
180 1.3 29873.073230769234 3882.2826037754594 39280.769 4121.392 16885.17218202765 434
190 0.2 38276.1935 1518.6065000000017 39794.8 4121.392 17262.89637360179 447
200 2.9 8566.913655172413 2096.715917929805 39794.8 4121.392 17356.496806236082 449
210 20 13782.028035000001 3786.2268264954546 39794.8 4121.392 16823.23757740586 478
220 18.8 19024.53781382978 4408.547160221637 39794.8 4121.392 15926.125617994103 678
230 5 26606.247560000003 4212.676923175082 39794.8 4121.392 16598.76013625866 866
240 0.6 39943.354666666666 4504.962934158604 48213.578 4121.392 17145.02036681223 916
250 0 0 0 48213.578 4121.392 17293.382629067248 922
260 0.1 55402.119 0.0 55402.119 4121.392 17293.382629067248 922
270 6.1 9008.166803278687 2308.069212990401 55402.119 3378.885 17334.670534127847 923
280 31.4 14160.629929936304 3791.604500353054 55402.119 3378.885 16818.494997967482 984
290 41.1 19874.13480778588 4174.498082971126 55402.119 3378.885 16175.529180277352 1298
300 12.9 26508.79536434109 4473.511223851336 55402.119 3378.885 17065.01245289643 1709
310 1.1 37095.28072727273 2616.7828203848503 55402.119 3378.885 17727.824202393906 1838
320 0.1 57110.449 0.0 57110.449 3378.885 17843.044333153055 1849
322 0 0 0 57110.449 3378.885 17864.269957297296 1850
