0 13.20390625 13.20390625
10 50.0890625 63.29296875
20 37.67734375 100.9703125
30 9.5703125 110.540625
40 9.0859375 119.6265625
50 78.35546875 197.98203125
60 99.81953125 297.8015625
70 34.04765625 331.84921875
80 4.4640625 336.31328125
90 18.6890625 355.00234375
100 186.171875 541.17421875
110 171.04375 712.21796875
120 61.51640625 773.734375
130 9.7453125 783.4796875
140 150.4265625 933.90625
150 421.159375 1355.065625
160 252.89453125 1607.96015625
170 57.21953125 1665.1796875
180 13.33515625 1678.51484375
190 59.67421875 1738.1890625
200 690.94609375 2429.13515625
210 736.17578125 3165.3109375
220 247.40703125 3412.71796875
230 40.56875 3453.28671875
240 6.28359375 3459.5703125
250 0 3459.5703125
260 102.2078125 3561.778125
270 1191.1859375 4752.9640625
280 1496.49296875 6249.45703125
290 556.6078125 6806.06484375
300 113.4921875 6919.55703125
310 7.7171875 6927.27421875
320 1.2171875 6928.49140625
322 0 6928.49140625
