0 52.184375 52.184375
10 361.003125 413.1875
20 637.88203125 1051.06953125
30 109.04453125 1160.1140625
40 53.5765625 1213.690625
50 705.68515625 1919.37578125
60 1279.79453125 3199.1703125
70 915.13203125 4114.30234375
80 60.146875 4174.44921875
90 115.92421875 4290.3734375
100 1555.9734375 5846.346875
110 2518.8703125 8365.2171875
120 1182.925 9548.1421875
130 330.6984375 9878.840625
140 934.41796875 10813.25859375
150 4272.2359375 15085.49453125
160 4389.77890625 19475.2734375
170 1173.7890625 20649.0625
180 183.840625 20832.903125
190 369.75390625 21202.65703125
200 5406.3453125 26609.00234375
210 12053.6203125 38662.62265625
220 6098.221875 44760.84453125
230 1194.55234375 45955.396875
240 58.73515625 46014.13203125
250 0 46014.13203125
260 670.93125 46685.06328125
270 9849.065625 56534.12890625
280 21373.1875 77907.31640625
290 21046.61796875 98953.934375
300 3252.15390625 102206.08828125
310 100.0203125 102306.10859375
320 3.58828125 102309.696875
322 0 102309.696875
