10 0.4 71.386 15.710075445394903 87.24 45.279 0 0
20 0 0 0 87.24 45.279 71.386 4
30 0 0 0 87.24 45.279 71.386 4
40 0.3 55.62433333333333 38.26286960255624 109.319 22.969 71.386 4
50 0.3 32.022 16.29822704059146 109.319 20.42 64.631 7
60 0.3 19.025666666666666 0.7420055405603275 109.319 17.979 54.84830000000001 10
70 0 0 0 109.319 17.979 46.581538461538464 13
80 0 0 0 109.319 17.979 46.581538461538464 13
90 0.4 21.85475 1.4973121543285488 109.319 17.979 46.581538461538464 13
100 0.5 17.7164 0.533711757412183 109.319 16.899 40.76347058823529 17
110 0.1 16.934 0.0 109.319 16.899 35.5255 22
120 0 0 0 109.319 16.899 34.71717391304348 23
130 0 0 0 109.319 16.899 34.71717391304348 23
140 1.7 19.373117647058823 4.837033922005277 109.319 15.32 34.71717391304348 23
150 1.4 20.876499999999997 8.024997478860307 109.319 15.32 28.195950000000003 40
160 0 0 0 109.319 15.32 26.298314814814816 54
170 0 0 0 109.319 15.32 26.298314814814816 54
180 0 0 0 109.319 15.32 26.298314814814816 54
190 1.8 18.120166666666663 1.3184666283224613 109.319 15.32 26.298314814814816 54
200 2.7 23.555888888888884 22.584803580404067 136.692 15.248 24.253777777777778 72
210 0.7 19.360285714285716 4.145647001521535 136.692 14.994 24.063444444444443 99
220 0 0 0 136.692 14.994 23.752858490566037 106
230 0 0 0 136.692 14.994 23.752858490566037 106
240 0 0 0 136.692 14.994 23.752858490566037 106
250 0 0 0 136.692 14.994 23.752858490566037 106
260 2 19.1417 3.161921838059885 136.692 14.459 23.752858490566037 106
270 6.3 24.10120634920636 23.31827690083653 153.227 14.459 23.02092857142857 126
280 0.4 27.280749999999998 12.194152089731375 153.227 14.459 23.381021164021167 189
290 0 0 0 153.227 14.459 23.461844559585494 193
300 0 0 0 153.227 14.459 23.461844559585494 193
310 0 0 0 153.227 14.459 23.461844559585494 193
320 0 0 0 153.227 14.459 23.461844559585494 193
322 0 0 0 153.227 14.459 23.461844559585494 193
