10 0.1 18.607 0 18.607 18.607 0 0
20 0.4 14.46875 1.5793507170669847 18.607 12.662 18.607 1
30 0 0 0 18.607 12.662 15.2964 5
40 0 0 0 18.607 12.662 15.2964 5
50 0.1 14.278 0.0 18.607 12.662 15.2964 5
60 0.2 12.6395 0.1485000000000003 18.607 12.491 15.126666666666667 6
70 0.2 12.744499999999999 0.8265000000000007 18.607 11.918 14.504875 8
80 0 0 0 18.607 11.918 14.1528 10
90 0 0 0 18.607 11.918 14.1528 10
100 0.4 12.193 0.9290255647720361 18.607 11.305 14.1528 10
110 0.5 16.5714 9.146257499108582 34.829 11.161 13.592857142857142 14
120 0.3 13.310333333333332 2.383538872256032 34.829 11.161 14.376684210526316 19
130 0 0 0 34.829 11.161 14.231272727272726 22
140 0.3 15.973999999999998 4.986724843689159 34.829 11.161 14.231272727272726 22
150 1.2 18.95275 16.621091596347295 67.605 10.084 14.4404 25
160 1.7 11.503 0.825160162706397 67.605 10.084 15.903864864864865 37
170 0 0 0 67.605 10.084 14.518407407407405 54
180 0 0 0 67.605 10.084 14.518407407407405 54
190 0 0 0 67.605 10.084 14.518407407407405 54
200 0.8 10.414375 0.43382022126106595 67.605 9.402 14.518407407407405 54
210 2.6 11.960846153846152 2.8498714909260205 67.605 9.402 13.988854838709678 62
220 0.6 11.245666666666667 0.7858099148154226 67.605 9.402 13.389670454545454 88
230 0.1 12.064 0.0 67.605 9.402 13.252819148936169 94
240 0 0 0 67.605 9.402 13.240305263157895 95
250 0 0 0 67.605 9.402 13.240305263157895 95
260 0.1 10.569 0.0 67.605 9.402 13.240305263157895 95
270 2.4 13.715291666666666 8.210185069367432 67.605 9.402 13.212479166666666 96
280 5.2 18.06051923076923 10.2951785718633 79.413 9.402 13.313041666666665 120
290 1.7 15.35841176470588 4.750863030685285 79.413 9.402 14.748325581395346 172
300 0.2 14.835999999999999 2.691999999999999 79.413 9.402 14.803201058201054 189
310 0 0 0 79.413 9.402 14.803544502617799 191
320 0 0 0 79.413 9.402 14.803544502617799 191
322 0 0 0 79.413 9.402 14.803544502617799 191
