0 0.9 114.79944444444443 45.567252215479655 221.869 77.123 0 0
10 1 67.1507 25.66002723712506 221.869 31.457 114.79944444444443 9
20 0 0 0 221.869 31.457 89.72115789473685 19
30 0 0 0 221.869 31.457 89.72115789473685 19
40 0.8 29.431874999999998 6.067902035248674 221.869 23.959 89.72115789473685 19
50 1.9 21.52836842105263 3.9062037865631987 221.869 16.849 71.85766666666667 27
60 0.3 22.037666666666667 1.4765085694148732 221.869 16.849 51.069478260869566 46
70 0 0 0 221.869 16.849 49.29202040816326 49
80 0 0 0 221.869 16.849 49.29202040816326 49
90 2.7 23.353444444444445 5.265784246282321 221.869 16.849 49.29202040816326 49
100 4.4 19.2379090909091 3.8567426542130665 221.869 15.103 40.077 76
110 0.3 22.539666666666665 7.308973768974378 221.869 15.103 32.436 120
120 0 0 0 221.869 15.103 32.194626016260166 123
130 0 0 0 221.869 15.103 32.194626016260166 123
140 9 20.400588888888883 5.88830788539542 221.869 15.103 32.194626016260166 123
150 5.6 19.58208928571429 6.369101501660704 221.869 14.843 27.21123004694836 213
160 0 0 0 221.869 14.843 25.62300743494424 269
170 0 0 0 221.869 14.843 25.62300743494424 269
180 0 0 0 221.869 14.843 25.62300743494424 269
190 6.6 21.66577272727273 13.868818556218724 221.869 14.387 25.62300743494424 269
200 19.3 20.228689119170987 10.493887029668082 221.869 14.387 24.84337313432836 335
210 2.4 18.674916666666665 2.608091318644515 221.869 14.387 23.15656628787879 528
220 0 0 0 221.869 14.387 22.961711956521743 552
230 0 0 0 221.869 14.387 22.961711956521743 552
240 0 0 0 221.869 14.387 22.961711956521743 552
250 0 0 0 221.869 14.387 22.961711956521743 552
260 14 20.189492857142845 10.727017271821136 221.869 14.387 22.961711956521743 552
270 36.9 21.657428184281855 13.664975008167406 221.869 14.387 22.40085838150289 692
280 5.4 27.195944444444446 18.946642022832386 221.869 14.387 22.142304429783227 1061
290 0 0 0 221.869 14.387 22.387054708520186 1115
300 0 0 0 221.869 14.387 22.387054708520186 1115
310 0 0 0 221.869 14.387 22.387054708520186 1115
320 0 0 0 221.869 14.387 22.387054708520186 1115
322 0 0 0 221.869 14.387 22.387054708520186 1115
