10 0.4 49.58775 28.531154168513762 93.516 16.516 0 0
20 0.3 32.739666666666665 12.722071773976998 93.516 15.031 49.58775 4
30 0.2 24.302500000000002 5.538500000000002 93.516 15.031 42.36714285714286 7
40 0 0 0 93.516 15.031 38.35277777777778 9
50 0.4 19.93925 3.1769929473481677 93.516 15.031 38.35277777777778 9
60 0.6 17.145500000000002 1.9608192803009663 93.516 14.981 32.68707692307692 13
70 0.4 49.070750000000004 49.93950598161239 135.466 14.981 27.779210526315794 19
80 0 0 0 135.466 14.981 31.482086956521744 23
90 0 0 0 135.466 14.981 31.482086956521744 23
100 0.4 16.509999999999998 0.5502649361898323 135.466 14.981 31.482086956521744 23
110 1.9 20.90563157894737 11.470578447353802 135.466 14.981 29.264000000000003 27
120 1 16.9214 0.9378326289909095 135.466 14.981 25.81163043478261 46
130 0 0 0 135.466 14.981 24.224089285714285 56
140 0.1 17.324 0.0 135.466 14.981 24.224089285714285 56
150 2.8 18.523571428571433 8.240640021210952 135.466 14.081 24.1030350877193 57
160 2.9 17.206275862068967 6.061320994615133 135.466 13.732 22.26509411764706 85
170 0.2 22.5915 4.118500000000001 135.466 13.732 20.978201754385967 114
180 0.1 20.302 0.0 135.466 13.732 21.006017241379315 116
190 0 0 0 135.466 13.732 21.000000000000004 117
200 2.5 17.134240000000005 5.736152085013089 135.466 13.154 21.000000000000004 117
210 7.7 16.097246753246747 2.8181252272132427 135.466 13.154 20.31940845070423 142
220 3.8 16.27413157894737 1.9310779941600194 135.466 13.154 18.83490410958904 219
230 0 0 0 135.466 13.154 18.456268482490273 257
240 0 0 0 135.466 13.154 18.456268482490273 257
250 0 0 0 135.466 13.154 18.456268482490273 257
260 0 0 0 135.466 13.154 18.456268482490273 257
270 4.2 19.30266666666667 18.00688366215049 135.466 13.154 18.456268482490273 257
280 16.1 28.31867080745339 21.055506276416835 178.314 13.154 18.57516053511706 299
290 6.9 23.066028985507245 9.13703260422956 178.314 13.154 21.985389130434775 460
300 0.5 18.2472 3.0672168100739152 178.314 13.154 22.126342155009446 529
310 0 0 0 178.314 13.154 22.090020599250934 534
320 0 0 0 178.314 13.154 22.090020599250934 534
322 0 0 0 178.314 13.154 22.090020599250934 534
