10 0.2 104.404 32.25399999999999 136.658 72.15 0 0
20 0.4 36.13175 10.538768698832895 136.658 29.353 104.404 2
30 0.2 49.4225 21.4045 136.658 28.018 58.88916666666666 6
40 0.1 62.028 0.0 136.658 28.018 56.522499999999994 8
50 0.2 45.4585 14.792499999999997 136.658 28.018 57.13422222222222 9
60 0.8 45.45825 13.51188999316898 136.658 28.018 55.01136363636363 11
70 0.2 29.972499999999997 4.2695 136.658 25.703 50.989 19
80 0.2 47.358000000000004 11.681000000000003 136.658 25.703 48.987428571428566 21
90 0 0 0 136.658 25.703 48.84573913043477 23
100 0.1 53.413 0.0 136.658 25.703 48.84573913043477 23
110 1.6 33.31575000000001 10.587959739132938 136.658 25.358 49.036041666666655 24
120 1.2 32.482499999999995 4.680363296084325 136.658 25.358 42.747924999999995 40
130 0.4 31.53 2.9321578231739167 136.658 25.358 40.378980769230765 52
140 0 0 0 136.658 25.358 39.74691071428571 56
150 1.8 32.87738888888888 4.825715550152918 136.658 25.358 39.74691071428571 56
160 2.7 32.92729629629631 7.315613195811206 136.658 25.358 38.075945945945946 74
170 1.3 30.194538461538464 2.274302348325225 136.658 25.358 36.699574257425745 101
180 0.2 35.266999999999996 6.456000000000001 136.658 25.358 35.95777192982457 114
190 0.1 35.524 0.0 136.658 25.358 35.94586206896552 116
200 1.2 37.34258333333333 9.560927809391142 136.658 25.358 35.94225641025641 117
210 4.9 39.79665306122448 20.863878975397686 174.158 25.047 36.07251937984496 129
220 6.4 35.65725000000001 8.075374681709823 174.158 25.047 37.09770224719101 178
230 1.4 33.386785714285715 3.7305097732571815 174.158 25.047 36.716756198347106 242
240 0.1 35.5 0.0 174.158 25.047 36.5346484375 256
250 0 0 0 174.158 25.047 36.530622568093385 257
260 0 0 0 174.158 25.047 36.530622568093385 257
270 2 44.61855 27.994789412451382 174.158 25.047 36.530622568093385 257
280 11.8 71.73360169491528 21.67015829337656 182.43 25.047 37.11458844765343 277
290 11.1 56.46230630630629 19.870244798608454 182.43 25.047 47.45647088607596 395
300 2.4 33.702916666666674 5.296418160076572 182.43 25.047 49.43205928853756 506
310 0.4 33.139 2.0534413797330577 182.43 25.047 48.7197962264151 530
320 0 0 0 182.43 25.047 48.603086142322105 534
322 0 0 0 182.43 25.047 48.603086142322105 534
