0 3.1 31
10 5.3 84
20 3.3 117
30 1.7 134
40 1.3 147
50 0.8 155
60 5.4 209
70 10.3 312
80 8.5 397
90 3.1 428
100 1.2 440
110 1.1 451
120 1 461
130 1.2 473
140 12.5 598
150 18.4 782
160 17.3 955
170 6.5 1020
180 1.2 1032
190 2.4 1056
200 0.9 1065
210 0.4 1069
220 0.9 1078
230 1.5 1093
240 0.8 1101
250 0.4 1105
260 6.1 1166
270 16.5 1331
280 24.5 1576
290 14 1716
300 10.5 1821
310 10.3 1924
320 2.4 1948
330 7.9 2027
340 8.1 2108
350 3.3 2141
360 0.5 2146
370 0.7 2153
380 0.1 2154
390 0 2154
400 0 2154
410 0.3 2157
420 0 2157
430 0.2 2159
440 0 2159
450 0.5 2164
460 2.1 2185
470 5.8 2243
480 18.8 2431
490 19.5 2626
500 13 2756
510 1.5 2771
520 0.4 2775
530 1 2785
540 0.3 2788
550 0.4 2792
560 0.6 2798
570 1.9 2817
580 0.2 2819
590 0.1 2820
600 0.6 2826
610 0.1 2827
620 0.2 2829
630 0.3 2832
640 0 2832
650 0 2832
660 0 2832
670 0 2832
680 0.1 2833
690 0 2833
700 0 2833
710 0 2833
720 0.1 2834
730 0 2834
740 0 2834
750 0.3 2837
760 0.4 2841
770 0.7 2848
780 0.4 2852
790 0 2852
800 0 2852
810 0 2852
820 0 2852
830 0 2852
840 0 2852
843 0 2852
