0 2.2 22
10 4.5 67
20 1.7 84
30 1.1 95
40 0.8 103
50 0.1 104
60 3 134
70 7.2 206
80 6.4 270
90 2.5 295
100 0.9 304
110 0.7 311
120 0.6 317
130 0.1 318
140 6.5 383
150 15.2 535
160 10.1 636
170 2.9 665
180 0.8 673
190 2 693
200 0.9 702
210 0.5 707
220 0.6 713
230 1.4 727
240 0.5 732
250 0 732
260 0.7 739
270 13.1 870
280 13.3 1003
290 16.9 1172
300 4.4 1216
310 4.7 1263
320 2.2 1285
330 4.2 1327
340 5.5 1382
350 1.5 1397
360 0.5 1402
370 0.2 1404
380 0.1 1405
390 0 1405
400 0 1405
410 0.3 1408
420 0 1408
430 0 1408
440 0 1408
450 0 1408
460 0 1408
470 0.8 1416
480 5.4 1470
490 8.1 1551
500 7.5 1626
510 0.6 1632
520 0.2 1634
530 0.6 1640
540 0.3 1643
550 0.9 1652
560 1.1 1663
570 3 1693
580 0.4 1697
590 0.4 1701
600 0.8 1709
610 0.2 1711
620 0.1 1712
630 0.3 1715
640 0 1715
650 0 1715
660 0 1715
670 0.1 1716
680 0 1716
690 0 1716
700 0 1716
710 0 1716
720 0 1716
730 0 1716
740 0 1716
750 0.4 1720
760 0.3 1723
770 0.5 1728
780 0.3 1731
790 0 1731
800 0 1731
810 0 1731
820 0 1731
830 0 1731
840 0 1731
843 0 1731
