340 0.6 6
350 1.9 25
360 1.3 38
370 0 38
380 0 38
390 0 38
400 0 38
410 0 38
420 0 38
430 0 38
440 0 38
450 0 38
460 0 38
470 0 38
480 0 38
490 6.9 107
500 5.6 163
510 0.7 170
520 0.1 171
530 0.5 176
540 0.2 178
550 0.1 179
560 0.4 183
570 1.3 196
580 0.1 197
590 0 197
600 0.3 200
610 0 200
620 0.1 201
630 0 201
640 0 201
650 0 201
660 0 201
670 0 201
680 0 201
690 0 201
700 0 201
710 0 201
720 0 201
730 0 201
740 0 201
750 0 201
760 0.2 203
770 0.2 205
780 0 205
790 0 205
800 0 205
810 0 205
820 0 205
830 0 205
840 0 205
843 0 205
