0 16 16
10 25 9
20 20 -5
30 12 -8
40 8 -4
50 0 -8
60 29 29
70 57 28
80 36 -21
90 24 -12
100 20 -4
110 18 -2
120 12 -6
130 0 -12
140 69 69
150 110 41
160 70 -40
170 43 -27
180 35 -8
190 32 -3
200 32 0
210 32 0
220 31 -1
230 30 -1
240 25 -5
250 21 -4
260 35 14
270 185 150
280 217 32
290 201 -16
300 192 -9
310 181 -11
320 177 -4
330 139 -38
340 81 -58
350 59 -22
360 58 -1
370 53 -5
380 53 0
390 52 -1
400 53 1
410 50 -3
420 44 -6
430 47 3
440 46 -1
450 40 -6
460 18 -22
470 73 55
480 367 294
490 423 56
500 327 -96
510 235 -92
520 197 -38
530 192 -5
540 192 0
550 178 -14
560 135 -43
570 128 -7
580 126 -2
590 125 -1
600 122 -3
610 120 -2
620 107 -13
630 84 -23
640 78 -6
650 77 -1
660 71 -6
670 70 -1
680 67 -3
690 53 -14
700 42 -11
710 39 -3
720 34 -5
730 34 0
740 30 -4
750 27 -3
760 21 -6
770 16 -5
780 7 -9
790 7 0
800 7 0
810 5 -2
820 4 -1
830 1 -3
840 0 -1
843 0 0
