0 1.6 1.6673749999999998 2.4712581025410922 11.119 0.777 0 0
10 1.3 6.515000000000001 10.492454658907551 32.886 0.759 1.6673749999999998 16
20 0 0 0 32.886 0.759 3.840448275862069 29
30 0 0 0 32.886 0.759 3.840448275862069 29
40 0 0 0 32.886 0.759 3.840448275862069 29
50 0 0 0 32.886 0.759 3.840448275862069 29
60 3 2.3482666666666665 4.271183527886491 32.886 0.753 3.840448275862069 29
70 3 1.0521 0.9508255483175309 32.886 0.645 3.08171186440678 59
80 0 0 0 32.886 0.645 2.3975730337078653 89
90 0 0 0 32.886 0.645 2.3975730337078653 89
100 0 0 0 32.886 0.645 2.3975730337078653 89
110 0 0 0 32.886 0.645 2.3975730337078653 89
120 0 0 0 32.886 0.645 2.3975730337078653 89
130 0 0 0 32.886 0.645 2.3975730337078653 89
140 7 17.74420000000001 46.27109761259491 218.521 0.645 2.3975730337078653 89
150 5 2.1429399999999994 5.706172322704599 218.521 0.645 9.153949685534595 159
160 0 0 0 218.521 0.645 7.476674641148328 209
170 0 0 0 218.521 0.645 7.476674641148328 209
180 0 0 0 218.521 0.645 7.476674641148328 209
190 0 0 0 218.521 0.645 7.476674641148328 209
200 0 0 0 218.521 0.645 7.476674641148328 209
210 0 0 0 218.521 0.645 7.476674641148328 209
220 0 0 0 218.521 0.645 7.476674641148328 209
230 0 0 0 218.521 0.645 7.476674641148328 209
240 0 0 0 218.521 0.645 7.476674641148328 209
250 0 0 0 218.521 0.645 7.476674641148328 209
260 3.5 2.7777142857142874 5.534770949300838 218.521 0.645 7.476674641148328 209
270 15 2.4295599999999995 6.065174496505989 218.521 0.473 6.802643442622954 244
280 3.3 2.9549696969696964 7.2308074258263 218.521 0.473 5.137763959390865 394
290 0 0 0 218.521 0.473 4.969070257611244 427
300 0 0 0 218.521 0.473 4.969070257611244 427
310 0 0 0 218.521 0.473 4.969070257611244 427
320 0 0 0 218.521 0.473 4.969070257611244 427
330 0 0 0 218.521 0.473 4.969070257611244 427
340 0 0 0 218.521 0.473 4.969070257611244 427
350 0.1 9.689 0.0 218.521 0.473 4.969070257611244 427
360 0.3 1.163 0.46957640485867685 218.521 0.473 4.980098130841124 428
370 0.1 0.903 0.0 218.521 0.473 4.953529002320188 431
380 0.2 12.1475 11.2395 218.521 0.473 4.94415277777778 432
390 0.1 0.877 0.0 218.521 0.473 4.977347926267283 434
400 0.6 0.867 0.0646219776856141 218.521 0.473 4.967921839080462 435
410 1.8 1.9679999999999995 3.303597550819073 218.521 0.473 4.912126984126986 441
420 1.1 0.9589090909090909 0.21300296820187722 218.521 0.473 4.7966710239651436 459
430 0.7 0.872 0.09226204915503286 218.521 0.473 4.706851063829789 470
440 0 0 0 218.521 0.473 4.6505744234800845 477
450 0 0 0 218.521 0.473 4.6505744234800845 477
460 0 0 0 218.521 0.473 4.6505744234800845 477
470 7.3 2.3987260273972595 5.5449831805772165 218.521 0.473 4.6505744234800845 477
480 29.4 2.037404761904762 4.662670910158671 218.521 0.473 4.351692727272728 550
490 9.5 3.6883684210526337 7.6708566996373495 218.521 0.473 3.5455308056872044 844
500 3.6 8.704166666666667 36.28173799241155 220.295 0.473 3.559981895633653 939
510 1.9 1.4087894736842108 1.9087981222403128 220.295 0.473 3.749921025641026 975
520 0.6 0.9836666666666667 0.30829405155179723 220.295 0.473 3.7051710261569415 994
530 0.1 0.874 0.0 220.295 0.473 3.688842 1000
540 0 0 0 220.295 0.473 3.68602997002997 1001
550 0.3 5.128333333333333 3.117667646744206 220.295 0.473 3.68602997002997 1001
560 2.2 2.9190454545454547 6.170181708516832 220.295 0.473 3.690339641434263 1004
570 0.9 1.9850000000000003 3.1565310072926573 220.295 0.473 3.6738011695906434 1026
580 0 0 0 220.295 0.473 3.6591159420289854 1035
590 0 0 0 220.295 0.473 3.6591159420289854 1035
600 0.1 0.849 0.0 220.295 0.473 3.6591159420289854 1035
610 0 0 0 220.295 0.473 3.656403474903475 1036
620 0.2 5.9719999999999995 5.202 220.295 0.473 3.656403474903475 1036
630 0.8 0.848875 0.03948239322786804 220.295 0.473 3.6608651252408477 1038
640 0.6 1.823833333333334 1.4124677479110417 220.295 0.473 3.639358508604207 1046
650 0.1 9.249 0.0 220.295 0.473 3.6290038022813693 1052
660 0.1 0.832 0.0 220.295 0.473 3.6343409306742642 1053
670 0 0 0 220.295 0.473 3.6316821631878557 1054
680 0.1 0.874 0.0 220.295 0.473 3.6316821631878557 1054
690 0 0 0 220.295 0.473 3.6290682464454975 1055
700 0 0 0 220.295 0.473 3.6290682464454975 1055
710 0 0 0 220.295 0.473 3.6290682464454975 1055
720 0.1 22.076 0.0 220.295 0.473 3.6290682464454975 1055
730 0 0 0 220.295 0.473 3.646536931818182 1056
740 0 0 0 220.295 0.473 3.646536931818182 1056
750 0 0 0 220.295 0.473 3.646536931818182 1056
760 0 0 0 220.295 0.473 3.646536931818182 1056
770 0 0 0 220.295 0.473 3.646536931818182 1056
780 0 0 0 220.295 0.473 3.646536931818182 1056
790 0 0 0 220.295 0.473 3.646536931818182 1056
800 0 0 0 220.295 0.473 3.646536931818182 1056
810 0 0 0 220.295 0.473 3.646536931818182 1056
820 0 0 0 220.295 0.473 3.646536931818182 1056
830 0 0 0 220.295 0.473 3.646536931818182 1056
840 0 0 0 220.295 0.473 3.646536931818182 1056
843 0 0 0 220.295 0.473 3.646536931818182 1056
