0 0.1 1.0231416990285882 0 1.0231416990285882 1.0231416990285882 0 0
10 0.1 0.6 0.0 1.0231416990285882 0.6 1.0231416990285882 1
20 0.1 0.9481037924151697 0.0 1.0231416990285882 0.6 0.8115708495142941 2
30 0.1 1.2974051896207583 0.0 1.2974051896207583 0.6 0.8570818304812526 3
40 0.1 0.29955067398901647 0.0 1.2974051896207583 0.29955067398901647 0.9671626702661291 4
50 0.1 0.8491508491508492 0.0 1.2974051896207583 0.29955067398901647 0.8336402710107066 5
60 0.1 0.0 0.0 1.2974051896207583 0.0 0.836225367367397 6
70 0.1 0.4995004995004995 0.0 1.2974051896207583 0.0 0.716764600600626 7
80 0.1 2.29426433915212 0.0 2.29426433915212 0.0 0.6896065879631103 8
90 0.1 0.75 0.0 2.29426433915212 0.0 0.867901893650778 9
100 0.1 1.9890601690701142 0.0 2.29426433915212 0.0 0.8561117042857003 10
110 0.1 0.8478802992518704 0.0 2.29426433915212 0.0 0.9591070192661015 11
120 0.1 1.35 0.0 2.29426433915212 0.0 0.9498381259315822 12
130 0.1 1.1488511488511488 0.0 2.29426433915212 0.0 0.9806198085522297 13
140 0.1 0.24962556165751376 0.0 2.29426433915212 0.0 0.9926363328592954 14
150 0.1 1.098901098901099 0.0 2.29426433915212 0.0 0.9431022814458433 15
160 0.1 1.5415216310293387 0.0 2.29426433915212 0.0 0.9528397075367967 16
170 0.1 0.8487269096355468 0.0 2.29426433915212 0.0 0.9874680559775345 17
180 0.1 0.39980009995002497 0.0 2.29426433915212 0.0 0.9797602145140909 18
190 0.1 0.25012506253126565 0.0 2.29426433915212 0.0 0.9492359979580873 19
200 0.1 1.3986013986013985 0.0 2.29426433915212 0.0 0.9142804511867462 20
210 0.1 0.5494505494505495 0.0 2.29426433915212 0.0 0.9373433534445869 21
220 0.1 0.3 0.0 2.29426433915212 0.0 0.9197118623539489 22
230 0.1 1.0468594217347957 0.0 2.29426433915212 0.0 0.8927678683385598 23
240 0.1 0.8999999999999999 0.0 2.29426433915212 0.0 0.8991883497300696 24
250 0.1 0.2997002997002997 0.0 2.29426433915212 0.0 0.8992208157408668 25
260 0.1 0.15 0.0 2.29426433915212 0.0 0.876162334354691 26
270 0.1 0.4495504495504496 0.0 2.29426433915212 0.0 0.849267433082295 27
280 0.1 1.488095238095238 0.0 2.29426433915212 0.0 0.8349918265275863 28
290 0.1 1.05 0.0 2.29426433915212 0.0 0.8575126338230226 29
300 0.1 1.0 0.0 2.29426433915212 0.0 0.8639288793622552 30
310 0.1 0.6487025948103792 0.0 2.29426433915212 0.0 0.8683182703505695 31
320 0.1 0.8 0.0 2.29426433915212 0.0 0.8614552804899386 32
330 0.1 0.5499999999999999 0.0 2.29426433915212 0.0 0.8595929992629707 33
340 0.1 0.8955223880597015 0.0 2.29426433915212 0.0 0.8504873228140599 34
350 0.1 1.096163428001993 0.0 2.29426433915212 0.0 0.8517740389639354 35
360 0.1 0.7984031936127743 0.0 2.29426433915212 0.0 0.8585626331038815 36
370 0.1 0.10005002501250625 0.0 2.29426433915212 0.0 0.8569367023068245 37
380 0.1 0.1500750375187594 0.0 2.29426433915212 0.0 0.8370186318517109 38
390 0.1 0.05 0.0 2.29426433915212 0.0 0.8194046935354814 39
400 0.1 0.29940119760479045 0.0 2.29426433915212 0.0 0.8001695761970943 40
410 0.1 0.1998001998001998 0.0 2.29426433915212 0.0 0.787955713304599 41
420 0.1 0.7492507492507493 0.0 2.29426433915212 0.0 0.7739520106021134 42
430 0.1 0.25 0.0 2.29426433915212 0.0 0.7733775626637095 43
440 0.1 0.10010010010010009 0.0 2.29426433915212 0.0 0.7614826180577161 44
450 0.1 0.14985014985014986 0.0 2.29426433915212 0.0 0.746785228769769 45
460 0.1 0.19990004997501248 0.0 2.29426433915212 0.0 0.7338083792280383 46
470 0.1 0.25012506253126565 0.0 2.29426433915212 0.0 0.7224486275418037 47
480 0.1 1.14713216957606 0.0 2.29426433915212 0.0 0.7126085532707509 48
490 0.1 5.029585798816568 0.0 5.029585798816568 0.0 0.7214763821749409 49
500 0.1 6.036615536862939 0.0 6.036615536862939 0.0 0.8076385705077734 50
510 0.1 4.561229548834903 0.0 6.036615536862939 0.0 0.9101675306323845 51
520 0.1 2.286282306163022 0.0 6.036615536862939 0.0 0.9803802617516637 52
530 0.1 0.6993006993006993 0.0 6.036615536862939 0.0 1.0050199229669725 53
540 0.1 0.4995004995004995 0.0 6.036615536862939 0.0 0.9993584558620415 54
550 0.1 0.05002501250625312 0.0 6.036615536862939 0.0 0.9902701293827408 55
560 0.1 0.8968609865470852 0.0 6.036615536862939 0.0 0.9734800380099464 56
570 0.1 1.1454183266932272 0.0 6.036615536862939 0.0 0.9721358441246329 57
580 0.1 0.7996001999000499 0.0 6.036615536862939 0.0 0.9751234731344363 58
590 0.1 0.19990004997501248 0.0 6.036615536862939 0.0 0.9721485024016501 59
600 0.1 0.3996003996003996 0.0 6.036615536862939 0.0 0.9592776948612062 60
610 0.1 0.050075112669003496 0.0 6.036615536862939 0.0 0.9501026572339798 61
620 0.1 1.2462612163509472 0.0 6.036615536862939 0.0 0.9355860839345448 62
630 0.1 0.24987506246876562 0.0 6.036615536862939 0.0 0.9405174352427416 63
640 0.1 0.6979062811565304 0.0 6.036615536862939 0.0 0.9297261481681482 64
650 0.1 0.4488778054862843 0.0 6.036615536862939 0.0 0.9261596886756618 65
660 0.1 0.10010010010010009 0.0 6.036615536862939 0.0 0.9189281449909742 66
670 0.1 0.2001000500250125 0.0 6.036615536862939 0.0 0.9067068308881253 67
680 0.1 0.14985014985014986 0.0 6.036615536862939 0.0 0.896315554698962 68
690 0.1 0.0 0.0 6.036615536862939 0.0 0.8854972154982546 69
700 0.1 0.2997002997002997 0.0 6.036615536862939 0.0 0.8728472552768509 70
710 0.1 0.34965034965034963 0.0 6.036615536862939 0.0 0.8647747629447868 71
720 0.1 0.19990004997501248 0.0 6.036615536862939 0.0 0.8576202572045862 72
730 0.1 0.10010010010010009 0.0 6.036615536862939 0.0 0.8486103913521263 73
740 0.1 0.09995002498750624 0.0 6.036615536862939 0.0 0.8384953874162882 74
750 0.1 0.14992503748125938 0.0 6.036615536862939 0.0 0.8286481159172377 75
760 0.1 0.14992503748125938 0.0 6.036615536862939 0.0 0.8197175490957117 76
770 0.1 0.1500750375187594 0.0 6.036615536862939 0.0 0.8110189450487708 77
780 0.1 0.19990004997501248 0.0 6.036615536862939 0.0 0.8025453052086424 78
790 0.1 0.10005002501250625 0.0 6.036615536862939 0.0 0.794916884256318 79
800 0.1 0.3498250874562719 0.0 6.036615536862939 0.0 0.7862310485157704 80
810 0.1 1.0005002501250626 0.0 6.036615536862939 0.0 0.7808433206014557 81
820 0.1 0.09995002498750624 0.0 6.036615536862939 0.0 0.7835220636444264 82
830 0.1 0.05 0.0 6.036615536862939 0.0 0.7752862559497647 83
840 0.1 0.14985014985014986 0.0 6.036615536862939 0.0 0.7666518957598866 84
843 0.1 0.0 0.0 6.036615536862939 0.0 0.7593954046315368 85
