0 0 0
10 0.4 4
20 0.5 9
30 0.9 18
40 0.3 21
50 0.8 29
60 0.1 30
70 0.2 32
80 2.1 53
90 1.2 65
100 0.4 69
110 0.2 71
120 0.7 78
130 1.1 89
140 0.1 90
150 0.9 99
160 4.1 140
170 2.6 166
180 0.8 174
190 0.3 177
200 0 177
210 0 177
220 0.1 178
230 0.1 179
240 0.5 184
250 0.6 190
260 1.9 209
270 0 209
280 0.1 210
290 1.6 226
300 0.9 235
310 1.1 246
320 0.4 250
330 3.8 288
340 5.8 346
350 2.2 368
360 0.1 369
370 0.4 373
380 0.1 374
390 0 374
400 0 374
410 0.1 375
420 0.3 378
430 0.2 380
440 0.1 381
450 0.6 387
460 2.2 409
470 1.8 427
480 0 427
490 1.9 446
500 9.6 542
510 9.4 636
520 4 676
530 0.6 682
540 0 682
550 1.3 695
560 3.9 734
570 1.2 746
580 0.2 748
590 0.1 749
600 0.3 752
610 0.2 754
620 1.2 766
630 2.4 790
640 0.5 795
650 0.2 797
660 0.6 803
670 0.1 804
680 0.3 807
690 1.4 821
700 1.1 832
710 0.4 836
720 0.4 840
730 0.1 841
740 0.3 844
750 0.3 847
760 0.6 853
770 0.5 858
780 0.9 867
790 0 867
800 0 867
810 0.2 869
820 0.1 870
830 0.3 873
840 0.1 874
843 0 874
