60 0.1 1
70 0 1
80 0 1
90 0 1
100 0 1
110 0 1
120 0 1
130 0 1
140 0.1 2
150 0 2
160 0 2
170 0 2
180 0 2
190 0 2
200 0 2
210 0 2
220 0 2
230 0 2
240 0 2
250 0 2
260 0.1 3
270 0 3
280 0 3
290 0 3
300 0 3
310 0 3
320 0 3
330 0 3
340 0 3
350 0 3
360 0 3
370 0 3
380 0 3
390 0 3
400 0 3
410 0 3
420 0 3
430 0 3
440 0 3
450 0 3
460 0 3
470 0.1 4
480 0 4
490 0 4
500 0 4
510 0 4
520 0 4
530 0 4
540 0 4
550 0 4
560 0 4
570 0 4
580 0 4
590 0 4
600 0 4
610 0 4
620 0 4
630 0 4
640 0 4
650 0 4
660 0 4
670 0 4
680 0 4
690 0 4
700 0 4
710 0 4
720 0 4
730 0 4
740 0 4
750 0 4
760 0 4
770 0 4
780 0 4
790 0 4
800 0 4
810 0 4
820 0 4
830 0 4
840 0 4
843 0 4
