10 0.4 11829.7 1320.4080281335384 13543.677 10028.954 0 0
20 0.5 17188.6518 2401.2637709217533 21119.433 10028.954 11829.7 4
30 0.9 24906.240999999998 6493.527222466214 38069.851 10028.954 14806.895444444446 9
40 0.3 39469.22433333333 2687.4315242992857 42648.194 10028.954 19856.568222222224 18
50 0.8 45673.54187500001 3387.4671857585345 50536.103 10028.954 22658.37623809524 21
60 0.1 7388.157 0.0 50536.103 7388.157 29007.387448275862 29
70 0.2 13062.8325 309.6975000000002 50536.103 7388.157 28286.746433333334 30
80 2.1 16896.270714285718 4890.162031074948 50536.103 7388.157 27335.251812500002 32
90 1.2 22042.304 2009.6950645336308 50536.103 7388.157 23199.051754716987 53
100 0.4 31620.391000000003 3393.3278416110934 50536.103 7388.157 22985.49832307693 65
110 0.2 44082.917 6969.722000000002 51052.639 7388.157 23486.071811594207 69
120 0.7 60341.12357142857 3201.7075959479535 66761.443 7388.157 24066.26463380282 71
130 1.1 64715.3169090909 3733.328688328481 73499.543 7388.157 27321.700692307695 78
140 0.1 6476.364 0.0 73499.543 6476.364 31943.38359550562 89
150 0.9 12129.393 1911.5355449587883 73499.543 6476.364 31660.416711111113 90
160 4.1 18321.20124390244 3781.4432322722428 73499.543 6476.364 29884.869101010103 99
170 2.6 22704.52499999999 4124.171772562259 73499.543 6476.364 26498.366371428576 140
180 0.8 32935.914874999995 4117.766712203761 73499.543 6476.364 25904.150253012052 166
190 0.3 45907.780333333336 4291.70500353277 73499.543 6476.364 26227.449775862075 174
200 0 0 0 73499.543 6476.364 26561.014700564978 177
210 0 0 0 73499.543 6476.364 26561.014700564978 177
220 0.1 85356.473 0.0 85356.473 6476.364 26561.014700564978 177
230 0.1 91185.736 0.0 91185.736 6476.364 26891.32626404495 178
240 0.5 101059.3862 2398.146913821377 103591.793 6476.364 27250.51291061453 179
250 0.6 107945.61016666667 3321.331587382814 111604.076 6476.364 29256.188815217396 184
260 1.9 112415.19473684211 3494.0984575707216 118136.503 6476.364 31741.11791052632 190
270 0 0 0 118136.503 6476.364 39075.124894736844 209
280 0.1 16309.392 0.0 118136.503 6476.364 39075.124894736844 209
290 1.6 24963.6780625 2405.3473939255496 118136.503 6476.364 38966.71664285714 210
300 0.9 34657.74288888889 3744.7582047609008 118136.503 6476.364 37975.35107964602 226
310 1.1 43849.65518181818 3390.359204156741 118136.503 6476.364 37848.29374468086 235
320 0.4 49447.12825 4761.339890995043 118136.503 6476.364 38116.64730487805 246
330 3.8 61124.507789473675 3889.0853989529837 118136.503 6476.364 38297.935000000005 250
340 5.8 69569.2972413793 5069.750896445931 118136.503 6476.364 41309.774465277784 288
350 2.2 75554.55204545455 4152.518897515752 118136.503 6476.364 46046.91990173411 346
360 0.1 79880.019 0.0 118136.503 6476.364 47810.9631277174 368
370 0.4 96520.1205 3040.7921525551924 118136.503 6476.364 47897.87113821139 369
380 0.1 100924.863 0.0 118136.503 6476.364 48419.28936193031 373
390 0 0 0 118136.503 6476.364 48559.6785962567 374
400 0 0 0 118136.503 6476.364 48559.6785962567 374
410 0.1 144212.818 0.0 144212.818 6476.364 48559.6785962567 374
420 0.3 156588.59866666666 2184.605138474895 158947.393 6476.364 48814.75363466668 375
430 0.2 167290.374 1025.4009999999907 168315.775 6476.364 49670.101611111124 378
440 0.1 174788.029 0.0 174788.029 6476.364 50289.1556763158 380
450 0.6 187958.1013333333 2146.9195878840487 191350.315 6476.364 50615.924372703426 381
460 2.2 192214.82072727272 2592.3068965473753 196935.698 6476.364 52745.26044961241 387
470 1.8 194364.43466666667 3522.609033924363 204914.668 6476.364 60247.29058679707 409
480 0 0 0 204914.668 6476.364 65900.9406885246 427
490 1.9 14880.643263157895 3827.4532320789035 204914.668 6476.364 65900.9406885246 427
500 9.6 22697.994479166675 4853.67457231684 204914.668 6476.364 63727.43026008969 446
510 9.4 29297.74923404256 4838.929177673186 204914.668 6476.364 56460.223922509234 542
520 4 36409.068400000004 4629.798653037885 204914.668 6476.364 52445.64433018868 636
530 0.6 49841.60116666666 4135.482233604458 204914.668 6476.364 51496.73451183432 676
540 0 0 0 204914.668 6476.364 51482.173221407626 682
550 1.3 76095.08023076924 4412.899005895767 204914.668 6476.364 51482.173221407626 682
560 3.9 80381.17217948716 4022.2042116023695 204914.668 6476.364 51942.5585323741 695
570 1.2 92578.832 4608.198351299614 204914.668 6476.364 53453.60203678474 734
580 0.2 94314.48800000001 663.4679999999971 204914.668 6476.364 54082.96230428953 746
590 0.1 101991.526 0.0 204914.668 6476.364 54190.53322860962 748
600 0.3 118967.70399999998 4214.025179959504 204914.668 6476.364 54254.352978638184 749
610 0.2 136618.6485 4740.020500000006 204914.668 6476.364 54512.51794281915 752
620 1.2 139579.12350000002 5524.11845060632 204914.668 6476.364 54730.30608753316 754
630 2.4 150252.57700000005 5523.889125817714 204914.668 6476.364 56059.530381201046 766
640 0.5 155978.52219999998 2430.3856624088658 204914.668 6476.364 58921.091291139244 790
650 0.2 170277.2745 5581.520500000013 204914.668 6476.364 59531.515384905666 795
660 0.6 181771.3035 5558.53237079402 204914.668 6476.364 59809.42193224593 797
670 0.1 195346.351 0.0 204914.668 6476.364 60720.71868119553 803
680 0.3 205642.603 573.953881893553 206277.888 6476.364 60888.163497512454 804
690 1.4 215009.85950000002 3857.989813095506 220045.636 6476.364 61426.28409045851 807
700 1.1 219744.76200000002 4220.0749707603045 227195.375 6476.364 64045.2488355664 821
710 0.4 229333.30450000003 6873.914087293696 238791.228 6476.364 66103.77605288463 832
720 0.4 238969.21525 4662.975967572746 244566.735 6476.364 66884.77858133972 836
730 0.1 247612.526 0.0 247612.526 6476.364 67704.22827976191 840
740 0.3 251532.39066666667 2072.96434226243 254464.004 6476.364 67918.15015576695 841
750 0.3 270809.6506666667 2441.6246555533844 274042.304 6476.364 68570.80740876778 844
760 0.6 276819.71766666666 4140.470117529728 282299.102 6476.364 69287.11972255018 847
770 0.5 297077.13399999996 6435.800293062798 300712.81 6476.364 70746.9035298945 853
780 0.9 296350.5523333333 2972.39468745353 301029.116 6476.364 72065.84426689977 858
790 0 0 0 301029.116 6476.364 74394.0592295271 867
800 0 0 0 301029.116 6476.364 74394.0592295271 867
810 0.2 327687.413 1173.9099999999744 328861.323 6476.364 74394.0592295271 867
820 0.1 343018.336 0.0 343018.336 6476.364 74977.01286306098 869
830 0.3 345900.14433333336 3389.050612490782 350395.9 6476.364 75285.10633793104 870
840 0.1 358246.739 0.0 358246.739 6476.364 76215.05492210767 873
843 0 0 0 358246.739 6476.364 76537.7456361556 874
