0 259.35703125 259.35703125
10 595.70078125 855.0578125
20 527.91953125 1382.97734375
30 319.4296875 1702.40703125
40 501.60234375 2204.009375
50 312.784375 2516.79375
60 421.99140625 2938.78515625
70 1042.953125 3981.73828125
80 919.85546875 4901.59375
90 601.4140625 5503.0078125
100 245.6515625 5748.659375
110 390.75703125 6139.41640625
120 392.678125 6532.09453125
130 479.26171875 7011.35625
140 1062.02890625 8073.38515625
150 1961.15859375 10034.54375
160 2214.7125 12249.25625
170 647.6984375 12896.9546875
180 70.0484375 12967.003125
190 767.434375 13734.4375
200 347.4546875 14081.8921875
210 152.5578125 14234.45
220 347.203125 14581.653125
230 584.5828125 15166.2359375
240 315.41640625 15481.65234375
250 155.63359375 15637.2859375
260 1339.371875 16976.6578125
270 1786.67109375 18763.32890625
280 2735.55390625 21498.8828125
290 2245.884375 23744.7671875
300 2106.490625 25851.2578125
310 1443.2703125 27294.528125
320 424.76171875 27719.28984375
330 643.8921875 28363.18203125
340 509.6734375 28872.85546875
350 154.48203125 29027.3375
360 66.1734375 29093.5109375
370 13.41484375 29106.92578125
380 2.415625 29109.34140625
390 1.5109375 29110.85234375
400 2.4921875 29113.34453125
410 125.9953125 29239.33984375
420 7.23515625 29246.575
430 77.8265625 29324.4015625
440 0.25703125 29324.65859375
450 194.0375 29518.69609375
460 809.41640625 30328.1125
470 1161.76953125 31489.88203125
480 3714.7171875 35204.59921875
490 3506.6015625 38711.20078125
500 3728.065625 42439.26640625
510 600.63046875 43039.896875
520 114.778125 43154.675
530 248.003125 43402.678125
540 75.525 43478.203125
550 119.15078125 43597.35390625
560 171.32421875 43768.678125
570 342.02734375 44110.70546875
580 35.28515625 44145.990625
590 35.565625 44181.55625
600 150.24375 44331.8
610 24.13671875 44355.93671875
620 39.4078125 44395.34453125
630 79.18984375 44474.534375
640 7.34453125 44481.87890625
650 1.5265625 44483.40546875
660 4.6265625 44488.03203125
670 1.1515625 44489.18359375
680 33.221875 44522.40546875
690 5.6546875 44528.06015625
700 5.91171875 44533.971875
710 0.77109375 44534.74296875
720 5.865625 44540.60859375
730 0.25703125 44540.865625
740 1.5421875 44542.4078125
750 42.3734375 44584.78125
760 48.21015625 44632.99140625
770 28.0609375 44661.05234375
780 11.17734375 44672.2296875
790 0 44672.2296875
800 0 44672.2296875
810 0.5140625 44672.74375
820 0.25703125 44673.00078125
830 0.77109375 44673.771875
840 0.25703125 44674.02890625
843 0 44674.02890625
