0 21.09375 21.09375
10 47.46640625 68.56015625
20 20.459375 89.01953125
30 13.81953125 102.8390625
40 7.353125 110.1921875
50 1.8515625 112.04375
60 29.84921875 141.89296875
70 78.63828125 220.53125
80 68.0359375 288.5671875
90 24.75859375 313.32578125
100 9.846875 323.17265625
110 7.7140625 330.88671875
120 5.440625 336.32734375
130 1.846875 338.17421875
140 66.89765625 405.071875
150 158.24453125 563.31640625
160 121.75390625 685.0703125
170 38.93125 724.0015625
180 8.934375 732.9359375
190 18.6640625 751.6
200 9.2265625 760.8265625
210 5.325 766.1515625
220 4.5171875 770.66875
230 13.675 784.34375
240 6.1734375 790.5171875
250 0.4375 790.9546875
260 9.98046875 800.93515625
270 144.42578125 945.3609375
280 175.20390625 1120.56484375
290 147.35 1267.91484375
300 73.38203125 1341.296875
310 57.525 1398.821875
320 25.28984375 1424.11171875
330 33.59609375 1457.7078125
340 41.23515625 1498.94296875
350 37.66171875 1536.6046875
360 13.34296875 1549.94765625
370 4.0078125 1553.95546875
380 1.94609375 1555.9015625
390 0.8359375 1556.7375
400 3.6203125 1560.3578125
410 13.2 1573.5578125
420 6.5640625 1580.121875
430 2.8515625 1582.9734375
440 0 1582.9734375
450 0 1582.9734375
460 0 1582.9734375
470 14.8421875 1597.815625
480 170.67265625 1768.48828125
490 411.70859375 2180.196875
500 360.56015625 2540.75703125
510 132.21953125 2672.9765625
520 28.10625 2701.0828125
530 7.55078125 2708.63359375
540 5.065625 2713.69921875
550 11.26484375 2724.9640625
560 30.4375 2755.4015625
570 27.66015625 2783.06171875
580 9.303125 2792.36484375
590 1.6125 2793.97734375
600 8.67578125 2802.653125
610 1.58125 2804.234375
620 2.06953125 2806.30390625
630 10.9171875 2817.22109375
640 10.66484375 2827.8859375
650 1.43359375 2829.31953125
660 4.89140625 2834.2109375
670 0.453125 2834.6640625
680 1.98046875 2836.64453125
690 1.45625 2838.10078125
700 6.0796875 2844.18046875
710 0 2844.18046875
720 3.03984375 2847.2203125
730 0.49609375 2847.71640625
740 0.728125 2848.44453125
750 2.45234375 2850.896875
760 2.89453125 2853.79140625
770 4.93671875 2858.728125
780 2.18515625 2860.91328125
790 0 2860.91328125
800 0 2860.91328125
810 0 2860.91328125
820 0 2860.91328125
830 0 2860.91328125
840 0 2860.91328125
843 0 2860.91328125
