0 0.8 1971.0494999999996 1324.4747286028148 4826.048 459.939 0 0
10 1.9 4253.621210526318 2238.7678761051525 9256.925 459.939 1971.0494999999996 8
20 0.2 4318.5415 1557.6414999999997 9256.925 459.939 3577.3036666666676 27
30 0 0 0 9256.925 459.939 3628.42351724138 29
40 0 0 0 9256.925 459.939 3628.42351724138 29
50 0 0 0 9256.925 459.939 3628.42351724138 29
60 1 3102.9302 1158.218380768135 9256.925 459.939 3628.42351724138 29
70 3.2 4001.8520312500004 1908.5385151489036 9256.925 388.247 3493.681641025642 39
80 1.7 5023.387941176471 2080.5315348171307 11185.075 388.247 3722.7161830985924 71
90 0.1 14726.677 0.0 14726.677 388.247 3973.9823181818183 88
100 0 0 0 14726.677 388.247 4094.799112359551 89
110 0 0 0 14726.677 388.247 4094.799112359551 89
120 0 0 0 14726.677 388.247 4094.799112359551 89
130 0 0 0 14726.677 388.247 4094.799112359551 89
140 2.2 2226.901 1167.2266463975818 14726.677 388.247 4094.799112359551 89
150 7 4310.424471428568 2197.5134346738605 14726.677 388.247 3724.5850720720723 111
160 2.8 5768.0906785714305 2841.0696935254114 14726.677 388.247 3951.152795580109 181
170 0 0 0 14726.677 388.247 4194.570311004783 209
180 0 0 0 14726.677 388.247 4194.570311004783 209
190 0 0 0 14726.677 388.247 4194.570311004783 209
200 0 0 0 14726.677 388.247 4194.570311004783 209
210 0 0 0 14726.677 388.247 4194.570311004783 209
220 0 0 0 14726.677 388.247 4194.570311004783 209
230 0 0 0 14726.677 388.247 4194.570311004783 209
240 0 0 0 14726.677 388.247 4194.570311004783 209
250 0 0 0 14726.677 388.247 4194.570311004783 209
260 0.3 805.602 521.4897811354184 14726.677 374.009 4194.570311004783 209
270 5.3 4122.188528301887 1840.8644171988174 14726.677 374.009 4146.613212264149 212
280 5.1 8194.113882352938 2582.3235482156083 18643.599 374.009 4141.728275471697 265
290 8.3 12103.68404819277 1906.3112577682639 18643.599 374.009 4795.752534810125 316
300 2.2 15958.70890909091 3571.7070912300965 22591.709 374.009 6315.94881453634 399
310 0.6 18648.95966666667 2951.5777861170372 24122.679 374.009 6819.846016627077 421
320 0 0 0 24122.679 374.009 6986.06307025761 427
330 0 0 0 24122.679 374.009 6986.06307025761 427
340 0 0 0 24122.679 374.009 6986.06307025761 427
350 0 0 0 24122.679 374.009 6986.06307025761 427
360 0 0 0 24122.679 374.009 6986.06307025761 427
370 0 0 0 24122.679 374.009 6986.06307025761 427
380 0 0 0 24122.679 374.009 6986.06307025761 427
390 0 0 0 24122.679 374.009 6986.06307025761 427
400 0 0 0 24122.679 374.009 6986.06307025761 427
410 0 0 0 24122.679 374.009 6986.06307025761 427
420 0 0 0 24122.679 374.009 6986.06307025761 427
430 0 0 0 24122.679 374.009 6986.06307025761 427
440 0 0 0 24122.679 374.009 6986.06307025761 427
450 0 0 0 24122.679 374.009 6986.06307025761 427
460 0 0 0 24122.679 374.009 6986.06307025761 427
470 0.1 935.181 0.0 24122.679 374.009 6986.06307025761 427
480 5.2 5276.737115384614 2812.6597942946946 24122.679 374.009 6971.925495327101 428
490 23.2 6776.616788793107 3409.2562620518265 24122.679 127.413 6788.280087499998 480
500 13.3 10202.403135338349 4667.2346181510475 24122.679 127.413 6784.479686797754 712
510 1.3 14777.864615384615 6040.854704379399 24122.679 127.413 7322.448702958581 845
520 0.2 31129.01 544.643 31673.653 127.413 7435.409550116551 858
530 0.1 45911.376 0.0 45911.376 127.413 7490.510946511628 860
540 0.1 43552.692 0.0 45911.376 127.413 7535.134483159119 861
550 0.2 55879.7875 7601.3655 63481.153 127.413 7576.918192575407 862
560 0.3 66236.97466666666 6217.161277134839 75026.106 127.413 7688.7303900462975 864
570 0.5 74916.3996 3266.8566718811812 80510.002 127.413 7891.319470588236 867
580 0 0 0 80510.002 127.413 8275.63759059633 872
590 0 0 0 80510.002 127.413 8275.63759059633 872
600 0.1 99084.724 0.0 99084.724 127.413 8275.63759059633 872
610 0 0 0 99084.724 127.413 8379.657162657504 873
620 0.1 125945.519 0.0 125945.519 127.413 8379.657162657504 873
630 0 0 0 125945.519 127.413 8514.171878718536 874
640 0 0 0 125945.519 127.413 8514.171878718536 874
650 0 0 0 125945.519 127.413 8514.171878718536 874
660 0 0 0 125945.519 127.413 8514.171878718536 874
670 0 0 0 125945.519 127.413 8514.171878718536 874
680 0 0 0 125945.519 127.413 8514.171878718536 874
690 0 0 0 125945.519 127.413 8514.171878718536 874
700 0 0 0 125945.519 127.413 8514.171878718536 874
710 0 0 0 125945.519 127.413 8514.171878718536 874
720 0 0 0 125945.519 127.413 8514.171878718536 874
730 0 0 0 125945.519 127.413 8514.171878718536 874
740 0 0 0 125945.519 127.413 8514.171878718536 874
750 0 0 0 125945.519 127.413 8514.171878718536 874
760 0 0 0 125945.519 127.413 8514.171878718536 874
770 0 0 0 125945.519 127.413 8514.171878718536 874
780 0 0 0 125945.519 127.413 8514.171878718536 874
790 0 0 0 125945.519 127.413 8514.171878718536 874
800 0 0 0 125945.519 127.413 8514.171878718536 874
810 0 0 0 125945.519 127.413 8514.171878718536 874
820 0 0 0 125945.519 127.413 8514.171878718536 874
830 0 0 0 125945.519 127.413 8514.171878718536 874
840 0 0 0 125945.519 127.413 8514.171878718536 874
843 0 0 0 125945.519 127.413 8514.171878718536 874
