30 0.1 8.109 0 8.109 8.109 0 0
40 0 0 0 8.109 8.109 8.109 1
50 0 0 0 8.109 8.109 8.109 1
60 0 0 0 8.109 8.109 8.109 1
70 0 0 0 8.109 8.109 8.109 1
80 0.9 5.8902222222222225 0.7155064682955979 8.109 5.182 8.109 1
90 0.1 5.694 0.0 8.109 5.182 6.1121 10
100 0 0 0 8.109 5.182 6.074090909090909 11
110 0 0 0 8.109 5.182 6.074090909090909 11
120 0 0 0 8.109 5.182 6.074090909090909 11
130 0 0 0 8.109 5.182 6.074090909090909 11
140 0 0 0 8.109 5.182 6.074090909090909 11
150 0.3 22.013333333333335 13.321338204383055 39.668 5.182 6.074090909090909 11
160 0.8 9.339999999999998 4.110811689922078 39.668 5.182 9.489642857142858 14
170 0 0 0 39.668 5.182 9.435227272727273 22
180 0 0 0 39.668 5.182 9.435227272727273 22
190 0 0 0 39.668 5.182 9.435227272727273 22
200 0 0 0 39.668 5.182 9.435227272727273 22
210 0 0 0 39.668 5.182 9.435227272727273 22
220 0 0 0 39.668 5.182 9.435227272727273 22
230 0 0 0 39.668 5.182 9.435227272727273 22
240 0 0 0 39.668 5.182 9.435227272727273 22
250 0 0 0 39.668 5.182 9.435227272727273 22
260 0 0 0 39.668 5.182 9.435227272727273 22
270 0 0 0 39.668 5.182 9.435227272727273 22
280 0.3 2319.463666666667 228.40097323542395 2607.88 5.182 9.435227272727273 22
290 0.6 2900.6643333333327 328.57758595227114 3260.158 5.182 286.63864000000007 25
300 0.2 3729.9039999999995 416.78599999999994 4146.69 5.182 792.5790967741934 31
310 0.5 7377.286 496.95929478741004 7894.254 5.182 970.5987878787877 33
320 0.5 11042.1102 2380.0877594259755 13466.042 5.182 1813.5839473684211 38
330 0.7 11334.889857142858 3365.0553401573584 15437.657 5.182 2886.6683953488373 43
340 0.2 4180.942 2379.385 15437.657 5.182 4069.4194000000007 50
350 0 0 0 15437.657 5.182 4073.7087307692314 52
360 0 0 0 15437.657 5.182 4073.7087307692314 52
370 0 0 0 15437.657 5.182 4073.7087307692314 52
380 0 0 0 15437.657 5.182 4073.7087307692314 52
390 0 0 0 15437.657 5.182 4073.7087307692314 52
400 0 0 0 15437.657 5.182 4073.7087307692314 52
410 0 0 0 15437.657 5.182 4073.7087307692314 52
420 0 0 0 15437.657 5.182 4073.7087307692314 52
430 0 0 0 15437.657 5.182 4073.7087307692314 52
440 0 0 0 15437.657 5.182 4073.7087307692314 52
450 0 0 0 15437.657 5.182 4073.7087307692314 52
460 0 0 0 15437.657 5.182 4073.7087307692314 52
470 0 0 0 15437.657 5.182 4073.7087307692314 52
480 0 0 0 15437.657 5.182 4073.7087307692314 52
490 0.4 2.829 3.3509900029692714 15437.657 0.579 4073.7087307692314 52
500 1.5 913.6416666666668 1837.8159629630557 15437.657 0.51 3782.9316071428575 56
510 0.7 0.6188571428571429 0.05942685437079909 15437.657 0.51 3176.743591549296 71
520 0.1 0.662 0.0 15437.657 0.51 2891.7067564102567 78
530 0.1 0.625 0.0 15437.657 0.51 2855.1112531645576 79
540 0 0 0 15437.657 0.51 2819.4301750000004 80
550 0 0 0 15437.657 0.51 2819.4301750000004 80
560 0.1 57888.657 0.0 57888.657 0.51 2819.4301750000004 80
570 0.3 28166.213666666667 2321.2708397751044 57888.657 0.51 3499.297172839507 81
580 0 0 0 57888.657 0.51 4380.258476190477 84
590 0 0 0 57888.657 0.51 4380.258476190477 84
600 0.1 30669.398 0.0 57888.657 0.51 4380.258476190477 84
610 0 0 0 57888.657 0.51 4689.542470588237 85
620 0 0 0 57888.657 0.51 4689.542470588237 85
630 0.2 59460.444 539.5309999999972 59999.975 0.51 4689.542470588237 85
640 0.1 60003.39 0.0 60003.39 0.51 5948.6436551724155 87
650 0.1 60000.132 0.0 60003.39 0.51 6562.902136363638 88
660 0 0 0 60003.39 0.51 7163.3204494382035 89
670 0 0 0 60003.39 0.51 7163.3204494382035 89
680 0 0 0 60003.39 0.51 7163.3204494382035 89
690 0 0 0 60003.39 0.51 7163.3204494382035 89
700 0 0 0 60003.39 0.51 7163.3204494382035 89
710 0 0 0 60003.39 0.51 7163.3204494382035 89
720 0 0 0 60003.39 0.51 7163.3204494382035 89
730 0 0 0 60003.39 0.51 7163.3204494382035 89
740 0 0 0 60003.39 0.51 7163.3204494382035 89
750 0.1 55713.36 0.0 60003.39 0.51 7163.3204494382035 89
760 0 0 0 60003.39 0.51 7702.765333333335 90
770 0.1 26349.282 0.0 60003.39 0.51 7702.765333333335 90
780 0 0 0 60003.39 0.51 7907.672109890112 91
790 0 0 0 60003.39 0.51 7907.672109890112 91
800 0 0 0 60003.39 0.51 7907.672109890112 91
810 0 0 0 60003.39 0.51 7907.672109890112 91
820 0 0 0 60003.39 0.51 7907.672109890112 91
830 0 0 0 60003.39 0.51 7907.672109890112 91
840 0 0 0 60003.39 0.51 7907.672109890112 91
843 0 0 0 60003.39 0.51 7907.672109890112 91
