10 0.2 1370.3245000000002 179.2034999999999 1549.528 1191.121 0 0
20 0.4 1418.37325 15.689693533893518 1549.528 1191.121 1370.3245000000002 2
30 0.1 1428.894 0.0 1549.528 1191.121 1402.357 6
40 0 0 0 1549.528 1191.121 1406.148 7
50 0 0 0 1549.528 1191.121 1406.148 7
60 0.1 553.091 0.0 1549.528 553.091 1406.148 7
70 0.5 1892.6004 416.37055976070167 2525.57 553.091 1299.515875 8
80 1 1646.5375999999997 122.40296651650237 2525.57 553.091 1527.6253076923078 13
90 0.2 1429.2905 9.736499999999978 2525.57 553.091 1579.326304347826 23
100 0 0 0 2525.57 553.091 1567.32344 25
110 0 0 0 2525.57 553.091 1567.32344 25
120 0 0 0 2525.57 553.091 1567.32344 25
130 0 0 0 2525.57 553.091 1567.32344 25
140 0 0 0 2525.57 553.091 1567.32344 25
150 0.6 5281.167 1722.2271342108158 7096.655 553.091 1567.32344 25
160 3 3249.7982333333343 1325.4510424050804 7096.655 553.091 2286.1318709677416 31
170 0.8 1700.58725 129.3638686165403 7096.655 553.091 2760.0661475409843 61
180 0 0 0 7096.655 553.091 2637.228014492754 69
190 0 0 0 7096.655 553.091 2637.228014492754 69
200 0 0 0 7096.655 553.091 2637.228014492754 69
210 0 0 0 7096.655 553.091 2637.228014492754 69
220 0 0 0 7096.655 553.091 2637.228014492754 69
230 0 0 0 7096.655 553.091 2637.228014492754 69
240 0 0 0 7096.655 553.091 2637.228014492754 69
250 0 0 0 7096.655 553.091 2637.228014492754 69
260 0 0 0 7096.655 553.091 2637.228014492754 69
270 0 0 0 7096.655 553.091 2637.228014492754 69
280 0.1 9987.773 0.0 9987.773 553.091 2637.228014492754 69
290 0.8 13715.982875 2276.5602113066566 17171.246 553.091 2742.2358000000004 70
300 2.1 6555.284666666668 961.9027606250683 17171.246 553.091 3867.7483205128206 78
310 1.5 8989.537733333329 505.95989080762274 17171.246 553.091 4437.831787878788 99
320 0.4 9189.22775 735.2122338911306 17171.246 553.091 5036.74046491228 114
330 0.6 15928.658000000001 759.7595795414496 17171.246 553.091 5177.502745762711 118
340 0.3 7777.692999999999 976.1130764998487 17171.246 553.091 5697.71993548387 124
350 0 0 0 17171.246 553.091 5746.853157480315 127
360 0 0 0 17171.246 553.091 5746.853157480315 127
370 0 0 0 17171.246 553.091 5746.853157480315 127
380 0 0 0 17171.246 553.091 5746.853157480315 127
390 0 0 0 17171.246 553.091 5746.853157480315 127
400 0 0 0 17171.246 553.091 5746.853157480315 127
410 0 0 0 17171.246 553.091 5746.853157480315 127
420 0 0 0 17171.246 553.091 5746.853157480315 127
430 0 0 0 17171.246 553.091 5746.853157480315 127
440 0 0 0 17171.246 553.091 5746.853157480315 127
450 0 0 0 17171.246 553.091 5746.853157480315 127
460 0 0 0 17171.246 553.091 5746.853157480315 127
470 0 0 0 17171.246 553.091 5746.853157480315 127
480 0.1 0.448 0.0 17171.246 0.448 5746.853157480315 127
490 2.5 1.6426799999999997 2.9242909392876766 17171.246 0.448 5701.959367187499 128
500 7 1727.997485714286 3707.890093387558 17171.246 0.413 4770.535071895424 153
510 2.9 1751.6967586206893 3970.1491551802937 17171.246 0.413 3815.478430493273 223
520 0.1 0.598 0.0 17171.246 0.413 3577.979746031746 252
530 0 0 0 17171.246 0.413 3563.8398972332016 253
540 0 0 0 17171.246 0.413 3563.8398972332016 253
550 0.1 48364.653 0.0 48364.653 0.413 3563.8398972332016 253
560 0.7 59756.87857142858 596.3944127997969 60001.503 0.413 3740.221051181102 254
570 0.2 43774.047 12284.724999999999 60001.503 0.413 5242.583513409962 261
580 0 0 0 60001.503 0.413 5535.5984448669205 263
590 0.1 31096.359 0.0 60001.503 0.413 5535.5984448669205 263
600 0 0 0 60001.503 0.413 5632.419507575758 264
610 0 0 0 60001.503 0.413 5632.419507575758 264
620 0 0 0 60001.503 0.413 5632.419507575758 264
630 0.2 60001.3095 2.282499999999345 60003.592 0.413 5632.419507575758 264
640 0.2 59998.3905 0.871500000001106 60003.592 0.413 6041.208154135338 266
650 0 0 0 60003.592 0.413 6443.87369402985 268
660 0.1 60000.809 0.0 60003.592 0.413 6443.87369402985 268
670 0 0 0 60003.592 0.413 6642.970107806691 269
680 0 0 0 60003.592 0.413 6642.970107806691 269
690 0.2 60002.259000000005 2.197999999998501 60004.457 0.413 6642.970107806691 269
700 0.2 60001.976 2.029999999998836 60004.457 0.413 7036.765597785977 271
710 0 0 0 60004.457 0.413 7424.789117216116 273
720 0.1 60003.247 0.0 60004.457 0.413 7424.789117216116 273
730 0 0 0 60004.457 0.413 7616.6812992700725 274
740 0 0 0 60004.457 0.413 7616.6812992700725 274
750 0 0 0 60004.457 0.413 7616.6812992700725 274
760 0 0 0 60004.457 0.413 7616.6812992700725 274
770 0 0 0 60004.457 0.413 7616.6812992700725 274
780 0 0 0 60004.457 0.413 7616.6812992700725 274
790 0 0 0 60004.457 0.413 7616.6812992700725 274
800 0 0 0 60004.457 0.413 7616.6812992700725 274
810 0 0 0 60004.457 0.413 7616.6812992700725 274
820 0 0 0 60004.457 0.413 7616.6812992700725 274
830 0 0 0 60004.457 0.413 7616.6812992700725 274
840 0 0 0 60004.457 0.413 7616.6812992700725 274
843 0 0 0 60004.457 0.413 7616.6812992700725 274
