0 0.2 20.871000000000002 5.854 26.725 15.017 0 0
10 0.3 70.25500000000001 51.30453961070762 142.382 15.017 20.871000000000002 2
20 0.4 40.03725 5.621615176041491 142.382 15.017 50.50140000000001 5
30 0.5 36.723 4.318444488470358 142.382 15.017 45.850666666666676 9
40 0 0 0 142.382 15.017 42.59078571428572 14
50 0 0 0 142.382 15.017 42.59078571428572 14
60 0 0 0 142.382 15.017 42.59078571428572 14
70 0.3 84.779 64.27313088686438 175.644 15.017 42.59078571428572 14
80 0.4 36.8975 4.281537720258926 175.644 15.017 50.03576470588236 17
90 0.9 37.06855555555555 4.291259336297221 175.644 15.017 47.5332380952381 21
100 0.2 43.0255 6.169499999999999 175.644 15.017 44.39383333333333 30
110 0.1 47.153 0.0 175.644 15.017 44.3083125 32
120 0 0 0 175.644 15.017 44.39451515151515 33
130 0 0 0 175.644 15.017 44.39451515151515 33
140 0.1 14.464 0.0 175.644 14.464 44.39451515151515 33
150 0.1 415.957 0.0 415.957 14.464 43.51420588235294 34
160 0.2 171.0115 133.3265 415.957 14.464 54.15542857142857 35
170 0.3 84.37666666666667 28.754042177675746 415.957 14.464 60.47197297297298 37
180 0.1 34.515 0.0 415.957 14.464 62.26482500000001 40
190 1.7 43.569529411764705 9.684131964001406 415.957 14.464 61.588 41
200 0.7 42.99942857142857 6.553978744835468 415.957 14.464 56.306724137931035 58
210 0.1 34.82 0.0 415.957 14.464 54.87363076923077 65
220 0 0 0 415.957 14.464 54.569787878787885 66
230 0 0 0 415.957 14.464 54.569787878787885 66
240 0 0 0 415.957 14.464 54.569787878787885 66
250 0 0 0 415.957 14.464 54.569787878787885 66
260 0 0 0 415.957 14.464 54.569787878787885 66
270 0 0 0 415.957 14.464 54.569787878787885 66
280 0.2 2736.2195 679.9615 3416.181 14.464 54.569787878787885 66
290 0.2 2917.0775 200.64750000000004 3416.181 14.464 133.4418382352941 68
300 0 0 0 3416.181 14.464 212.9742857142857 70
310 0.2 7220.147499999999 534.8324999999998 7754.98 14.464 212.9742857142857 70
320 0.1 8135.365 0.0 8135.365 14.464 407.6179861111111 72
330 0.7 12125.559571428572 2594.431822518365 15474.539 14.464 513.4775342465754 73
340 0.7 1002.1655714285714 578.5815879762351 15474.539 7.523 1529.5347125 80
350 1.9 26.086368421052637 37.1044322110765 15474.539 7.523 1487.1027126436782 87
360 1.3 3665.552461538462 960.3507553355873 15474.539 7.523 1225.2224245283019 106
370 0 0 0 15474.539 7.523 1491.8131008403363 119
380 0 0 0 15474.539 7.523 1491.8131008403363 119
390 0 0 0 15474.539 7.523 1491.8131008403363 119
400 0 0 0 15474.539 7.523 1491.8131008403363 119
410 0 0 0 15474.539 7.523 1491.8131008403363 119
420 0 0 0 15474.539 7.523 1491.8131008403363 119
430 0 0 0 15474.539 7.523 1491.8131008403363 119
440 0 0 0 15474.539 7.523 1491.8131008403363 119
450 0 0 0 15474.539 7.523 1491.8131008403363 119
460 0 0 0 15474.539 7.523 1491.8131008403363 119
470 0 0 0 15474.539 7.523 1491.8131008403363 119
480 0.4 2.6977499999999996 2.754113866110114 15474.539 0.591 1491.8131008403363 119
490 3.9 104.54251282051281 635.3892137709817 15474.539 0.488 1443.3865853658538 123
500 5.5 71.65269090909092 519.0147602074487 15474.539 0.485 1121.0722716049384 162
510 0.7 0.7907142857142857 0.5998201431109434 15474.539 0.485 855.0903502304147 217
520 0 0 0 15474.539 0.485 828.3934866071429 224
530 0.1 34153.076 0.0 34153.076 0.485 828.3934866071429 224
540 0 0 0 34153.076 0.485 976.5031866666667 225
550 0.5 1.0684 0.8656638146532405 34153.076 0.485 976.5031866666667 225
560 0.6 0.6078333333333333 0.041842628449412174 34153.076 0.485 955.2980826086957 230
570 1.4 32311.298214285704 13641.913093216277 57189.362 0.485 931.0262966101695 236
580 0 0 0 57189.362 0.485 2688.3215239999995 250
590 0.1 26281.146 0.0 57189.362 0.485 2688.3215239999995 250
600 0 0 0 57189.362 0.485 2782.3168406374493 251
610 0.1 44001.801 0.0 57189.362 0.485 2782.3168406374493 251
620 0 0 0 57189.362 0.485 2945.886222222221 252
630 0 0 0 57189.362 0.485 2945.886222222221 252
640 0 0 0 57189.362 0.485 2945.886222222221 252
650 0 0 0 57189.362 0.485 2945.886222222221 252
660 0.1 60002.69 0.0 60002.69 0.485 2945.886222222221 252
670 0 0 0 60002.69 0.485 3171.40718577075 253
680 0 0 0 60002.69 0.485 3171.40718577075 253
690 0 0 0 60002.69 0.485 3171.40718577075 253
700 0 0 0 60002.69 0.485 3171.40718577075 253
710 0 0 0 60002.69 0.485 3171.40718577075 253
720 0 0 0 60002.69 0.485 3171.40718577075 253
730 0 0 0 60002.69 0.485 3171.40718577075 253
740 0 0 0 60002.69 0.485 3171.40718577075 253
750 0 0 0 60002.69 0.485 3171.40718577075 253
760 0 0 0 60002.69 0.485 3171.40718577075 253
770 0 0 0 60002.69 0.485 3171.40718577075 253
780 0 0 0 60002.69 0.485 3171.40718577075 253
790 0 0 0 60002.69 0.485 3171.40718577075 253
800 0 0 0 60002.69 0.485 3171.40718577075 253
810 0 0 0 60002.69 0.485 3171.40718577075 253
820 0 0 0 60002.69 0.485 3171.40718577075 253
830 0 0 0 60002.69 0.485 3171.40718577075 253
840 0 0 0 60002.69 0.485 3171.40718577075 253
843 0 0 0 60002.69 0.485 3171.40718577075 253
