0 0.7 220.69542857142855 99.38462931295498 420.535 84.165 0 0
10 1.5 298.9828 79.87138477594254 473.198 84.165 220.69542857142855 7
20 0.7 311.9928571428572 73.0705545296141 473.198 84.165 274.07318181818187 22
30 0 0 0 473.198 84.165 283.2262068965518 29
40 0 0 0 473.198 84.165 283.2262068965518 29
50 0 0 0 473.198 84.165 283.2262068965518 29
60 0.7 246.6674285714286 149.32582982942 482.844 84.165 283.2262068965518 29
70 3 364.8991 145.51785834239269 864.165 84.165 276.1175555555556 36
80 2.1 330.24861904761894 26.145019761535217 864.165 84.165 316.47280303030306 66
90 0.2 336.3435 26.391500000000008 864.165 84.165 319.798 87
100 0 0 0 864.165 84.165 320.16980898876403 89
110 0 0 0 864.165 84.165 320.16980898876403 89
120 0 0 0 864.165 84.165 320.16980898876403 89
130 0 0 0 864.165 84.165 320.16980898876403 89
140 1.3 467.27276923076926 288.00494737341256 979.554 84.165 320.16980898876403 89
150 5.8 1632.3629482758624 709.2163550628748 2940.695 84.165 338.91822549019605 102
160 4.5 1087.8621333333338 492.23969559774446 2940.695 84.165 807.7919375000001 160
170 0.4 495.03275 23.60545880061432 2940.695 84.165 869.27076097561 205
180 0 0 0 2940.695 84.165 862.1083110047849 209
190 0 0 0 2940.695 84.165 862.1083110047849 209
200 0 0 0 2940.695 84.165 862.1083110047849 209
210 0 0 0 2940.695 84.165 862.1083110047849 209
220 0 0 0 2940.695 84.165 862.1083110047849 209
230 0 0 0 2940.695 84.165 862.1083110047849 209
240 0 0 0 2940.695 84.165 862.1083110047849 209
250 0 0 0 2940.695 84.165 862.1083110047849 209
260 0 0 0 2940.695 84.165 862.1083110047849 209
270 2.1 3347.658238095238 1354.8835080806555 4885.861 84.165 862.1083110047849 209
280 4.4 5012.947636363635 1085.1673674652916 8065.631 84.165 1089.0498260869567 230
290 7.6 5966.413907894736 1771.1199481883016 10323.417 84.165 1719.1648029197079 274
300 5.2 4855.998596153845 1061.9150082088688 10323.417 84.165 2641.424608571428 350
310 2 8007.84905 428.7948486165006 10323.417 84.165 2927.886915422885 402
320 0.1 8381.321 0.0 10323.417 84.165 3168.6434146919423 422
330 0.4 15568.15675 216.0872466035127 15815.989 84.165 3180.9665295508266 423
340 0 0 0 15815.989 84.165 3297.0057822014046 427
350 0 0 0 15815.989 84.165 3297.0057822014046 427
360 0 0 0 15815.989 84.165 3297.0057822014046 427
370 0 0 0 15815.989 84.165 3297.0057822014046 427
380 0 0 0 15815.989 84.165 3297.0057822014046 427
390 0 0 0 15815.989 84.165 3297.0057822014046 427
400 0 0 0 15815.989 84.165 3297.0057822014046 427
410 0 0 0 15815.989 84.165 3297.0057822014046 427
420 0 0 0 15815.989 84.165 3297.0057822014046 427
430 0 0 0 15815.989 84.165 3297.0057822014046 427
440 0 0 0 15815.989 84.165 3297.0057822014046 427
450 0 0 0 15815.989 84.165 3297.0057822014046 427
460 0 0 0 15815.989 84.165 3297.0057822014046 427
470 0 0 0 15815.989 84.165 3297.0057822014046 427
480 2.1 1339.95280952381 2432.1398979091996 15815.989 0.459 3297.0057822014046 427
490 16.6 697.1156084337349 2400.0115562803776 15815.989 0.416 3205.2689241071425 448
500 19.7 2648.0338680203035 3430.8965869765975 15815.989 0.41 2527.1688420195437 614
510 3.2 1769.0671874999994 3753.329422381676 15815.989 0.41 2556.528163995067 811
520 0.4 0.614 0.01022252415013046 15815.989 0.41 2526.636406880189 843
530 0.2 30374.637000000002 3612.4980000000005 33987.135 0.41 2514.707139315229 847
540 0.2 35539.67 399.6640000000025 35939.334 0.41 2580.33712720848 849
550 0.1 49405.639 0.0 49405.639 0.41 2657.7973689776727 851
560 0.7 49742.455285714284 20434.508739108504 60000.99 0.41 2712.6657276995297 852
570 0.6 36019.62416666667 11680.75902672096 60000.99 0.41 3095.9119755529678 859
580 0.1 16900.756 0.0 60000.99 0.41 3324.284545664739 865
590 0 0 0 60000.99 0.41 3339.9617644341793 866
600 0.1 37549.709 0.0 60000.99 0.41 3339.9617644341793 866
610 0 0 0 60000.99 0.41 3379.419373702421 867
620 0 0 0 60000.99 0.41 3379.419373702421 867
630 0.4 59630.028999999995 639.5842735304742 60000.99 0.41 3379.419373702421 867
640 0.1 59998.973 0.0 60000.99 0.41 3637.745939150401 871
650 0 0 0 60000.99 0.41 3702.3803738532097 872
660 0.1 60002.044 0.0 60002.044 0.41 3702.3803738532097 872
670 0 0 0 60002.044 0.41 3766.870252004581 873
680 0.1 53626.566 0.0 60002.044 0.41 3766.870252004581 873
690 0 0 0 60002.044 0.41 3823.917958810068 874
700 0 0 0 60002.044 0.41 3823.917958810068 874
710 0 0 0 60002.044 0.41 3823.917958810068 874
720 0 0 0 60002.044 0.41 3823.917958810068 874
730 0 0 0 60002.044 0.41 3823.917958810068 874
740 0 0 0 60002.044 0.41 3823.917958810068 874
750 0 0 0 60002.044 0.41 3823.917958810068 874
760 0 0 0 60002.044 0.41 3823.917958810068 874
770 0 0 0 60002.044 0.41 3823.917958810068 874
780 0 0 0 60002.044 0.41 3823.917958810068 874
790 0 0 0 60002.044 0.41 3823.917958810068 874
800 0 0 0 60002.044 0.41 3823.917958810068 874
810 0 0 0 60002.044 0.41 3823.917958810068 874
820 0 0 0 60002.044 0.41 3823.917958810068 874
830 0 0 0 60002.044 0.41 3823.917958810068 874
840 0 0 0 60002.044 0.41 3823.917958810068 874
843 0 0 0 60002.044 0.41 3823.917958810068 874
