10 0.2 32.3 2.2760000000000016 34.576 30.024 0 0
20 0.2 23.3515 4.2085 34.576 19.143 32.3 2
30 0.1 23.291 0.0 34.576 19.143 27.82575 4
40 0 0 0 34.576 19.143 26.918799999999997 5
50 0 0 0 34.576 19.143 26.918799999999997 5
60 0 0 0 34.576 19.143 26.918799999999997 5
70 0 0 0 34.576 19.143 26.918799999999997 5
80 0.6 18.511166666666668 2.797553360627023 34.576 13.638 26.918799999999997 5
90 0.1 21.67 0.0 34.576 13.638 22.332818181818183 11
100 0 0 0 34.576 13.638 22.277583333333336 12
110 0.1 19.221 0.0 34.576 13.638 22.277583333333336 12
120 0 0 0 34.576 13.638 22.04246153846154 13
130 0 0 0 34.576 13.638 22.04246153846154 13
140 0.1 361.358 0.0 361.358 13.638 22.04246153846154 13
150 0.5 105.71119999999999 76.2812262077636 361.358 13.638 46.27928571428572 14
160 1 46.043200000000006 30.8749959086637 361.358 13.638 61.91926315789473 19
170 0.5 21.593200000000003 5.62188275936096 361.358 13.638 56.444758620689655 29
180 0.1 23.84 0.0 361.358 13.638 51.319529411764705 34
190 0 0 0 361.358 13.638 50.5344 35
200 0 0 0 361.358 13.638 50.5344 35
210 0 0 0 361.358 13.638 50.5344 35
220 0 0 0 361.358 13.638 50.5344 35
230 0 0 0 361.358 13.638 50.5344 35
240 0 0 0 361.358 13.638 50.5344 35
250 0 0 0 361.358 13.638 50.5344 35
260 0 0 0 361.358 13.638 50.5344 35
270 0 0 0 361.358 13.638 50.5344 35
280 0.1 2071.476 0.0 2071.476 13.638 50.5344 35
290 1 3226.3142999999995 452.632978808891 3904.257 13.638 106.67166666666668 36
300 0.3 3656.8590000000004 495.22112649603304 4273.943 13.638 784.8548478260869 46
310 0.7 6974.773142857142 526.2295847657116 7681.364 13.638 960.6918367346938 49
320 0.1 12346.23 0.0 12346.23 13.638 1712.4519999999998 56
330 1.7 12549.789588235295 2712.158583234917 15366.647 13.638 1899.0095087719296 57
340 1.1 3916.861272727273 1797.5875709189243 15366.647 13.638 4345.810337837837 74
350 0 0 0 15366.647 13.638 4290.29928235294 85
360 0 0 0 15366.647 13.638 4290.29928235294 85
370 0 0 0 15366.647 13.638 4290.29928235294 85
380 0 0 0 15366.647 13.638 4290.29928235294 85
390 0 0 0 15366.647 13.638 4290.29928235294 85
400 0 0 0 15366.647 13.638 4290.29928235294 85
410 0 0 0 15366.647 13.638 4290.29928235294 85
420 0 0 0 15366.647 13.638 4290.29928235294 85
430 0 0 0 15366.647 13.638 4290.29928235294 85
440 0 0 0 15366.647 13.638 4290.29928235294 85
450 0 0 0 15366.647 13.638 4290.29928235294 85
460 0 0 0 15366.647 13.638 4290.29928235294 85
470 0 0 0 15366.647 13.638 4290.29928235294 85
480 0 0 0 15366.647 13.638 4290.29928235294 85
490 0 0 0 15366.647 13.638 4290.29928235294 85
500 2.3 465.6360869565218 1507.3761329522213 15366.647 0.447 4290.29928235294 85
510 2.4 1343.5968749999995 3743.4231125069023 15366.647 0.436 3475.787675925925 108
520 0.9 0.6501111111111111 0.07765943377543381 15366.647 0.436 3088.1166212121207 132
530 0.3 30275.666333333338 2796.453451199729 34177.657 0.436 2891.044290780141 141
540 0 0 0 34177.657 0.436 3461.5572499999994 144
550 0.1 0.622 0.0 34177.657 0.436 3461.5572499999994 144
560 0.3 39998.89566666667 28283.06893054668 59998.209 0.436 3437.688731034482 145
570 0.1 30214.38 0.0 59998.209 0.436 4178.794277027026 148
580 0 0 0 59998.209 0.436 4353.529751677851 149
590 0 0 0 59998.209 0.436 4353.529751677851 149
600 0.2 31139.248 37.36300000000119 59998.209 0.436 4353.529751677851 149
610 0 0 0 59998.209 0.436 4708.307476821191 151
620 0.1 55087.682 0.0 59998.209 0.436 4708.307476821191 151
630 0.4 59786.547249999996 371.30501541143946 60002.344 0.436 5039.750730263157 152
640 0.1 59996.966 0.0 60002.344 0.436 6443.5147435897425 156
650 0 0 0 60002.344 0.436 6784.61952866242 157
660 0.2 60001.67049999999 3.705500000001848 60005.376 0.436 6784.61952866242 157
670 0 0 0 60005.376 0.436 7454.016396226414 159
680 0 0 0 60005.376 0.436 7454.016396226414 159
690 0.3 60003.668333333335 1.830827196167138 60006.213 0.436 7454.016396226414 159
700 0.2 60001.1725 0.8035000000018044 60006.213 0.436 8427.15809876543 162
710 0 0 0 60006.213 0.436 9056.109493902437 164
720 0 0 0 60006.213 0.436 9056.109493902437 164
730 0 0 0 60006.213 0.436 9056.109493902437 164
740 0.1 60008.528 0.0 60008.528 0.436 9056.109493902437 164
750 0.1 58246.339 0.0 60008.528 0.436 9364.912030303029 165
760 0.2 59376.354999999996 624.9209999999966 60008.528 0.436 9659.378457831323 166
770 0 0 0 60008.528 0.436 10251.247226190473 168
780 0 0 0 60008.528 0.436 10251.247226190473 168
790 0 0 0 60008.528 0.436 10251.247226190473 168
800 0 0 0 60008.528 0.436 10251.247226190473 168
810 0 0 0 60008.528 0.436 10251.247226190473 168
820 0 0 0 60008.528 0.436 10251.247226190473 168
830 0 0 0 60008.528 0.436 10251.247226190473 168
840 0 0 0 60008.528 0.436 10251.247226190473 168
843 0 0 0 60008.528 0.436 10251.247226190473 168
