0 1.8 18
10 1.1 29
20 0 29
30 0 29
40 0 29
50 0 29
60 3.1 60
70 2.9 89
80 0 89
90 0 89
100 0 89
110 0 89
120 0 89
130 0 89
140 7.1 160
150 4.9 209
160 0 209
170 0 209
180 0 209
190 0 209
200 0 209
210 0 209
220 0 209
230 0 209
240 0 209
250 0 209
260 4 249
270 15 399
280 2.8 427
290 0 427
300 0 427
310 0 427
320 0 427
330 0 427
340 0 427
350 0 427
360 0 427
370 0 427
380 0 427
390 0 427
400 0 427
410 0 427
420 0 427
430 0 427
440 0 427
450 0 427
460 0 427
470 8.6 513
480 29.4 807
490 6.7 874
500 0 874
510 0 874
520 0 874
530 0 874
540 0 874
550 0 874
560 0 874
570 0 874
580 0 874
590 0 874
600 0 874
610 0 874
620 0 874
630 0 874
640 0 874
650 0 874
660 0 874
670 0 874
680 0 874
690 0 874
700 0 874
710 0 874
720 0 874
730 0 874
740 0 874
750 0 874
760 0 874
770 0 874
780 0 874
790 0 874
800 0 874
810 0 874
820 0 874
830 0 874
840 0 874
843 0 874
