0 1.2 1.8725833333333337 2.6517296700560475 10.65 0.777 0 0
10 1.8 1.0395555555555558 0.10448403504960417 10.65 0.777 1.8725833333333337 12
20 0 0 0 10.65 0.777 1.372766666666667 30
30 0 0 0 10.65 0.777 1.372766666666667 30
40 3.7 1.024972972972973 0.14920718164124547 10.65 0.775 1.372766666666667 30
50 2.3 1.024347826086957 0.15086521732865377 10.65 0.756 1.1807014925373136 67
60 0 0 0 10.65 0.756 1.1407444444444448 90
70 0 0 0 10.65 0.756 1.1407444444444448 90
80 5.8 1.0629999999999995 0.7431698650213568 10.65 0.703 1.1407444444444448 90
90 5.8 1.0583275862068968 0.7624519970855156 10.65 0.703 1.110277027027027 148
100 0 0 0 10.65 0.703 1.0956504854368931 206
110 0 0 0 10.65 0.703 1.0956504854368931 206
120 0 0 0 10.65 0.703 1.0956504854368931 206
130 15.5 1.030206451612904 0.3596737714844669 10.65 0.658 1.0956504854368931 206
140 8.5 1.4669764705882355 2.6475683270701795 21.131 0.658 1.0675512465373964 361
150 0 0 0 21.131 0.658 1.143674887892377 446
160 0 0 0 21.131 0.658 1.143674887892377 446
170 0 0 0 21.131 0.658 1.143674887892377 446
180 11.2 0.9915178571428581 0.3601724037116229 21.131 0.639 1.143674887892377 446
190 35 1.000385714285715 0.39299980708309157 21.131 0.632 1.113134408602151 558
200 3.6 1.3054166666666667 1.3875384153841168 21.131 0.632 1.0696740088105734 908
210 4 0.9390500000000002 0.149837570388738 21.131 0.592 1.078664194915255 944
220 1.6 0.7551875 0.2015127845665133 21.131 0.583 1.072988821138212 984
230 0.5 0.7162000000000001 0.03587979933054248 21.131 0.583 1.0679040000000006 1000
240 0.1 0.741 0.0 21.131 0.583 1.066154228855722 1005
250 0 0 0 21.131 0.583 1.0658310139165015 1006
256 0 0 0 21.131 0.583 1.0658310139165015 1006
