0 0.1 0.0390625 0 0.0390625 0.0390625 0 0
10 0.1 0.03125 0.0 0.0390625 0.03125 0.0390625 1
20 0.1 0.03125 0.0 0.0390625 0.03125 0.03515625 2
30 0.1 0.01953125 0.0 0.0390625 0.01953125 0.033854166666666664 3
40 0.1 0.01953125 0.0 0.0390625 0.01953125 0.0302734375 4
50 0.1 0.01953125 0.0 0.0390625 0.01953125 0.028125 5
60 0.1 0.01171875 0.0 0.0390625 0.01171875 0.026692708333333332 6
70 0.1 0.01171875 0.0 0.0390625 0.01171875 0.024553571428571428 7
80 0.1 0.01171875 0.0 0.0390625 0.01171875 0.02294921875 8
90 0.1 0.01171875 0.0 0.0390625 0.01171875 0.021701388888888888 9
100 0.1 0.0 0.0 0.0390625 0.0 0.020703125 10
110 0.1 0.0 0.0 0.0390625 0.0 0.018821022727272728 11
120 0.1 0.0 0.0 0.0390625 0.0 0.017252604166666668 12
130 0.1 0.0 0.0 0.0390625 0.0 0.015925480769230768 13
140 0.1 0.0 0.0 0.0390625 0.0 0.014787946428571428 14
150 0.1 0.0 0.0 0.0390625 0.0 0.013802083333333333 15
160 0.1 0.0 0.0 0.0390625 0.0 0.012939453125 16
170 0.1 0.0 0.0 0.0390625 0.0 0.012178308823529412 17
180 0.1 0.0 0.0 0.0390625 0.0 0.011501736111111112 18
190 0.1 0.0 0.0 0.0390625 0.0 0.010896381578947368 19
200 0.1 0.0 0.0 0.0390625 0.0 0.010351562499999998 20
210 0.1 0.0 0.0 0.0390625 0.0 0.00985863095238095 21
220 0.1 0.0 0.0 0.0390625 0.0 0.00941051136363636 22
230 0.1 0.0 0.0 0.0390625 0.0 0.009001358695652172 23
240 0.1 0.0 0.0 0.0390625 0.0 0.008626302083333332 24
250 0.1 0.0 0.0 0.0390625 0.0 0.008281249999999999 25
256 0.1 0.0703125 0.0 0.0703125 0.0 0.007962740384615384 26
