0 0.1 7567.437 0 7567.437 7567.437 0 0
10 0.4 8035.939 2987.7469349065523 11992.57 3755.965 7567.437 1
20 1.7 14371.409941176471 3438.5971202507 22614.84 3755.965 7942.2386 5
30 0.8 21216.141 2925.5756981282325 24762.283 3755.965 12910.234636363637 22
40 0.1 5293.806 0.0 24762.283 3755.965 15125.143000000002 30
50 1.8 10663.003388888892 2879.970043147306 24762.283 3755.965 14808.003096774195 31
60 3 14973.549166666668 3446.4440580725436 24762.283 3755.965 13285.350142857145 49
70 1 23860.1409 4409.645961091786 31355.971 3755.965 13926.438379746838 79
80 0.1 26783.63 0.0 31355.971 3755.965 15042.584730337081 89
90 2.6 11725.135076923076 3137.4589469454777 31355.971 3755.965 15173.04078888889 90
100 6.1 15004.036213114752 3099.5147890581197 31355.971 3755.965 14400.234336206899 116
110 2.6 23661.16592307693 4337.646450337333 31355.971 3755.965 14608.32424858757 177
120 0.3 31352.236333333334 4094.215441251584 36042.963 3755.965 15767.801507389164 203
130 0 0 0 36042.963 3755.965 15994.759296116505 206
140 0.2 12666.145 2305.634 36042.963 3755.965 15994.759296116505 206
150 3.3 21765.846272727278 3283.8932583503556 36042.963 3755.965 15962.753389423076 208
160 15.1 27122.237165562932 3761.795115059422 38420.586 3755.965 16757.367767634856 241
170 4.9 32622.413632653053 4893.195713748909 44371.741 3755.965 20749.95776530613 392
180 0.5 43865.45020000001 4373.939115945002 49529.548 3755.965 22069.11952834468 441
190 0.3 10769.880666666666 426.3369716944048 49529.548 3755.965 22313.473011210768 446
200 3.4 16688.363764705882 2839.8813355389157 49529.548 3755.965 22236.344331848562 449
210 15.5 22924.1894 4542.450373352345 49529.548 3755.965 21845.80325672879 483
220 23.4 30500.846534188026 4067.692868166593 49529.548 3755.965 22107.793620689663 638
230 5 38302.211979999985 4004.747128551066 52412.022 3755.965 24360.057819954134 872
240 0.3 43994.99 1715.3124035597727 52412.022 3755.965 25116.139932754882 922
250 0 0 0 52412.022 3755.965 25177.368635675677 925
256 0.1 68001.726 0.0 68001.726 3755.965 25177.368635675677 925
