0 17.2546875 17.2546875
10 49.29453125 66.54921875
20 38.91875 105.46796875
30 8.2578125 113.72578125
40 28.2859375 142.01171875
50 120.48125 262.49296875
60 58.4609375 320.95390625
70 8.1625 329.11640625
80 66.7109375 395.82734375
90 201.309375 597.13671875
100 135.03203125 732.16875
110 26.21015625 758.37890625
120 2.68203125 761.0609375
130 124.2359375 885.296875
140 236.428125 1121.725
150 272.2203125 1393.9453125
160 208.32890625 1602.27421875
170 39.0859375 1641.36015625
180 53.48203125 1694.8421875
190 331.35 2026.1921875
200 575.33515625 2601.52734375
210 389.71015625 2991.2375
220 191.35078125 3182.58828125
230 38.93515625 3221.5234375
240 1.16640625 3222.68984375
250 0 3222.68984375
256 0.28046875 3222.9703125
