10 0.2 11.639 0.7349999999999999 12.374 10.904 0 0
20 0.7 11.246142857142859 0.997722467647682 13.488 10.211 11.639 2
30 0 0 0 13.488 10.211 11.333444444444446 9
40 0 0 0 13.488 10.211 11.333444444444446 9
50 0.4 16.23675 4.076307052651947 20.545 10.211 11.333444444444446 9
60 0.6 13.135 3.5329944334327315 20.869 10.211 12.842153846153847 13
70 0.2 21.414 9.921 31.335 10.211 12.93463157894737 19
80 0.3 12.446 0.8889435677626938 31.335 10.211 13.742190476190476 21
90 1.1 269.1096363636364 351.05050089365477 1042.063 10.211 13.580166666666669 24
100 1.5 15.866599999999998 4.982260180547245 1042.063 10.211 93.88942857142858 35
110 0.2 13.357500000000002 1.4615000000000005 1042.063 10.211 70.48258000000001 50
120 0.1 12.218 0.0 1042.063 10.211 68.28546153846156 52
130 0 0 0 1042.063 10.211 67.2275849056604 53
140 0.2 1472.376 61.825000000000045 1534.201 10.211 67.2275849056604 53
150 2.3 1137.8139130434786 512.0487874061214 2592.236 10.211 118.32389090909092 55
160 4.4 410.66013636363647 385.25542733145903 2592.236 10.211 418.94274358974366 78
170 0.2 18.036 4.709999999999998 2592.236 10.211 415.9555737704919 122
180 0 0 0 2592.236 10.211 409.5375161290324 124
190 0.1 0.909 0.0 2592.236 0.909 409.5375161290324 124
200 3.8 850.3338684210524 1255.1628720286121 3163.467 0.534 406.2684880000001 125
210 5.5 1363.1209272727272 928.3003294230875 3163.467 0.503 509.79293251533744 163
220 4.5 750.0811999999999 669.2639190808426 3163.467 0.503 725.0821055045872 218
230 0.5 12.3004 8.648477752760888 3163.467 0.503 729.3595171102662 263
240 0 0 0 3163.467 0.503 715.9815485074628 268
250 0 0 0 3163.467 0.503 715.9815485074628 268
256 0 0 0 3163.467 0.503 715.9815485074628 268
