10 0.5 50.0392 27.72251894327065 105.471 35.18 0 0
20 0.4 37.98425 1.3565991255709988 105.471 35.18 50.0392 5
30 0 0 0 105.471 35.18 44.68144444444445 9
40 0 0 0 105.471 35.18 44.68144444444445 9
50 0.5 82.6508 40.6043129994832 134.574 34.802 44.68144444444445 9
60 0.7 45.458571428571425 7.069533645098782 134.574 34.802 58.24192857142857 14
70 0 0 0 134.574 34.802 53.980809523809526 21
80 0.4 45.77825 6.591993263611545 134.574 34.802 53.980809523809526 21
90 1.4 512.1637142857144 222.61924508850421 931.988 34.802 52.6684 25
100 1.1 64.42772727272725 51.167081767108655 931.988 34.802 217.6154358974359 39
110 0.3 41.187999999999995 1.425342298069717 931.988 34.802 183.91414 50
120 0 0 0 931.988 34.802 175.83530188679248 53
130 0 0 0 931.988 34.802 175.83530188679248 53
140 0.5 5143.6324 1080.040288389021 7181.036 34.802 175.83530188679248 53
150 3.6 3313.9707222222232 1073.358220871445 7181.036 34.802 604.0936724137932 58
160 2.9 2245.6877586206897 841.9814737269198 7181.036 34.802 1641.9189255319154 94
170 0.1 43.04 0.0 7181.036 34.802 1784.2709268292688 123
180 0 0 0 7181.036 34.802 1770.2287419354843 124
190 0.3 0.5619999999999999 0.088283633817373 7181.036 0.451 1770.2287419354843 124
200 5.7 646.8069122807021 1774.491209961563 7604.068 0.437 1728.4255905511814 127
210 5.4 2532.355259259258 1767.3958986116663 7604.068 0.437 1393.358934782609 184
220 3 1983.5044000000003 1173.2853480945316 7604.068 0.437 1651.7866722689075 238
230 0 0 0 7604.068 0.437 1688.9192537313431 268
240 0 0 0 7604.068 0.437 1688.9192537313431 268
250 0 0 0 7604.068 0.437 1688.9192537313431 268
256 0 0 0 7604.068 0.437 1688.9192537313431 268
