20 0.2 9.5185 3.7795 13.298 5.739 0 0
30 0 0 0 13.298 5.739 9.5185 2
40 0.1 7.2 0.0 13.298 5.739 9.5185 2
50 0.5 17.958000000000002 14.730769049849366 42.032 5.497 8.745666666666667 3
60 0.5 6.9004 2.1671720374718757 42.032 5.456 14.503375000000002 8
70 0 0 0 42.032 5.456 11.579153846153847 13
80 0 0 0 42.032 5.456 11.579153846153847 13
90 0.5 84.2834 92.24407535359656 231.082 5.407 11.579153846153847 13
100 0.8 8.303374999999999 2.3558012404222475 231.082 5.407 31.77477777777778 18
110 0 0 0 231.082 5.407 24.552807692307695 26
120 0 0 0 231.082 5.407 24.552807692307695 26
130 0 0 0 231.082 5.407 24.552807692307695 26
140 0.6 1056.2863333333332 215.78894521164787 1488.237 5.407 24.552807692307695 26
150 1.5 1128.0286666666666 544.1991147624391 2101.656 5.407 218.00284374999995 32
160 0.8 459.21200000000005 417.1374700080898 2101.656 5.407 508.4366170212766 47
170 0.1 6.849 0.0 2101.656 5.407 501.27667272727274 55
180 0 0 0 2101.656 5.407 492.4476071428571 56
190 0.2 0.6905 0.024499999999999966 2101.656 0.666 492.4476071428571 56
200 1.6 945.3891250000001 1233.2144924162562 2834.712 0.482 475.4904655172414 58
210 2.6 1352.0134230769231 920.9123169556945 2834.712 0.482 577.0901756756757 74
220 0.3 1332.383 385.82800679318245 2834.712 0.482 778.57022 100
230 0 0 0 2834.712 0.482 794.7006893203884 103
240 0 0 0 2834.712 0.482 794.7006893203884 103
250 0 0 0 2834.712 0.482 794.7006893203884 103
256 0 0 0 2834.712 0.482 794.7006893203884 103
