10 0.2 15.0625 0.6684999999999999 15.731 14.394 0 0
20 0.7 14.839285714285714 3.319886990946086 22.647 12.629 15.0625 2
30 0 0 0 22.647 12.629 14.88888888888889 9
40 0 0 0 22.647 12.629 14.88888888888889 9
50 0.4 18.38675 4.419407504123149 25.047 12.629 14.88888888888889 9
60 0.6 15.151833333333334 2.133810161555042 25.047 12.629 15.965153846153846 13
70 0.2 12.99 0.057000000000000384 25.047 12.629 15.708315789473682 19
80 0.3 17.474333333333334 3.8547578681704793 25.047 12.629 15.449428571428571 21
90 1.1 178.09727272727275 262.13558752159014 951.737 12.629 15.702541666666667 24
100 1.5 27.591933333333337 34.33723492355719 951.737 12.629 66.74088571428571 35
110 0.2 14.2715 0.1704999999999992 951.737 12.629 54.9962 50
120 0.1 13.744 0.0 951.737 12.629 53.42986538461538 52
130 0 0 0 951.737 12.629 52.681075471698115 53
140 0.1 1566.696 0.0 1566.696 12.629 52.681075471698115 53
150 2 1310.5227000000002 372.597798003437 2054.692 12.629 80.71838888888888 54
160 4.8 541.6438125000001 482.8367154459266 2054.692 12.629 413.09793243243246 74
170 0.2 14.1765 0.1574999999999993 2054.692 12.629 463.6733606557378 122
180 0 0 0 2054.692 12.629 456.4234112903227 124
190 0.1 0.559 0.0 2054.692 0.559 456.4234112903227 124
200 3.3 509.26703030303037 1114.564325303634 3809.438 0.444 452.7764960000001 125
210 5.1 1330.4894705882355 1028.4857939066435 3809.438 0.411 464.57515189873425 158
220 5.4 803.9924814814806 696.1630634573505 3809.438 0.411 675.8748181818182 209
230 0.5 9.576600000000001 5.0395865147847205 3809.438 0.411 702.1803460076044 263
240 0 0 0 3809.438 0.411 689.2586343283581 268
250 0 0 0 3809.438 0.411 689.2586343283581 268
256 0 0 0 3809.438 0.411 689.2586343283581 268
