20 0.4 10.549249999999999 1.1469920171910517 12.321 9.466 0 0
30 0 0 0 12.321 9.466 10.549249999999999 4
40 0 0 0 12.321 9.466 10.549249999999999 4
50 0.6 11.575166666666668 2.226799603067645 16.113 9.466 10.549249999999999 4
60 0.9 12.846333333333332 5.867125910055489 29.292 9.466 11.1648 10
70 0.1 10.746 0.0 29.292 9.466 11.961315789473684 19
80 0 0 0 29.292 9.466 11.900549999999999 20
90 1 92.36260000000001 100.60342259307086 353.774 9.466 11.900549999999999 20
100 1.2 11.7465 2.716134707631416 353.774 9.314 38.72123333333334 30
110 0.2 12.065000000000001 1.815 353.774 9.314 31.01416666666667 42
120 0 0 0 353.774 9.314 30.152840909090916 44
130 0 0 0 353.774 9.314 30.152840909090916 44
140 0.7 1928.9824285714287 366.08137232738585 2478.787 9.314 30.152840909090916 44
150 1.7 1189.6036470588238 507.3341498444057 2478.787 9.314 290.77650980392156 51
160 2.4 357.9904166666667 305.7381486963036 2478.787 9.314 515.4832941176471 68
170 0.3 10.532333333333334 0.4261692412906188 2478.787 9.314 474.39819565217397 92
180 0 0 0 2478.787 9.314 459.74980000000005 95
190 0.1 1677.434 0.0 2478.787 9.314 459.74980000000005 95
200 2.4 1087.114 1303.0446397345718 3080.423 0.496 472.43401041666675 96
210 4.3 1333.9758139534888 904.5649228194518 3080.423 0.496 595.3700083333334 120
220 1.9 893.6617368421055 600.5987853369286 3080.423 0.496 790.2169386503069 163
230 0.2 7.105 3.3050000000000006 3080.423 0.496 801.0161208791211 182
240 0 0 0 3080.423 0.496 792.3866521739131 184
250 0 0 0 3080.423 0.496 792.3866521739131 184
256 0 0 0 3080.423 0.496 792.3866521739131 184
