20 0.1 39.98 0 39.98 39.98 0 0
30 0.3 45.083999999999996 1.9602144440511269 47.855 39.98 39.98 1
40 0 0 0 47.855 39.98 43.80799999999999 4
50 0.5 44.6262 4.945442402859425 51.081 35.949 43.80799999999999 4
60 0.6 40.728 3.196515185844318 51.081 35.359 44.26255555555555 9
70 0.5 38.3496 2.286544519575339 51.081 35.359 42.848733333333335 15
80 0 0 0 51.081 35.359 41.72395 20
90 0.4 1540.98675 768.2381605415 2752.801 35.359 41.72395 20
100 1.4 80.05321428571428 48.65464299702925 2752.801 35.359 291.60108333333335 24
110 0.6 49.37616666666667 8.904041505905557 2752.801 35.359 213.66239473684212 38
120 0 0 0 2752.801 35.359 191.25972727272728 44
130 0 0 0 2752.801 35.359 191.25972727272728 44
140 0 0 0 2752.801 35.359 191.25972727272728 44
150 0.9 3049.455 1022.9483639618483 5133.93 35.359 191.25972727272728 44
160 3 1490.3592333333331 1089.3216835728763 5133.93 35.359 676.6136415094339 53
170 1 45.80030000000001 11.567588824383408 5133.93 35.359 970.7385542168673 83
180 0.2 48.4585 7.1644999999999985 5133.93 35.359 871.2828279569891 93
190 0 0 0 5133.93 35.359 853.9602105263157 95
200 0.6 1.2501666666666666 0.7164233889413594 5133.93 0.585 853.9602105263157 95
210 3.3 2111.5382424242425 1300.5155500674157 5133.93 0.53 803.3041683168316 101
220 4.1 1480.465951219513 1068.1645962882578 5133.93 0.53 1125.4812164179104 134
230 0.8 27.92525 12.586389094474239 5133.93 0.53 1208.6490685714289 175
240 0 0 0 5133.93 0.53 1157.0327267759567 183
250 0 0 0 5133.93 0.53 1157.0327267759567 183
256 0.1 16.84 0.0 5133.93 0.53 1157.0327267759567 183
