0 4.3 43
10 7.8 121
20 3.9 160
30 0.7 167
40 6.4 231
50 16.1 392
60 7.4 466
70 2.2 488
80 3.8 526
90 24.1 767
100 26.6 1033
110 8.7 1120
120 2 1140
130 25.1 1391
140 58.7 1978
150 35.3 2331
160 7 2401
170 1.6 2417
180 16.4 2581
190 90.8 3489
200 97.2 4461
210 32.2 4783
220 4.5 4828
230 0.4 4832
240 108.1 5913
250 234.5 8258
260 133.2 9590
270 32.6 9916
280 5.3 9969
290 0 9969
300 55.7 10526
310 369.4 14220
320 404.3 18263
330 145.8 19721
340 21.4 19935
350 2.5 19960
360 0 19960
370 0 19960
380 417.2 24132
390 914 33272
400 532.8 38600
410 120.5 39805
420 16.3 39968
430 2.1 39989
440 0.2 39991
450 255.1 42542
460 1471.5 57257
470 1296 70217
480 588.7 76104
490 216.4 78268
500 140.2 79670
510 51.1 80181
520 8.8 80269
530 1.6 80285
540 487.6 85161
550 1934.1 104502
560 1393.2 118434
570 1170.6 130140
580 660.9 136749
590 169.1 138440
600 114.3 139583
610 43.4 140017
620 56.5 140582
630 33.4 140916
640 3.7 140953
647 0.3 140956
