0 2.1 2.076666666666667 1.897462223310095 10.35 1.066 0 0
10 0.9 1.5933333333333333 0.5841457200238844 10.35 1.002 2.076666666666667 21
20 0 0 0 10.35 1.002 1.9316666666666669 30
30 0 0 0 10.35 1.002 1.9316666666666669 30
40 3.4 1.4648823529411763 0.3514216308506887 10.35 1.002 1.9316666666666669 30
50 2.6 1.634076923076923 0.5878322578028611 10.35 1.002 1.6836875 64
60 0 0 0 10.35 1.002 1.6693555555555555 90
70 0 0 0 10.35 1.002 1.6693555555555555 90
80 2.7 1.7768518518518517 1.6075236926703667 10.35 0.996 1.6693555555555555 90
90 8.1 1.4095555555555552 0.34060414733996586 10.35 0.989 1.694162393162393 117
100 1.2 1.1648333333333338 0.18927089639514638 10.35 0.899 1.577732323232323 198
110 0 0 0 10.35 0.899 1.5541380952380952 210
120 0 0 0 10.35 0.899 1.5541380952380952 210
130 13.1 1.3779312977099236 0.303867945174253 10.35 0.844 1.5541380952380952 210
140 10.7 1.563327102803739 1.2583669938196078 10.35 0.844 1.4864457478005864 341
150 0 0 0 10.35 0.844 1.5048080357142857 448
160 0 0 0 10.35 0.844 1.5048080357142857 448
170 0 0 0 10.35 0.844 1.5048080357142857 448
180 11.9 1.3006722689075623 0.2945071116472714 10.35 0.797 1.5048080357142857 448
190 29 1.2436034482758624 1.0777248375653923 17.278 0.628 1.4619647266313933 567
200 3.7 1.0517837837837836 0.2425868621401008 17.278 0.628 1.3880735122520422 857
210 0 0 0 17.278 0.628 1.3741554809843401 894
220 0 0 0 17.278 0.628 1.3741554809843401 894
230 0 0 0 17.278 0.628 1.3741554809843401 894
240 53.4 1.2894307116104862 0.9808370851070105 17.278 0.628 1.3741554809843401 894
250 41.7 1.1448896882494013 0.6050394341264907 17.278 0.628 1.34247268907563 1428
260 0 0 0 17.278 0.628 1.2978157181571817 1845
270 0 0 0 17.278 0.628 1.2978157181571817 1845
280 0 0 0 17.278 0.628 1.2978157181571817 1845
290 0 0 0 17.278 0.628 1.2978157181571817 1845
300 40.5 1.4510098765432113 2.377154059400585 24.517 0.533 1.2978157181571817 1845
310 122 1.1380532786885245 1.0103668695557109 24.517 0.533 1.325390666666667 2250
320 21 1.1924714285714295 0.49408334716480606 24.517 0.533 1.259525648414986 3470
330 0 0 0 24.517 0.533 1.255699184782609 3680
340 0 0 0 24.517 0.533 1.255699184782609 3680
350 0 0 0 24.517 0.533 1.255699184782609 3680
360 0 0 0 24.517 0.533 1.255699184782609 3680
370 0 0 0 24.517 0.533 1.255699184782609 3680
380 212.1 1.1564356435643581 1.275692839361639 24.517 0.533 1.255699184782609 3680
390 158.4 1.279472853535356 0.7246366020780002 24.517 0.515 1.2194057921048103 5801
400 0 0 0 24.517 0.515 1.2322895057549097 7385
410 0 0 0 24.517 0.515 1.2322895057549097 7385
420 0 0 0 24.517 0.515 1.2322895057549097 7385
430 0 0 0 24.517 0.515 1.2322895057549097 7385
440 0 0 0 24.517 0.515 1.2322895057549097 7385
450 179.1 1.01891903964266 0.5262174670144932 24.517 0.515 1.2322895057549097 7385
460 495.3 2.7265081768625117 4.070067356330036 43.012 0.515 1.1906431996512654 9176
470 71.4 68.58784173669474 212.86830284463852 4190.256 0.515 1.7290492603864414 14129
480 0 0 0 4190.256 0.515 4.94519005591862 14843
490 0 0 0 4190.256 0.515 4.94519005591862 14843
500 0 0 0 4190.256 0.515 4.94519005591862 14843
510 0 0 0 4190.256 0.515 4.94519005591862 14843
520 0 0 0 4190.256 0.515 4.94519005591862 14843
530 0 0 0 4190.256 0.515 4.94519005591862 14843
540 352.5 1.1411100709219844 1.5566322252291929 4190.256 0.505 4.94519005591862 14843
550 722.7 2.277304137263032 12.245077111050971 4190.256 0.501 4.21514966245645 18368
560 95.6 6.408338912133895 6.826597249010765 4190.256 0.501 3.6679799179527257 25595
570 9.9 170.25631313131316 496.38033650785303 4190.256 0.501 3.7666497683703066 26551
580 3.2 531.3294687499999 1458.579995252724 8309.622 0.501 4.385129193245779 26650
590 0.6 48.98750000000001 18.787820201307724 8309.622 0.501 5.017099018064614 26682
600 0.1 31511.737 0.0 31511.737 0.501 5.0269844499400484 26688
610 0 0 0 31511.737 0.501 6.2074973959309085 26689
620 0 0 0 31511.737 0.501 6.2074973959309085 26689
630 0 0 0 31511.737 0.501 6.2074973959309085 26689
640 0 0 0 31511.737 0.501 6.2074973959309085 26689
647 0 0 0 31511.737 0.501 6.2074973959309085 26689
