0 19 19
10 21 2
20 4 -17
30 0 -4
40 34 34
50 38 4
60 17 -21
70 2 -15
80 27 25
90 100 73
100 59 -41
110 16 -43
120 0 -16
130 130 130
140 183 53
150 54 -129
160 11 -43
170 1 -10
180 119 118
190 369 250
200 200 -169
210 36 -164
220 3 -33
230 0 -3
240 524 524
250 682 158
260 222 -460
270 42 -180
280 1 -41
290 1 0
300 405 404
310 1466 1061
320 861 -605
330 176 -685
340 18 -158
350 0 -18
360 0 0
370 0 0
380 2084 2084
390 2695 611
400 878 -1817
410 130 -748
420 18 -112
430 2 -16
440 0 -2
450 1790 1790
460 6151 4361
470 5146 -1005
480 3087 -2059
490 1354 -1733
500 404 -950
510 71 -333
520 12 -59
530 1 -11
540 3524 3523
550 10308 6784
560 9582 -726
570 6782 -2800
580 3489 -3293
590 1928 -1561
600 868 -1060
610 489 -379
620 231 -258
630 27 -204
640 3 -24
647 0 -3
