0 0.1 375580.8671875 0 375580.8671875 375580.8671875 0 0
10 0.1 375578.59765625 0.0 375580.8671875 375578.59765625 375580.8671875 1
20 0.1 375568.734375 0.0 375580.8671875 375568.734375 375579.732421875 2
30 0.1 375567.41796875 0.0 375580.8671875 375567.41796875 375576.06640625 3
40 0.1 375570.984375 0.0 375580.8671875 375567.41796875 375573.904296875 4
50 0.1 375566.9921875 0.0 375580.8671875 375566.9921875 375573.3203125 5
60 0.1 375547.74609375 0.0 375580.8671875 375547.74609375 375572.265625 6
70 0.1 375545.0078125 0.0 375580.8671875 375545.0078125 375568.7628348214 7
80 0.1 375546.3671875 0.0 375580.8671875 375545.0078125 375565.79345703125 8
90 0.1 375550.546875 0.0 375580.8671875 375545.0078125 375563.6349826389 9
100 0.1 375522.61328125 0.0 375580.8671875 375522.61328125 375562.326171875 10
110 0.1 375519.09765625 0.0 375580.8671875 375519.09765625 375558.7159090909 11
120 0.1 375525.23046875 0.0 375580.8671875 375519.09765625 375555.4143880208 12
130 0.1 375537.640625 0.0 375580.8671875 375519.09765625 375553.09254807694 13
140 0.1 375518.48828125 0.0 375580.8671875 375518.48828125 375551.98883928574 14
150 0.1 375465.92578125 0.0 375580.8671875 375465.92578125 375549.75546875 15
160 0.1 375477.3359375 0.0 375580.8671875 375465.92578125 375544.51611328125 16
170 0.1 375509.1171875 0.0 375580.8671875 375465.92578125 375540.5643382353 17
180 0.1 375514.125 0.0 375580.8671875 375465.92578125 375538.81727430556 18
190 0.1 375519.33203125 0.0 375580.8671875 375465.92578125 375537.51768092107 19
200 0.1 375402.94140625 0.0 375580.8671875 375402.94140625 375536.6083984375 20
210 0.1 375358.9375 0.0 375580.8671875 375358.9375 375530.2433035714 21
220 0.1 375443.71484375 0.0 375580.8671875 375358.9375 375522.45667613635 22
230 0.1 375473.98046875 0.0 375580.8671875 375358.9375 375519.03311820654 23
240 0.1 375480.9921875 0.0 375580.8671875 375358.9375 375517.1559244792 24
250 0.1 375361.25390625 0.0 375580.8671875 375358.9375 375515.709375 25
260 0.1 375173.2421875 0.0 375580.8671875 375173.2421875 375509.76878004806 26
270 0.1 375228.3671875 0.0 375580.8671875 375173.2421875 375497.3048321759 27
280 0.1 375347.04296875 0.0 375580.8671875 375173.2421875 375487.69991629466 28
290 0.1 375406.4609375 0.0 375580.8671875 375173.2421875 375482.8496767241 29
300 0.1 375410.390625 0.0 375580.8671875 375173.2421875 375480.3033854167 30
310 0.1 375355.53125 0.0 375580.8671875 375173.2421875 375478.04813508067 31
320 0.1 374908.12890625 0.0 375580.8671875 374908.12890625 375474.2194824219 32
330 0.1 374751.70703125 0.0 375580.8671875 374751.70703125 375457.0652225379 33
340 0.1 375089.52734375 0.0 375580.8671875 374751.70703125 375436.31939338235 34
350 0.1 375221.0546875 0.0 375580.8671875 374751.70703125 375426.41104910715 35
360 0.1 375247.6328125 0.0 375580.8671875 374751.70703125 375420.7067057292 36
370 0.1 375272.7578125 0.0 375580.8671875 374751.70703125 375416.0290329392 37
380 0.1 375273.3359375 0.0 375580.8671875 374751.70703125 375412.2587376645 38
390 0.1 374776.171875 0.0 375580.8671875 374751.70703125 375408.6966145833 39
400 0.1 373946.39453125 0.0 375580.8671875 373946.39453125 375392.88349609374 40
410 0.1 374256.01953125 0.0 375580.8671875 373946.39453125 375357.603277439 41
420 0.1 374921.78125 0.0 375580.8671875 373946.39453125 375331.37509300595 42
430 0.1 375037.0546875 0.0 375580.8671875 373946.39453125 375321.84965479653 43
440 0.1 375093.33984375 0.0 375580.8671875 373946.39453125 375315.3770419034 44
450 0.1 375093.81640625 0.0 375580.8671875 373946.39453125 375310.4428819445 45
460 0.1 374839.125 0.0 375580.8671875 373946.39453125 375305.7336107337 46
470 0.1 373124.31640625 0.0 375580.8671875 373124.31640625 375295.8057679521 47
480 0.1 372177.66796875 0.0 375580.8671875 372177.66796875 375250.56640625 48
490 0.1 372082.58984375 0.0 375580.8671875 372082.58984375 375187.8541932398 49
500 0.1 372014.40234375 0.0 375580.8671875 372014.40234375 375125.74890625 50
510 0.1 373862.41015625 0.0 375580.8671875 372014.40234375 375064.74211090687 51
520 0.1 374345.73828125 0.0 375580.8671875 372014.40234375 375041.62034254806 52
530 0.1 374678.01171875 0.0 375580.8671875 372014.40234375 375028.4904923349 53
540 0.1 374781.80859375 0.0 375580.8671875 372014.40234375 375022.0001446759 54
550 0.1 373955.67578125 0.0 375580.8671875 372014.40234375 375017.63302556815 55
560 0.1 371686.53125 0.0 375580.8671875 371686.53125 374998.66950334824 56
570 0.1 370317.796875 0.0 375580.8671875 370317.796875 374940.561814693 57
580 0.1 369901.765625 0.0 375580.8671875 369901.765625 374860.8589709052 58
590 0.1 370492.91015625 0.0 375580.8671875 369901.765625 374776.80654131353 59
600 0.1 371250.38671875 0.0 375580.8671875 369901.765625 374705.40826822916 60
610 0.1 373066.9765625 0.0 375580.8671875 369901.765625 374648.7685706967 61
620 0.1 373118.90234375 0.0 375580.8671875 369901.765625 374623.25579637097 62
630 0.1 374109.08203125 0.0 375580.8671875 369901.765625 374599.3771701389 63
640 0.1 374553.80078125 0.0 375580.8671875 369901.765625 374591.71630859375 64
647 0.1 374698.61328125 0.0 375580.8671875 369901.765625 374591.13299278845 65
