0 6.6 53.15363636363637 47.890417294965694 153.333 7.918 0 0
10 13 51.53756153846157 42.017023515750566 153.333 7.61 53.15363636363637 66
20 5.7 53.76005263157895 55.78899930751645 381.412 7.61 52.08175000000002 196
30 0.9 43.583222222222226 35.65232898665724 381.412 7.61 52.459865612648244 253
40 9.4 41.88555319148936 46.63855808841349 381.412 6.48 52.15494274809162 262
50 26.9 44.585063197025995 54.996628149562824 436.217 6.082 49.44336235955057 356
60 12 55.061058333333335 85.88433130576416 554.133 6.082 47.3523504 625
70 2.8 39.029964285714286 28.129850937193478 554.133 6.082 48.59402147651007 745
80 4.9 35.62473469387756 41.7214792079207 554.133 6.082 48.2475873221216 773
90 40.8 42.16953431372552 53.882389796119675 554.133 5.959 47.49513017031631 822
100 43.5 44.88565747126433 64.15392748475696 554.133 5.617 45.72859105691058 1230
110 13.2 53.42213636363637 74.09259253540645 554.133 5.617 45.508365165165166 1665
120 2.6 41.429346153846154 27.58070099787211 554.133 5.617 46.08967723984418 1797
130 39 39.677325641025675 51.89434905853762 554.133 5.362 46.02321064179923 1823
140 103 41.847772815533936 52.66823103321209 554.133 4.905 44.904866696791686 2213
150 53.7 44.797415270018575 64.09026633087119 556.404 4.905 43.93391181005241 3243
160 9.6 49.15978124999999 68.50075564276084 556.404 4.905 44.056584126984106 3780
170 1.8 44.43033333333332 26.739715146409306 556.404 4.905 44.18297910216717 3876
180 21 31.951928571428557 41.46077025103591 556.404 4.905 44.18412249614791 3894
190 153.3 40.935897586431786 53.52548688795745 558.538 4.812 43.55820614035086 4104
200 162.2 47.922316892725014 74.10074959735365 729.352 4.812 42.84506102536808 5637
210 46.3 49.13072786177102 74.73772004433141 729.352 4.812 43.97955737704916 7259
220 5.1 47.888039215686284 28.01606696442819 729.352 4.812 44.28841414141412 7722
230 0.5 47.317600000000006 35.89152383279372 729.352 4.812 44.31203190531324 7773
240 169.5 41.11562241887908 57.877034598769015 729.352 4.492 44.313964001028516 7778
250 395.5 45.7138728192163 69.38005139459267 729.352 4.492 43.74168605510396 9473
260 210.5 50.67170973871737 87.15896709954296 784.399 4.492 44.32256173666967 13428
270 45.3 53.25720971302427 89.05952953881842 784.399 4.492 45.18298512843625 15533
280 5.8 49.82141379310344 56.632451637589796 784.399 4.492 45.411786813461795 15986
290 0 0 0 784.399 4.492 45.42772787334831 16044
300 68.6 29.70269241982507 40.8164562783874 784.399 4.492 45.42772787334831 16044
310 614.8 45.222637443070894 66.35107947200017 789.285 4.492 44.78293562462643 16730
320 677.2 53.63322932663909 93.00513757824106 1008.866 4.492 44.901096599353096 22878
330 210.7 56.732416231608845 106.10730484498472 1008.866 4.492 46.89549804384485 29650
340 26.6 52.35333834586467 76.05891673360874 1008.866 4.492 47.54815372988632 31757
350 2.8 64.15060714285715 58.47196201803494 1008.866 4.492 47.58806813852543 32023
360 0 0 0 1008.866 4.492 47.60253729992823 32051
370 0 0 0 1008.866 4.492 47.60253729992823 32051
380 643 42.619542301710666 59.95038120332472 1008.866 4.492 47.60253729992823 32051
390 1560.6 64.48877329232316 107.97781976914696 1465.978 4.492 46.769901509836004 38481
400 837.3 73.61637107368925 138.38797684100567 1708.14 4.492 51.88241862184988 54087
410 162.6 58.52152152521503 116.5043518072739 1708.14 4.492 54.79593741594612 62460
420 18.1 52.69707182320441 96.32261502216156 1708.14 4.492 54.8904635177729 64086
430 2.2 47.06968181818181 22.916677806163083 1708.14 4.492 54.88428610328775 64267
440 0.2 51.813 33.084999999999994 1708.14 4.492 54.881611908724565 64289
450 323.5 32.96010880989183 47.18586227724244 1708.14 4.492 54.88151644864746 64291
460 2441.9 84.32930840738702 123.21031001748251 2324.363 4.485 53.83131721114821 67526
470 1994.9 573.0274839340316 803.1816437343459 12161.038 4.485 61.93105560933142 91945
480 896.5 1737.666125934182 2834.6106784272292 21758.388 4.485 153.05178280336722 111894
490 470.3 3522.095633638099 6176.373276942469 30828.677 4.485 270.59427104311567 120859
500 290.9 5049.737360261275 9502.313731227116 40205.159 4.485 392.38120425765675 125562
510 59.5 1657.6439915966412 7786.048388316574 46111.633 4.485 497.8388488452643 128471
520 9.6 1652.2920000000004 8926.770884367994 54542.304 4.485 503.18560213379163 129066
530 1.6 54.04625 26.35323199462449 54542.304 4.485 504.0396785199978 129162
540 619.2 38.089552971576104 55.91561586236191 54542.304 4.485 503.98394228893426 129178
550 3315 307.5476197285069 487.14885717326905 54542.304 1.457 482.67332650513373 135370
560 2666.8 1627.2189487400522 1657.7587111168536 54542.304 0.779 448.22390103845214 168520
570 1701.1 2483.412875198406 2552.1223257501415 54542.304 0.779 609.3067541447203 195188
580 926 2697.9989257019374 3863.6495408419287 54542.304 0.779 759.5450645290495 212199
590 413.7 5260.231292724193 8215.405229968848 54542.304 0.779 840.5988160336663 221459
600 259.7 7129.334201001152 11917.827839635642 54542.304 0.779 921.6464390237401 225596
610 74.4 9535.917194892492 18783.77046610051 59797.078 0.779 992.2943779081727 228193
620 135.9 14003.16309860187 22342.08159753084 62761.704 0.779 1020.059463393858 228937
630 34.9 48.00494269340974 20.85896360907832 62761.704 0.779 1096.6740717250825 230296
640 3.7 59.858972972972964 23.578263227750835 62761.704 0.779 1095.0872802228516 230645
647 0.3 145.84966666666668 100.7209354349377 62761.704 0.779 1094.9212358528175 230682
