10 0.1 392 0 392 392 0 0
20 0.1 876.0 0.0 876 392 392.0 1
30 0.1 634.0 0.0 876 392 634.0 2
40 0.1 22.0 0.0 876 22 634.0 3
50 0.1 497.0 0.0 876 22 481.0 4
60 0.1 1690.0 0.0 1690 22 484.2 5
70 0.1 1090.0 0.0 1690 22 685.1666666666666 6
80 0.1 134.0 0.0 1690 22 743.0 7
90 0.1 305.0 0.0 1690 22 666.875 8
100 0.1 2644.0 0.0 2644 22 626.6666666666666 9
110 0.1 3398.0 0.0 3398 22 828.4 10
120 0.1 1385.0 0.0 3398 22 1062.0 11
130 0.1 86.0 0.0 3398 22 1088.9166666666667 12
140 0.1 2239.0 0.0 3398 22 1011.7692307692307 13
150 0.1 7125.0 0.0 7125 22 1099.4285714285713 14
160 0.1 5636.0 0.0 7125 22 1501.1333333333334 15
170 0.1 608.0 0.0 7125 22 1759.5625 16
180 0.1 91.0 0.0 7125 22 1691.8235294117646 17
190 0.1 1246.0 0.0 7125 22 1602.888888888889 18
200 0.1 10167.0 0.0 10167 22 1584.1052631578948 19
210 0.1 15817.0 0.0 15817 22 2013.25 20
220 0.1 4987.0 0.0 15817 22 2670.5714285714284 21
230 0.1 362.0 0.0 15817 22 2775.8636363636365 22
240 0.1 14.0 0.0 15817 14 2670.913043478261 23
250 0.1 10889.0 0.0 15817 14 2560.2083333333335 24
260 0.1 33984.0 0.0 33984 14 2893.36 25
270 0.1 24359.0 0.0 33984 14 4089.153846153846 26
280 0.1 4105.0 0.0 33984 14 4839.888888888889 27
290 0.1 178.0 0.0 33984 14 4813.642857142857 28
300 0.1 3.0 0.0 33984 3 4653.793103448276 29
310 0.1 5286.0 0.0 33984 3 4498.766666666666 30
320 0.1 46734.0 0.0 46734 3 4524.1612903225805 31
330 0.1 75186.0 0.0 75186 3 5843.21875 32
340 0.1 26637.0 0.0 75186 3 7944.515151515152 33
350 0.1 1802.0 0.0 75186 3 8494.29411764706 34
360 0.1 285.0 0.0 75186 3 8303.085714285715 35
370 0.1 1.0 0.0 75186 1 8080.361111111111 36
380 0.1 0.0 0.0 75186 0 7862.0 37
390 0.1 42468.0 0.0 75186 0 7655.105263157895 38
400 0.1 156369.0 0.0 156369 0 8547.74358974359 39
410 0.1 121476.0 0.0 156369 0 12243.275 40
420 0.1 20491.0 0.0 156369 0 14907.487804878048 41
430 0.1 1639.0 0.0 156369 0 15040.42857142857 42
440 0.1 91.0 0.0 156369 0 14728.767441860466 43
450 0.1 0.0 0.0 156369 0 14396.09090909091 44
460 0.1 23052.0 0.0 156369 0 14076.177777777777 45
470 0.1 180356.0 0.0 180356 0 14271.304347826086 46
480 0.1 217593.0 0.0 217593 0 17805.021276595744 47
490 0.1 232603.0 0.0 232603 0 21967.270833333332 48
500 0.1 229967.0 0.0 232603 0 26265.95918367347 49
510 0.1 57699.0 0.0 232603 0 30339.98 50
520 0.1 3486.0 0.0 232603 0 30876.43137254902 51
530 0.1 389.0 0.0 232603 0 30349.69230769231 52
540 0.1 58.0 0.0 232603 0 29784.396226415094 53
550 0.1 50259.0 0.0 232603 0 29233.90740740741 54
560 0.1 228660.0 0.0 232603 0 29616.18181818182 55
570 0.1 273617.0 0.0 273617 0 33170.53571428572 56
580 0.1 305390.0 0.0 305390 0 37388.89473684211 57
590 0.1 324820.0 0.0 324820 0 42009.60344827586 58
600 0.1 205052.0 0.0 324820 0 46803.0 59
610 0.1 122189.0 0.0 324820 0 49440.48333333333 60
620 0.1 108162.0 0.0 324820 0 50633.08196721312 61
630 0.1 34013.0 0.0 324820 0 51560.967741935485 62
640 0.1 1576.0 0.0 324820 0 51282.42857142857 63
647 0.1 145.0 0.0 324820 0 50505.765625 64
