0 0.2 5910.2495 723.9255000000003 6634.175 5186.324 0 0
10 0.8 10409.318125 1223.2844147188785 12332.563 5186.324 5910.2495 2
20 1.6 16043.837437500002 4301.359148875299 25116.542 5186.324 9509.5044 10
30 0.4 23518.436999999998 4523.134778425855 30948.247 5186.324 13530.632423076924 26
40 0 0 0 30948.247 5186.324 14862.3397 30
50 2.2 10977.634227272725 3652.560306509543 30948.247 5186.324 14862.3397 30
60 2.1 16474.906047619046 3300.18580371307 30948.247 5186.324 13218.810461538462 52
70 1.6 22313.8188125 3250.5756806797167 30948.247 5186.324 14155.495493150684 73
80 0.1 29926.337 0.0 30948.247 5186.324 15622.16035955056 89
90 0.9 10389.715333333334 1537.0433211065401 30948.247 5186.324 15781.095655555555 90
100 5.2 12438.657576923077 3966.615466328952 30948.247 5186.324 15290.970171717172 99
110 4.6 18895.50373913043 5338.162378342629 31269.537 5186.324 14308.71682781457 151
120 1.3 27252.422846153844 4410.988273692449 35588.946 5186.324 15379.743213197968 197
130 0.1 5321.695 0.0 35588.946 5186.324 16114.718619047617 210
140 5.9 10867.933169491522 3384.321259961682 35588.946 4949.352 16063.56684834123 211
150 12.6 15523.943468253969 4003.7681771256603 35588.946 4949.352 14928.224674074072 270
160 4.1 21817.55963414635 3436.325109821641 35588.946 4949.352 15117.771563131313 396
170 1 29793.610599999996 4345.268384724959 37952.782 4949.352 15746.355798627003 437
180 0.1 38334.68 0.0 38334.68 4949.352 16060.612058165549 447
190 4 8425.072475000003 2432.8587390835705 38334.68 4056.701 16110.330959821427 448
200 20.6 13114.95139320388 3966.123713153394 38334.68 4056.701 15480.391739754097 488
210 16.4 17981.70294512197 3922.0893519015767 38334.68 4056.701 14778.258149855907 694
220 3.3 26770.697030303025 4068.227145279637 40723.785 4056.701 15390.571607226111 858
230 0.3 36880.39433333333 810.9664673118236 40723.785 4056.701 15812.057734006738 891
240 1.1 5765.509545454544 1262.1728414545053 40723.785 3320.829 15882.75685011186 894
250 27.3 10871.382706959701 3134.4761060874057 40723.785 3320.829 15759.784783425419 905
260 46 15378.843836956528 4375.9001349072 40723.785 3320.829 14626.903826825132 1178
270 16.9 21934.06613017754 4294.599549484905 40723.785 3320.829 14838.071351037855 1638
280 3.7 31985.949702702706 4526.94851816425 41660.989 3320.829 15501.725539014948 1807
290 0 0 0 41660.989 3320.829 15832.482748373106 1844
300 0.1 54812.661 0.0 54812.661 3320.829 15832.482748373106 1844
310 17.4 8624.361436781606 2197.6702728954706 54812.661 3320.829 15853.610216260166 1845
320 82.2 12984.838755474451 3742.000652083551 54812.661 3320.829 15230.584318474495 2019
330 67.1 18315.853631892685 4297.705508198683 54812.661 3320.829 14580.81210700458 2841
340 15.1 26001.979900662252 4034.9723882300514 54812.661 3320.829 15294.426248006834 3512
350 1.7 36222.60847058824 3655.931735415345 54812.661 3320.829 15735.824173628176 3663
360 0 0 0 54812.661 3320.829 15830.464209782609 3680
370 0 0 0 54812.661 3320.829 15830.464209782609 3680
380 4.4 6194.773954545454 1284.263586884026 54812.661 2622.945 15830.464209782609 3680
390 100.2 10930.53166966069 3020.4304797644877 54812.661 2622.945 15716.616097207305 3724
400 180.7 15409.018011068087 4209.662400609647 54812.661 2622.945 14701.877079771479 4726
410 72.4 22341.385251381183 4449.08898179346 54812.661 2622.945 14897.469252257775 6533
420 11.1 32031.93964864866 4488.846868828852 54812.661 2622.945 15640.117065867442 7257
430 1.5 42107.78406666667 4077.4385048452395 54812.661 2622.945 15887.06227578719 7368
440 0.2 49280.1835 3719.9535000000014 54812.661 2622.945 15940.334770283087 7383
450 0.1 3016.084 0.0 54812.661 2622.945 15949.363842383213 7385
460 60 8753.960333333329 2178.670671233702 54812.661 2448.251 15947.61278906039 7386
470 171.8 14068.657233993032 3533.1662535580504 54812.661 2448.251 15407.143032807417 7986
480 205.4 20582.353382667934 4460.867199875012 54812.661 2448.251 15170.176977328943 9704
490 179.1 28474.765730876657 4568.4381193648915 54812.661 2448.251 16115.627762884844 11758
500 91.7 38499.717278080585 5082.406756953107 54812.661 2448.251 17749.34361650307 13549
510 30.9 48355.055750809035 5238.04064468537 63205.487 2448.251 19064.710175860637 14466
520 5.7 58564.614245614044 5936.157790633425 72154.959 2448.251 19677.27983966159 14775
530 1 68014.5692 4105.799879701929 77377.823 2448.251 19826.72550182039 14832
540 0.3 25438.606 31915.556458727468 77377.823 2448.251 19859.192718973183 14842
550 48.5 8692.993643298973 2420.0299776201937 77377.823 1575.443 19860.320252812395 14845
560 166.7 16383.94419976006 3282.907337955166 77377.823 1575.443 19507.01605153294 15330
570 284.5 23658.23218664322 4302.125726179852 77377.823 1575.443 19200.7172472201 16997
580 323.1 30525.175188486577 4533.980684633778 77377.823 1575.443 19839.84787934684 19842
590 156 39047.818742948635 5164.688310571142 77377.823 1575.443 21336.15492809778 23073
600 103.6 49643.74321042465 5072.2263680087535 77377.823 1575.443 22457.828924410343 24633
610 35.8 58612.87837988827 5265.848267783508 77377.823 1575.443 23555.051535353927 25669
620 26.6 72601.98975939858 4689.618774006978 83481.332 1575.443 24037.270078034348 26027
630 19.5 79533.15487179486 4720.8959718037095 91195.094 1575.443 24528.587745673754 26293
640 2.4 88450.43687499997 4195.206583968553 98957.102 1575.443 24933.521700279372 26488
647 0.2 101069.9645 6087.730500000005 107157.695 1575.443 24991.02041649065 26512
