10 0.1 47.348 0 47.348 47.348 0 0
20 0 0 0 47.348 47.348 47.348 1
30 0 0 0 47.348 47.348 47.348 1
40 0.1 82.898 0.0 82.898 47.348 47.348 1
50 0.4 19.436249999999998 1.028258813480341 82.898 18.0 65.12299999999999 2
60 0 0 0 82.898 18.0 34.665166666666664 6
70 0 0 0 82.898 18.0 34.665166666666664 6
80 0.2 20.269 0.5280000000000014 82.898 18.0 34.665166666666664 6
90 1.1 19.956090909090907 2.2629858174361916 82.898 15.91 31.066125 8
100 0 0 0 82.898 15.91 24.633999999999997 19
110 0 0 0 82.898 15.91 24.633999999999997 19
120 0 0 0 82.898 15.91 24.633999999999997 19
130 1 17.343300000000006 2.204290636463351 82.898 14.191 24.633999999999997 19
140 0.9 17.64044444444444 2.9737675733397375 82.898 11.714 22.11996551724138 29
150 0 0 0 82.898 11.714 21.05902631578947 38
160 0 0 0 82.898 11.714 21.05902631578947 38
170 0 0 0 82.898 11.714 21.05902631578947 38
180 1.5 19.387333333333338 2.298111301820596 82.898 11.714 21.05902631578947 38
190 3 21.610433333333333 21.081706888016022 134.17 11.345 20.585905660377357 53
200 0.4 15.848499999999998 1.8841709715415953 134.17 11.345 20.95621686746988 83
210 0 0 0 134.17 11.345 20.721379310344826 87
220 0 0 0 134.17 11.345 20.721379310344826 87
230 0 0 0 134.17 11.345 20.721379310344826 87
240 6.1 23.857950819672126 23.619914414849063 139.673 11.345 20.721379310344826 87
250 4.3 18.71399999999999 10.629296714795519 139.673 11.345 22.0141554054054 148
260 0 0 0 139.673 11.345 21.271188481675388 191
270 0 0 0 139.673 11.345 21.271188481675388 191
280 0 0 0 139.673 11.345 21.271188481675388 191
290 0 0 0 139.673 11.345 21.271188481675388 191
300 5 18.53588 4.460306898140532 139.673 11.345 21.271188481675388 191
310 14.9 20.43120134228189 21.186854937294438 179.982 11.345 20.703697095435682 241
320 1.7 31.241411764705884 40.28757461062803 179.982 11.345 20.599589743589746 390
330 0 0 0 179.982 11.345 21.044088452088456 407
340 0 0 0 179.982 11.345 21.044088452088456 407
350 0 0 0 179.982 11.345 21.044088452088456 407
360 0 0 0 179.982 11.345 21.044088452088456 407
370 0 0 0 179.982 11.345 21.044088452088456 407
380 23 19.053373913043508 14.857669687936976 179.982 11.345 21.044088452088456 407
390 14.8 28.895331081081093 34.42913321031126 252.386 11.345 20.325306122448993 637
400 0 0 0 252.386 11.345 21.941056050955428 785
410 0 0 0 252.386 11.345 21.941056050955428 785
420 0 0 0 252.386 11.345 21.941056050955428 785
430 0 0 0 252.386 11.345 21.941056050955428 785
440 0 0 0 252.386 11.345 21.941056050955428 785
450 18.8 18.549308510638287 13.150425567522475 252.386 11.345 21.941056050955428 785
460 47.4 61.60653375527425 101.89317575570112 1318.035 11.345 21.285713257965064 973
470 6.9 437.8173333333333 537.2830602391102 2884.529 11.345 34.493777470628885 1447
480 0 0 0 2884.529 11.345 52.85085224274406 1516
490 0 0 0 2884.529 11.345 52.85085224274406 1516
500 0 0 0 2884.529 11.345 52.85085224274406 1516
510 0 0 0 2884.529 11.345 52.85085224274406 1516
520 0 0 0 2884.529 11.345 52.85085224274406 1516
530 0 0 0 2884.529 11.345 52.85085224274406 1516
540 36.3 23.862099173553702 28.036891098015044 2884.529 11.345 52.85085224274406 1516
550 65.3 283.5464104134765 425.9645264548864 2884.529 11.345 47.25057690260776 1879
560 14.3 1710.818741258741 1233.169607300224 7279.631 11.345 108.19101105845186 2532
570 0 0 0 7279.631 11.345 193.8641943925234 2675
580 0 0 0 7279.631 11.345 193.8641943925234 2675
590 0 0 0 7279.631 11.345 193.8641943925234 2675
600 0 0 0 7279.631 11.345 193.8641943925234 2675
610 0 0 0 7279.631 11.345 193.8641943925234 2675
620 0 0 0 7279.631 11.345 193.8641943925234 2675
630 0 0 0 7279.631 11.345 193.8641943925234 2675
640 0 0 0 7279.631 11.345 193.8641943925234 2675
647 0 0 0 7279.631 11.345 193.8641943925234 2675
