0 0.2 67.8 3.543999999999997 71.344 64.256 0 0
10 1 51.5509 14.343855781832163 71.581 29.203 67.8 2
20 0.5 41.5672 11.86897313839744 71.581 29.203 54.259083333333336 12
30 0 0 0 71.581 29.203 50.52617647058824 17
40 0.2 39.998000000000005 9.516 71.581 29.203 50.52617647058824 17
50 0.6 34.50416666666666 13.104862130988717 71.581 23.849 49.41794736842105 19
60 1 33.555599999999984 3.3456290051349096 71.581 23.849 45.83864 25
70 0 0 0 71.581 23.849 42.32919999999999 35
80 0 0 0 71.581 23.849 42.32919999999999 35
90 0.9 30.99322222222222 4.902896825750122 71.581 22.859 42.32919999999999 35
100 2 31.779649999999997 4.010441163700071 71.581 22.859 40.010477272727265 44
110 0.4 37.24975 11.541561146027863 71.581 22.859 37.438343749999994 64
120 0 0 0 71.581 22.859 37.427249999999994 68
130 0.4 28.843 4.263176515228991 71.581 22.859 37.427249999999994 68
140 4 29.410800000000002 11.733626021396796 97.893 20.168 36.95034722222221 72
150 2.4 29.52254166666667 4.458618405021584 97.893 20.168 34.25765178571428 112
160 0.1 38.036 0.0 97.893 20.168 33.422044117647054 136
170 0.2 35.908 4.101000000000002 97.893 20.168 33.455722627737224 137
180 0 0 0 97.893 20.168 33.491007194244595 139
190 3.3 27.04754545454546 3.9379701592580174 97.893 20.168 33.491007194244595 139
200 8.5 29.40578823529412 13.95000020332626 136.787 19.935 32.25476162790697 172
210 1.8 28.777277777777776 4.37367170700057 136.787 19.935 31.312494163424123 257
220 0.2 30.3125 0.6954999999999991 136.787 19.935 31.146552727272727 275
230 0 0 0 136.787 19.935 31.140530685920577 277
240 1.8 27.74466666666666 3.815558995015599 136.787 19.935 31.140530685920577 277
250 12.9 27.795813953488366 9.997629340523828 136.787 18.678 30.933325423728814 295
260 11.3 31.587123893805312 48.14210226761718 537.446 18.199 29.978752358490567 424
270 1.7 27.7784705882353 4.5910417133631904 537.446 18.199 30.317199255121043 537
280 0.1 35.473 0.0 537.446 18.199 30.239296028880865 554
290 0 0 0 537.446 18.199 30.24872612612613 555
300 0 0 0 537.446 18.199 30.24872612612613 555
310 14.9 43.74648322147649 70.44027822191833 653.375 18.199 30.24872612612613 555
320 32.2 30.810639751552834 29.40589335280315 653.375 18.199 33.105495738636364 704
330 8.6 27.3287906976744 7.20816603310743 653.375 18.199 32.38527777777779 1026
340 0.3 30.839 4.361121186117166 653.375 18.199 31.994218525179864 1112
350 0 0 0 653.375 18.199 31.991110313901356 1115
360 0 0 0 653.375 18.199 31.991110313901356 1115
370 0 0 0 653.375 18.199 31.991110313901356 1115
380 5.8 34.11717241379311 24.567758703815336 653.375 18.199 31.991110313901356 1115
390 55.2 50.31944384057975 63.88518342546116 952.706 18.199 32.096235294117655 1173
400 46.7 50.74719486081363 82.7186367326653 952.706 18.199 37.92766202898552 1725
410 5.2 44.411903846153855 85.37505345966558 952.706 18.199 40.65883074817518 2192
420 0.4 25.052999999999997 1.680332258810739 952.706 18.199 40.74580035650623 2244
430 0 0 0 952.706 18.199 40.717877224199285 2248
440 0 0 0 952.706 18.199 40.717877224199285 2248
450 0.1 28.242 0.0 952.706 18.199 40.717877224199285 2248
460 58.4 100.78150684931501 117.02707249243926 1240.05 18.199 40.712329924410845 2249
470 108.8 486.84417647058893 457.14174610973294 6156.072 18.199 53.095104129897614 2833
480 53.3 846.490377110694 1315.3384414287957 11200.428 18.199 173.451898495282 3921
490 7.3 1572.986726027397 3098.3730440140353 14137.174 18.199 253.99287494387082 4454
500 0.4 131.0505 66.46468002443102 14137.174 18.199 275.26226993594 4527
510 0 0 0 14137.174 18.199 275.13495872875757 4531
520 0 0 0 14137.174 18.199 275.13495872875757 4531
530 0 0 0 14137.174 18.199 275.13495872875757 4531
540 0.3 72.64333333333333 65.43388843880686 14137.174 18.199 275.13495872875757 4531
550 57.5 675.1637547826084 743.32775993334 14137.174 8.038 275.0009766210853 4534
560 115 3073.8421617391273 1785.6452183839353 14137.174 1.951 320.03789136817386 5109
570 139.7 3199.8324330708683 2216.5322777378296 14137.174 1.951 826.0092783192199 6259
580 38.6 2699.416961139891 3025.1402000548965 14304.76 1.951 1259.1637907523511 7656
590 0.9 3055.887444444444 7668.091265203546 24734.41 1.951 1328.2930774682914 8042
600 0 0 0 24734.41 1.951 1330.2243095267668 8051
610 0 0 0 24734.41 1.951 1330.2243095267668 8051
620 0 0 0 24734.41 1.951 1330.2243095267668 8051
630 0 0 0 24734.41 1.951 1330.2243095267668 8051
640 0 0 0 24734.41 1.951 1330.2243095267668 8051
647 0 0 0 24734.41 1.951 1330.2243095267668 8051
