0 0.1 115.54 0 115.54 115.54 0 0
10 0.2 78.5995 5.776500000000009 115.54 72.823 115.54 1
20 0.2 101.0715 7.468500000000006 115.54 72.823 90.91300000000001 3
30 0 0 0 115.54 72.823 94.97640000000001 5
40 0 0 0 115.54 72.823 94.97640000000001 5
50 1 89.5926 11.176717355288185 115.54 72.823 94.97640000000001 5
60 0 0 0 115.54 72.823 91.38719999999999 15
70 0.1 75.132 0.0 115.54 72.823 91.38719999999999 15
80 0 0 0 115.54 72.823 90.37125 16
90 1.4 76.80049999999999 5.757059290868161 115.54 68.007 90.37125 16
100 1.9 75.44589473684212 5.145815508942922 115.54 68.007 84.03823333333334 30
110 0.4 78.47925000000001 2.5697243407610846 115.54 68.007 80.70651020408164 49
120 0 0 0 115.54 68.007 80.53841509433963 53
130 0.9 74.35022222222223 7.251134543837918 115.54 63.632 80.53841509433963 53
140 4.5 76.68355555555557 12.79247448664089 124.007 63.592 79.64012903225806 62
150 2.4 76.97133333333332 13.671090003686208 124.007 63.592 78.39671028037384 107
160 0.2 75.9825 0.26550000000000296 124.007 63.592 78.13557251908396 131
170 0 0 0 124.007 63.592 78.10319548872181 133
180 0.1 65.058 0.0 124.007 63.592 78.10319548872181 133
190 5.1 76.06331372549019 13.050934908274105 148.67 63.592 78.0058432835821 134
200 6.8 79.9182794117647 46.86575732527886 448.625 61.605 77.47033513513514 185
210 1.1 78.19600000000001 12.602802300210127 448.625 61.605 78.12828063241108 253
220 0 0 0 448.625 61.605 78.13110227272728 264
230 0 0 0 448.625 61.605 78.13110227272728 264
240 3.4 85.01829411764705 43.72433604549504 448.625 61.605 78.13110227272728 264
250 14.8 78.78095945945945 18.96390286331291 448.625 61.605 78.91688926174497 298
260 8.7 76.14844827586208 14.813875043706252 448.625 61.605 78.87178251121077 446
270 0.7 81.63428571428572 13.290061761807324 448.625 61.605 78.4272607879925 533
280 0 0 0 448.625 61.605 78.46883333333335 540
290 0 0 0 448.625 61.605 78.46883333333335 540
300 0.2 74.2875 7.320499999999999 448.625 61.605 78.46883333333335 540
310 17.1 83.48640350877194 25.571287208125742 448.625 61.605 78.45340405904061 542
320 28.1 86.33743772241998 32.1800687648786 448.625 61.605 79.66047685834504 713
330 5.7 78.96654385964911 23.488383877896855 448.625 61.605 81.5480281690141 994
340 0 0 0 448.625 61.605 81.40802378686966 1051
350 0 0 0 448.625 61.605 81.40802378686966 1051
360 0 0 0 448.625 61.605 81.40802378686966 1051
370 0 0 0 448.625 61.605 81.40802378686966 1051
380 12.4 104.0979516129032 56.747741550748636 448.625 61.605 81.40802378686966 1051
390 62.5 131.9881568 83.11333249586019 848.707 61.605 83.80253531914894 1175
400 32.4 116.00991358024687 69.50128824526774 848.707 61.605 100.5336538888889 1800
410 2 72.86064999999999 6.974162345938037 848.707 61.605 102.89443926553672 2124
420 0.1 87.659 0.0 848.707 61.605 102.6142733208955 2144
430 0 0 0 848.707 61.605 102.60730116550116 2145
440 0 0 0 848.707 61.605 102.60730116550116 2145
450 0.9 78.651 8.463018925497762 848.707 61.605 102.60730116550116 2145
460 73.4 240.50175068119907 175.43734712596364 1451.161 61.605 102.50720519962859 2154
470 98.6 1416.0115882352939 894.8676511639039 8043.635 61.605 137.57922610803328 2888
480 42.4 2560.746353773581 2269.895059047882 16247.314 61.605 462.96237248322143 3874
490 6.1 6202.076262295083 6657.628866310761 23093.42 61.605 669.9098848301533 4298
500 0.4 14239.97175 8077.118771578958 23093.42 61.605 747.3272165634318 4359
510 0.1 37873.711 0.0 37873.711 61.605 759.697278019711 4363
520 0 0 0 37873.711 61.605 768.2018641154901 4364
530 0 0 0 37873.711 61.605 768.2018641154901 4364
540 1.6 221.52481250000002 155.83292569737097 37873.711 61.605 768.2018641154901 4364
550 79.3 969.8175851197983 965.4497878671742 37873.711 11.804 766.2048703196344 4380
560 111.5 4517.400708520183 2341.1502816563884 37873.711 3.009 797.4178768606223 5173
570 118.6 5961.670699831363 3018.6674298733337 37873.711 3.009 1457.0522371183213 6288
580 36.6 7646.179240437164 4880.02450168039 37873.711 3.009 2171.860572250468 7474
590 2.8 16142.57442857142 9498.683108761354 37873.711 3.009 2427.4218774234696 7840
600 0.3 22836.583333333332 3612.2638592847698 37873.711 3.009 2476.2302494916116 7868
610 0 0 0 37873.711 3.009 2483.990516198704 7871
620 0 0 0 37873.711 3.009 2483.990516198704 7871
630 0 0 0 37873.711 3.009 2483.990516198704 7871
640 0 0 0 37873.711 3.009 2483.990516198704 7871
647 0 0 0 37873.711 3.009 2483.990516198704 7871
