0 1.6 34.43775000000001 13.965542275991293 59.199 15.547 0 0
10 0.8 37.364250000000006 13.743041919003959 62.79 15.547 34.43775000000001 16
20 0 0 0 62.79 15.547 35.413250000000005 24
30 0 0 0 62.79 15.547 35.413250000000005 24
40 2.6 25.905923076923077 11.901496056324108 71.117 15.547 35.413250000000005 24
50 1.8 26.887944444444443 12.076653705357945 71.117 15.547 30.469440000000006 50
60 0 0 0 71.117 15.547 29.52139705882353 68
70 0 0 0 71.117 15.547 29.52139705882353 68
80 1.7 22.933823529411764 5.990665417574974 71.117 15.547 29.52139705882353 68
90 4.3 18.94011627906977 2.0611061740962753 71.117 14.626 28.203882352941175 85
100 1 18.5516 2.211376955654553 71.117 14.626 25.0918359375 128
110 0 0 0 71.117 14.626 24.61790579710145 138
120 0 0 0 71.117 14.626 24.61790579710145 138
130 7.8 19.53780769230769 5.709188583636959 71.117 13.724 24.61790579710145 138
140 6.1 17.786229508196723 1.977680139509732 71.117 13.468 22.783425925925926 216
150 0 0 0 71.117 13.468 21.682960288808665 277
160 0 0 0 71.117 13.468 21.682960288808665 277
170 0 0 0 71.117 13.468 21.682960288808665 277
180 6.9 18.913753623188413 2.3847476480951957 71.117 13.468 21.682960288808665 277
190 17.2 18.309063953488373 6.4271004865736 72.398 11.576 21.130719653179195 346
200 2.5 16.40172 1.9278316424418394 72.398 11.576 20.19379922779923 518
210 0 0 0 72.398 11.576 20.01920994475138 543
220 0 0 0 72.398 11.576 20.01920994475138 543
230 0 0 0 72.398 11.576 20.01920994475138 543
240 32 18.21832187499998 5.128311903006825 72.398 11.576 20.01920994475138 543
250 25.1 17.96196414342628 9.243670780200809 137.481 11.576 19.35144148319814 863
260 0 0 0 137.481 11.576 19.0383725314183 1114
270 0 0 0 137.481 11.576 19.0383725314183 1114
280 0 0 0 137.481 11.576 19.0383725314183 1114
290 0 0 0 137.481 11.576 19.0383725314183 1114
300 23.6 18.82694491525424 8.574092265608591 137.481 11.576 19.0383725314183 1114
310 73.8 20.04327777777776 28.706177964567292 636.761 11.576 19.00141185185184 1350
320 13.4 23.869492537313423 25.074448388077506 636.761 11.576 19.369657567049796 2088
330 0 0 0 636.761 11.576 19.641024752475236 2222
340 0 0 0 636.761 11.576 19.641024752475236 2222
350 0 0 0 636.761 11.576 19.641024752475236 2222
360 0 0 0 636.761 11.576 19.641024752475236 2222
370 0 0 0 636.761 11.576 19.641024752475236 2222
380 124.9 19.660861489191383 17.784069030687554 636.761 11.261 19.641024752475236 2222
390 98.4 29.63629573170732 44.43114530976603 755.311 11.261 19.648162777297614 3471
400 0 0 0 755.311 11.261 21.85429584736252 4455
410 0 0 0 755.311 11.261 21.85429584736252 4455
420 0 0 0 755.311 11.261 21.85429584736252 4455
430 0 0 0 755.311 11.261 21.85429584736252 4455
440 0 0 0 755.311 11.261 21.85429584736252 4455
450 108.7 19.039241950321944 15.543376544325298 755.311 11.261 21.85429584736252 4455
460 292.1 50.57214275932895 70.8514035358183 1242.286 11.261 21.302155178635864 5542
470 49.9 386.32845891783603 477.53605282479225 4727.611 11.261 31.404676001417915 8463
480 0.1 17207.155 0.0 17207.155 11.261 51.1666674849364 8962
490 0 0 0 17207.155 11.261 53.080757447283275 8963
500 0 0 0 17207.155 11.261 53.080757447283275 8963
510 0 0 0 17207.155 11.261 53.080757447283275 8963
520 0 0 0 17207.155 11.261 53.080757447283275 8963
530 0 0 0 17207.155 11.261 53.080757447283275 8963
540 209.8 24.676879408960918 30.39023472525502 17207.155 11.261 53.080757447283275 8963
550 394.9 272.7131093947835 425.09752940636 17207.155 5.546 47.69323949010035 11061
560 95.8 1802.8710135699398 1282.5961289794056 17207.155 3.899 106.89400339773483 15010
570 0 0 0 17207.155 3.899 208.64412712925866 15968
580 0 0 0 17207.155 3.899 208.64412712925866 15968
590 0 0 0 17207.155 3.899 208.64412712925866 15968
600 0 0 0 17207.155 3.899 208.64412712925866 15968
610 0 0 0 17207.155 3.899 208.64412712925866 15968
620 0 0 0 17207.155 3.899 208.64412712925866 15968
630 0 0 0 17207.155 3.899 208.64412712925866 15968
640 0 0 0 17207.155 3.899 208.64412712925866 15968
647 0 0 0 17207.155 3.899 208.64412712925866 15968
