0 0.1 32.685 0 32.685 32.685 0 0
10 0.2 31.203 14.611 45.814 16.592 32.685 1
20 0.2 23.5335 8.967499999999998 45.814 14.566 31.697000000000003 3
30 0 0 0 45.814 14.566 28.431600000000003 5
40 0 0 0 45.814 14.566 28.431600000000003 5
50 1 23.5422 16.85885315672451 73.772 14.566 28.431600000000003 5
60 0 0 0 73.772 14.566 25.172000000000004 15
70 0.1 23.915 0.0 73.772 14.566 25.172000000000004 15
80 0 0 0 73.772 14.566 25.093437500000004 16
90 1.4 17.482999999999997 3.7940126703606496 73.772 11.939 25.093437500000004 16
100 1.9 17.14863157894737 2.784597678783594 73.772 11.939 21.541900000000002 30
110 0.4 16.8755 2.296165227068819 73.772 11.939 19.838387755102044 49
120 0 0 0 73.772 11.939 19.614773584905663 53
130 0.9 15.694888888888888 2.02917884017947 73.772 11.905 19.614773584905663 53
140 4.5 17.423777777777776 11.245089721274178 81.618 10.877 19.04575806451613 62
150 2.4 15.725375 2.321060099259603 81.618 10.877 18.363616822429904 107
160 0.2 16.1705 1.4755000000000003 81.618 10.877 17.880274809160305 131
170 0 0 0 81.618 10.877 17.854563909774434 133
180 0.1 11.906 0.0 81.618 10.877 17.854563909774434 133
190 5.1 15.123235294117643 4.2278242334040135 81.618 10.175 17.810171641791044 134
200 6.8 15.192102941176469 4.3604267200102775 81.618 10.175 17.06944864864865 185
210 1.1 15.904636363636364 1.622455337540621 81.618 10.175 16.564865612648223 253
220 0 0 0 81.618 10.175 16.53735606060606 264
230 0 0 0 81.618 10.175 16.53735606060606 264
240 3.4 14.25391176470588 2.6256272345036855 81.618 9.301 16.53735606060606 264
250 14.8 16.225675675675667 13.881085554761107 131.692 9.301 16.2768288590604 298
260 8.7 15.402747126436784 7.7576328081850905 131.692 9.301 16.259854260089682 446
270 0.7 14.559857142857142 1.5374917819591223 131.692 9.301 16.119951219512195 533
280 0 0 0 131.692 9.301 16.099727777777776 540
290 0 0 0 131.692 9.301 16.099727777777776 540
300 0.2 12.6465 1.8495000000000004 131.692 9.301 16.099727777777776 540
310 17.1 18.509204678362583 26.1685657755174 287.581 9.301 16.086985239852396 542
320 28.1 17.842373665480423 28.275266014762273 457.256 9.301 16.667910238429172 713
330 5.7 13.818631578947365 1.8839722744596312 457.256 9.301 16.999926559356133 994
340 0 0 0 457.256 9.301 16.827392007611795 1051
350 0 0 0 457.256 9.301 16.827392007611795 1051
360 0 0 0 457.256 9.301 16.827392007611795 1051
370 0 0 0 457.256 9.301 16.827392007611795 1051
380 12.4 17.98078225806452 19.067393998555147 457.256 9.121 16.827392007611795 1051
390 62.5 26.079995199999992 31.452418798966438 457.256 9.121 16.9491114893617 1175
400 32.4 27.043808641975307 34.688520199840475 457.256 9.121 20.11955722222222 1800
410 2 15.648249999999999 6.011170117996993 457.256 9.121 21.175798964218455 2124
420 0.1 19.829 0.0 457.256 9.121 21.124236007462684 2144
430 0 0 0 457.256 9.121 21.123632167832163 2145
440 0 0 0 457.256 9.121 21.123632167832163 2145
450 0.9 15.189333333333334 3.816631033312553 457.256 9.121 21.123632167832163 2145
460 72.4 57.29366850828728 80.94817300756725 820.009 9.121 21.098837047353754 2154
470 93.2 393.2604409871243 441.31964561473916 4031.503 9.121 30.20413863794301 2878
480 47.6 720.0800441176469 1278.6588875267273 11015.658 9.121 119.01476167978998 3810
490 7.2 639.3347083333338 1673.3024843552766 14411.29 9.121 185.76862879141387 4286
500 0.5 124.53699999999999 28.32403130205867 14411.29 9.121 193.26214823313444 4358
510 0.1 15.707 0.0 14411.29 9.121 193.18338918175567 4363
520 0 0 0 14411.29 9.121 193.1427208982585 4364
530 0 0 0 14411.29 9.121 193.1427208982585 4364
540 1.4 42.423785714285714 50.32601538139461 14411.29 9.121 193.1427208982585 4364
550 70.6 341.0636048158639 468.3959115324628 14411.29 9.121 192.6607507994518 4378
560 98.2 1377.1111221995923 1193.099971099499 14411.29 1.604 213.26901494885917 5084
570 128.4 1588.9721113707167 1510.000120260469 14411.29 1.604 401.6786669963732 6066
580 48.2 1313.5876929460585 2243.4139183624125 16959.205 1.604 609.0915625850339 7350
590 3.5 1655.727114285714 2968.4291696056907 16959.205 1.604 652.4479383299284 7832
600 0.4 496.082 340.0454499217715 16959.205 1.604 656.9114912927417 7867
610 0 0 0 16959.205 1.604 656.8297586075466 7871
620 0 0 0 16959.205 1.604 656.8297586075466 7871
630 0 0 0 16959.205 1.604 656.8297586075466 7871
640 0 0 0 16959.205 1.604 656.8297586075466 7871
647 0 0 0 16959.205 1.604 656.8297586075466 7871
