10 0.2 30.366 6.5040000000000004 36.87 23.862 0 0
20 0.3 19.610666666666663 1.237311152818438 36.87 18.014 30.366 2
30 0 0 0 36.87 18.014 23.912799999999997 5
40 0 0 0 36.87 18.014 23.912799999999997 5
50 0.5 19.1644 2.9276371086594732 36.87 15.542 23.912799999999997 5
60 0.5 23.7982 10.90459127890633 45.392 15.542 21.5386 10
70 0.1 21.072 0.0 45.392 15.542 22.291800000000002 15
80 0 0 0 45.392 15.542 22.2155625 16
90 0.7 17.520428571428575 0.6837687280575121 45.392 15.542 22.2155625 16
100 1.9 19.589421052631582 11.300625489515774 66.485 11.708 20.786608695652177 23
110 0.9 18.421222222222227 2.026326549189595 66.485 11.708 20.245023809523815 42
120 0.2 18.887999999999998 1.1840000000000002 66.485 11.708 19.92317647058824 51
130 0 0 0 66.485 11.708 19.884113207547173 53
140 2.9 16.110724137931033 2.37376921134463 66.485 11.238 19.884113207547173 53
150 4.3 16.015372093023252 2.1873354080086065 66.485 11.238 18.549621951219514 82
160 0.8 17.734875 2.3238348928818073 66.485 11.238 17.67784 125
170 0 0 0 66.485 11.238 17.681270676691728 133
180 0 0 0 66.485 11.238 17.681270676691728 133
190 3.1 14.60696774193548 2.12265759297724 66.485 10.227 17.681270676691728 133
200 7.1 22.82143661971832 59.9423879368342 519.967 9.99 17.100152439024388 164
210 2.9 18.485103448275865 10.756296771225577 519.967 9.99 18.828710638297874 235
220 0 0 0 519.967 9.99 18.79096590909091 264
230 0 0 0 519.967 9.99 18.79096590909091 264
240 0.6 14.903666666666666 2.042091057932749 519.967 9.99 18.79096590909091 264
250 11 19.840599999999995 46.17816273328572 519.967 9.99 18.704581481481483 270
260 12.6 16.923246031746036 31.380376464323096 519.967 9.646 19.03342894736842 380
270 3.4 16.104794117647057 2.4528519628648815 519.967 9.646 18.507968379446638 506
280 0 0 0 519.967 9.646 18.356657407407408 540
290 0 0 0 519.967 9.646 18.356657407407408 540
300 0 0 0 519.967 9.646 18.356657407407408 540
310 7.5 15.824666666666666 14.565280129891844 519.967 9.646 18.356657407407408 540
320 28.5 18.84131578947371 41.26782800543592 639.786 9.646 18.047878048780486 615
330 13.7 19.22790510948905 51.49544711019206 639.786 9.646 18.299133333333344 900
340 1.4 15.915285714285712 2.092961723374368 639.786 9.646 18.421835101253624 1037
350 0 0 0 639.786 9.646 18.3884462416746 1051
360 0 0 0 639.786 9.646 18.3884462416746 1051
370 0 0 0 639.786 9.646 18.3884462416746 1051
380 2.6 15.337576923076922 4.82520324141957 639.786 9.646 18.3884462416746 1051
390 42.6 29.75810798122064 56.59054642656214 763.053 9.497 18.314794800371406 1077
400 53.1 22.810325800376642 34.13322679391244 763.053 8.883 21.558208915502327 1503
410 10.7 15.287392523364488 4.18588480749606 763.053 8.883 21.8850889872173 2034
420 0.4 16.07125 2.039137853971624 763.053 8.883 21.555358243811302 2141
430 0 0 0 763.053 8.883 21.54513146853147 2145
440 0 0 0 763.053 8.883 21.54513146853147 2145
450 0.1 135.2 0.0 763.053 8.883 21.54513146853147 2145
460 32.5 61.55614769230765 87.27583057948053 867.365 8.883 21.598092730661694 2146
470 71.4 328.40342436974754 341.57048849429333 3227.856 8.883 26.853603804127875 2471
480 80.8 583.5930371287137 1020.9083246535737 10388.568 8.883 94.45378335949755 3185
490 33.2 422.7456204819278 926.0416179681292 15025.436 8.883 193.43312647132493 3993
500 3.6 105.03563888888891 40.844368643637736 15025.436 8.883 211.0358427745666 4325
510 0.3 15.473666666666668 1.1167143273411027 15025.436 8.883 210.16081242834224 4361
520 0 0 0 15025.436 8.883 210.02697616865274 4364
530 0 0 0 15025.436 8.883 210.02697616865274 4364
540 0 0 0 15025.436 8.883 210.02697616865274 4364
550 23.4 442.0240085470087 592.229005021338 15025.436 8.883 210.02697616865274 4364
560 43.6 1477.6031146788978 1309.4220709313047 15025.436 0.876 221.83369769464997 4598
570 98.5 1243.6007857868021 1365.5871062918707 15025.436 0.874 330.59719904648387 5034
580 140.8 650.7862890624998 1242.0208691312532 15025.436 0.874 480.0088177438113 6019
590 35.5 952.5026957746472 1909.0296661448233 15025.436 0.874 512.3845656388851 7427
600 7.6 731.9165526315787 1509.260137867291 15025.436 0.874 532.4619154459007 7782
610 0.2 116.066 1.171000000000003 15025.436 0.874 534.390975311784 7858
620 0 0 0 15025.436 0.874 534.2845312977098 7860
630 0 0 0 15025.436 0.874 534.2845312977098 7860
640 0 0 0 15025.436 0.874 534.2845312977098 7860
647 0 0 0 15025.436 0.874 534.2845312977098 7860
