0 0.1 41.377 0 41.377 41.377 0 0
10 0.4 29.86075 7.017768747080514 41.377 18.975 41.377 1
20 1.1 32.15136363636364 15.52155397722047 64.656 13.567 32.164 5
30 0.1 20.387 0.0 64.656 13.567 32.15531250000001 16
40 0 0 0 64.656 13.567 31.463058823529416 17
50 0.5 25.6598 11.32002322259102 64.656 13.567 31.463058823529416 17
60 0.7 17.882714285714286 0.6685486870369101 64.656 13.567 30.144136363636367 22
70 0.6 17.69016666666667 2.061634902746415 64.656 13.567 27.18448275862069 29
80 0 0 0 64.656 13.567 25.556885714285713 35
90 0.3 29.98733333333333 17.515887670594626 64.656 12.678 25.556885714285713 35
100 1.2 16.83325 1.3512635521984602 64.656 12.678 25.906657894736842 38
110 1.2 15.926583333333332 3.048453008175715 64.656 11.823 23.72904 50
120 0.6 17.436666666666667 3.176538349979249 64.656 11.823 22.218887096774193 62
130 0 0 0 64.656 11.823 21.796926470588232 68
140 1.5 21.9748 16.97781476397949 77.073 11.823 21.796926470588232 68
150 3.7 15.552324324324323 1.9564724883106417 77.073 10.799 21.829072289156624 83
160 1.4 16.607928571428573 2.127311430766399 77.073 10.799 19.893741666666664 120
170 0.4 17.293 1.6805818932738743 77.073 10.799 19.55044776119403 134
180 0.1 15.55 0.0 77.073 10.799 19.48501449275362 138
190 0.7 13.827 1.6509128210953912 77.073 10.799 19.456705035971222 139
200 6.2 13.900645161290324 2.05425245093051 77.073 10.691 19.186787671232878 146
210 5.9 16.03979661016949 4.1328043615487005 77.073 10.691 17.61111057692308 208
220 0.8 18.71475 2.2830687544399537 77.073 10.691 17.26389138576779 267
230 0.2 17.9095 2.3185000000000007 77.073 10.691 17.306098181818182 275
240 0 0 0 77.073 10.691 17.31045487364621 277
250 7 14.25145714285714 3.4574775185126523 77.073 10.517 17.31045487364621 277
260 13.4 13.74744776119403 2.354636640748987 77.073 10.043 16.693365994236313 347
270 5.7 16.66291228070176 10.436629882682185 91.333 9.289 15.872673596673598 481
280 1.7 17.244647058823524 1.8470076575903074 91.333 9.289 15.95639776951673 538
290 0 0 0 91.333 9.289 15.995857657657659 555
300 0 0 0 91.333 9.289 15.995857657657659 555
310 4 14.924800000000001 6.1487966717074025 91.333 9.289 15.995857657657659 555
320 24.9 14.691730923694776 4.481694177729928 91.333 9.289 15.923853781512607 595
330 21.8 15.493137614678904 7.536217836807435 91.333 9.289 15.56034834123223 844
340 4.7 15.591510638297871 2.2623662614507527 91.333 9.289 15.546551789077215 1062
350 0.6 18.95 2.543474264334776 91.333 9.289 15.54845716862038 1109
360 0 0 0 91.333 9.289 15.56676143497758 1115
370 0 0 0 91.333 9.289 15.56676143497758 1115
380 0.4 48.8965 53.09275065628075 140.225 9.289 15.56676143497758 1115
390 26.6 26.668221804511266 36.66763946259799 374.943 9.289 15.685902591599644 1119
400 53.8 25.278074349442406 52.802007819085944 752.325 9.289 17.795142238267147 1385
410 27.2 15.282966911764705 4.467537345832174 752.325 9.289 19.888651066042648 1923
420 4.9 18.69320408163265 10.727965025623627 752.325 9.289 19.317923917995447 2195
430 0.3 19.672 2.261439512051266 752.325 9.289 19.3042825311943 2244
440 0.1 18.92 0.0 752.325 9.289 19.304773475745446 2247
450 0 0 0 752.325 9.289 19.304602313167265 2248
460 13.7 58.55083941605845 58.7949107537681 752.325 9.289 19.304602313167265 2248
470 28.5 379.83164210526337 348.28175728187745 1911.587 9.289 21.558998322851163 2385
480 46.8 533.6997414529916 639.2056621648446 4652.558 9.289 59.80158389513112 2670
490 83.8 310.85751431980844 602.5449635373417 9596.407 9.289 130.47855576800512 3138
500 46.7 79.45765096359733 96.91274891075575 9596.407 9.289 168.49605256539226 3976
510 7.6 15.041473684210521 1.5146309301511842 9596.407 9.289 159.13730092279982 4443
520 1 17.1042 2.2371715982463205 9596.407 9.289 156.71391458287223 4519
530 0.2 17.598 2.4120000000000017 9596.407 9.289 156.4056573194965 4529
540 0.1 11.286 0.0 9596.407 9.289 156.34438711101294 4531
550 11.6 502.2001724137932 428.8596286320887 9596.407 9.289 156.31237952338913 4532
560 42.7 1384.1337470725996 1142.3474324126778 9596.407 1.717 164.94469104991384 4648
570 71.2 1595.9246769662916 1493.1805351446046 9596.407 1.717 267.5247357635467 5075
580 58.9 1023.4251663837031 1726.263297143795 9796.374 1.717 430.963608778296 5787
590 70.1 441.7343623395143 1304.7213859413464 13020.653 1.717 485.6938248117943 6376
600 65.6 464.22351981707266 699.0176666661218 13020.653 1.717 481.3394962554755 7077
610 29.4 148.71774829931985 20.720396497284398 13020.653 1.717 479.88752670373725 7733
620 2 85.78374999999998 44.10177425441634 13020.653 1.717 467.757974585773 8027
630 0.4 13.69475 2.0711013223645054 13020.653 1.717 466.8086165030446 8047
640 0 0 0 13020.653 1.717 466.58349472115265 8051
647 0 0 0 13020.653 1.717 466.58349472115265 8051
