0 0.5 47.488 7.6425951875001195 60.207 38.554 0 0
10 2 36.89129999999999 11.629077809955525 60.207 20.316 47.488 5
20 0.4 29.251250000000002 8.667449635705994 60.207 20.316 39.010639999999995 25
30 0.1 30.915 0.0 60.207 20.316 37.66451724137931 29
40 0.7 28.34457142857143 7.994557860679671 60.207 20.316 37.43953333333333 30
50 3.9 25.995641025641028 8.120316289429137 60.207 18.396 35.71886486486486 37
60 1.2 24.446916666666667 2.0127749691381016 60.207 18.396 30.729315789473684 76
70 0.2 53.4895 27.0995 80.589 18.396 29.872624999999996 88
80 0 0 0 80.589 18.396 30.39744444444444 90
90 4.7 22.815127659574465 6.378583267022649 80.589 15.736 30.39744444444444 90
100 6.5 22.32112307692307 4.158809173152601 80.589 15.709 27.796211678832112 137
110 0.8 23.978625 2.281772005344749 80.589 15.709 26.03442574257425 202
120 0 0 0 80.589 15.709 25.956109523809516 210
130 2.8 21.528714285714283 2.3939290605485324 80.589 15.709 25.956109523809516 210
140 14.4 20.356041666666666 3.66554275364774 80.589 13.533 25.435239495798314 238
150 6.1 21.113163934426225 2.864019462455209 80.589 13.533 23.52056806282722 382
160 0.5 22.938 3.759763928759356 80.589 13.533 23.18907449209932 443
170 0 0 0 80.589 13.533 23.186272321428568 448
180 0.4 19.269999999999996 1.2661814640879896 80.589 13.533 23.186272321428568 448
190 18.7 20.765502673796778 6.431769096853018 80.589 13.186 23.151615044247784 452
200 23.2 19.78715517241378 6.118412335057485 82.082 13.186 22.4533317683881 639
210 2.2 24.896727272727276 13.6868001014309 82.082 13.186 21.743167623421346 871
220 0.1 19.804 0.0 82.082 13.186 21.820858902575576 893
230 0 0 0 82.082 13.186 21.818602908277395 894
240 13.6 22.30013970588236 26.743246307732907 304.109 13.186 21.818602908277395 894
250 55.8 21.01014874551971 13.540825551423193 304.109 13.186 21.882184466019407 1030
260 24.2 19.579842975206624 8.731849069566547 304.109 12.955 21.575763853904274 1588
270 1.5 21.483066666666673 2.0428302414923154 304.109 12.955 21.31182240437158 1830
280 0 0 0 304.109 12.955 21.313214634146334 1845
290 0 0 0 304.109 12.955 21.313214634146334 1845
300 1.2 19.33258333333333 2.863801915238242 304.109 12.955 21.313214634146334 1845
310 72.9 22.12541152263373 19.26501590805584 312.886 12.848 21.300415724286477 1857
320 96.3 25.550218068535838 41.60911129148881 875.57 12.848 21.532984145398288 2586
330 12.9 21.310240310077518 18.900576171347733 875.57 12.848 22.623036630036623 3549
340 0.2 19.244 0.8260000000000005 875.57 12.848 22.576992387166932 3678
350 0 0 0 875.57 12.848 22.57518097826086 3680
360 0 0 0 875.57 12.848 22.57518097826086 3680
370 0 0 0 875.57 12.848 22.57518097826086 3680
380 52.5 24.274462857142854 23.633014465141187 875.57 12.848 22.57518097826086 3680
390 220.9 35.43179176097796 47.88451453016984 875.57 12.848 22.787338644470857 4205
400 91.7 34.66758669574707 56.62396759287493 875.57 12.848 27.142124571250434 6414
410 5.2 21.56286538461538 5.786862565092014 875.57 12.848 28.08344891556409 7331
420 0.2 22.3475 1.2394999999999996 875.57 12.848 28.037523093593435 7383
430 0 0 0 875.57 12.848 28.03598212593099 7385
440 0 0 0 875.57 12.848 28.03598212593099 7385
450 6.7 19.44583582089551 5.566892760139715 875.57 12.848 28.03598212593099 7385
460 301.6 67.40168899204222 93.15041023868534 1268.334 12.848 27.958749194847066 7452
470 344.3 435.84113825152457 426.3517947722675 6907.411 12.848 39.322897688192555 10468
480 86.3 941.4962074159915 1756.173026927008 13970.792 12.848 137.46194608583127 13911
490 6.6 1949.177515151514 3646.2862282306855 18241.837 12.848 184.4283443211046 14774
500 0.3 187.08399999999997 8.666534293860892 18241.837 12.848 192.27695923180588 14840
510 0 0 0 18241.837 12.848 192.27590965438247 14843
520 0 0 0 18241.837 12.848 192.27590965438247 14843
530 0 0 0 18241.837 12.848 192.27590965438247 14843
540 11.4 40.03308771929824 62.32303770263074 18241.837 12.848 192.27590965438247 14843
550 418.4 449.8589259082213 564.1595818821384 18241.837 1.521 191.11553780838398 14957
560 480.3 2008.4542993962107 1367.3785242189128 18241.837 1.425 247.67383339428437 19141
570 235.4 2468.4119600679696 1953.418692889154 18241.837 1.425 600.8741582442365 23944
580 21.3 2262.373384976525 2619.5499655374065 18241.837 1.425 768.0421552589551 26298
590 0.3 70.96933333333334 52.721031162989306 18241.837 1.425 780.0482113085134 26511
600 0 0 0 18241.837 1.425 779.9679806140152 26514
610 0 0 0 18241.837 1.425 779.9679806140152 26514
620 0 0 0 18241.837 1.425 779.9679806140152 26514
630 0 0 0 18241.837 1.425 779.9679806140152 26514
640 0 0 0 18241.837 1.425 779.9679806140152 26514
647 0 0 0 18241.837 1.425 779.9679806140152 26514
