0 20 20
10 20 25
20 4 25
30 0 25
40 34 34
50 38 56
60 17 56
70 1 56
80 31 56
90 104 104
100 59 111
110 13 111
120 0 111
130 139 139
140 178 213
150 52 213
160 11 213
170 1 213
180 124 213
190 369 370
200 200 389
210 36 389
220 3 389
230 0 389
240 552 552
250 667 806
260 207 806
270 38 806
280 1 806
290 1 806
300 449 806
310 1486 1486
320 839 1597
330 168 1597
340 17 1597
350 0 1597
360 0 1597
370 0 1597
380 2133 2134
390 2659 3230
400 852 3230
410 128 3230
420 17 3230
430 2 3230
440 0 3230
450 1822 3230
460 6182 6183
470 5139 6658
480 3085 6658
490 1294 6658
500 377 6658
510 68 6658
520 11 6658
530 1 6658
540 3884 6658
550 10495 10495
560 9517 11044
570 6672 11044
580 3441 11044
590 1881 11044
600 845 11044
610 487 11044
620 221 11044
630 26 11044
640 2 11044
647 0 11044
