0 2.2 22
10 0.8 30
20 0 30
30 0 30
40 3.4 64
50 2.6 90
60 0 90
70 0 90
80 3.1 121
90 8.2 203
100 0.7 210
110 0 210
120 0 210
130 14 350
140 9.8 448
150 0 448
160 0 448
170 0 448
180 12.4 572
190 28.5 857
200 3.7 894
210 0 894
220 0 894
230 0 894
240 56.3 1457
250 38.8 1845
260 0 1845
270 0 1845
280 0 1845
290 0 1845
300 44.9 2294
310 121.1 3505
320 17.5 3680
330 0 3680
340 0 3680
350 0 3680
360 0 3680
370 0 3680
380 217.7 5857
390 152.8 7385
400 0 7385
410 0 7385
420 0 7385
430 0 7385
440 0 7385
450 182.3 9208
460 496 14168
470 67.5 14843
480 0 14843
490 0 14843
500 0 14843
510 0 14843
520 0 14843
530 0 14843
540 388.6 18729
550 709.6 25825
560 68.9 26514
570 0 26514
580 0 26514
590 0 26514
600 0 26514
610 0 26514
620 0 26514
630 0 26514
640 0 26514
647 0 26514
