0 1.2 1.8023333333333333 2.748166247195068 10.913 0.811 0 0
10 1.8 1.0336666666666665 0.19525965618461316 10.913 0.688 1.8023333333333333 12
20 0 0 0 10.913 0.688 1.341133333333333 30
30 0 0 0 10.913 0.688 1.341133333333333 30
40 0 0 0 10.913 0.688 1.341133333333333 30
50 0 0 0 10.913 0.688 1.341133333333333 30
60 3.9 1.3580512820512818 1.6898731700052179 11.745 0.688 1.341133333333333 30
70 2.1 1.0612857142857142 0.1490887057320934 11.745 0.688 1.3506956521739126 69
80 0 0 0 11.745 0.688 1.2831666666666661 90
90 0 0 0 11.745 0.688 1.2831666666666661 90
100 3.1 1.041677419354839 0.14833601505056757 11.745 0.688 1.2831666666666661 90
110 7.3 0.9738767123287676 0.15641768330168174 11.745 0.664 1.2212975206611567 121
120 1.6 0.9408125000000002 0.13640849439734318 11.745 0.664 1.12819587628866 194
130 0 0 0 11.745 0.664 1.1139190476190477 210
140 0 0 0 11.745 0.664 1.1139190476190477 210
150 6 1.1224333333333336 1.1811277007824157 11.745 0.664 1.1139190476190477 210
160 17.5 1.099594285714286 1.2036548204632795 15.436 0.664 1.1158111111111113 270
170 0.5 0.9969999999999999 0.1679797606856254 15.436 0.664 1.1094337078651688 445
180 0 0 0 15.436 0.664 1.1081844444444449 450
190 0 0 0 15.436 0.664 1.1081844444444449 450
200 0 0 0 15.436 0.664 1.1081844444444449 450
210 11 1.0056818181818181 0.5394765464919453 15.436 0.664 1.1081844444444449 450
220 29 0.9562965517241376 0.534336857772619 15.436 0.588 1.0880500000000004 560
230 5.9 0.9306610169491525 0.17311900581749254 15.436 0.588 1.0430988235294119 850
240 2.5 0.8891600000000001 0.13132941178578386 15.436 0.588 1.035800880088009 909
250 1.8 1.006777777777778 0.13770885372793473 15.436 0.588 1.0318758029978587 934
260 0.4 0.9554999999999999 0.13112684698413216 15.436 0.588 1.0314012605042018 952
267 0 0 0 15.436 0.588 1.0310836820083684 956
