0 3 46.41803333333333 50.70595635128962 149.099 4.794 0 0
10 13.1 41.15522900763359 49.67277924832574 163.026 3.904 46.41803333333333 30
20 7.4 31.481189189189184 40.80769233250941 163.026 3.904 42.13587577639752 161
30 1.7 20.706882352941175 17.40923784486559 163.026 3.904 38.78078297872341 235
40 0.3 25.719666666666665 9.724209388028532 163.026 3.904 37.56151190476191 252
50 0.3 15.258000000000001 3.5150894725454713 163.026 3.904 37.42219607843137 255
60 10.3 35.2485922330097 48.18165037463969 163.026 3.847 37.164472868217054 258
70 26.2 49.445645038167925 65.07398414881294 284.262 3.847 36.61783656509695 361
80 12.1 27.789272727272728 37.52704543337615 284.262 3.847 42.012516853932574 623
90 2.5 25.7324 27.579114679046533 284.262 3.847 39.699327956989244 744
100 5.5 27.116218181818187 41.721785972707316 284.262 3.847 39.245266579973986 769
110 38.2 131.28812041884814 174.12716383009945 974.7 3.835 38.43568203883495 824
120 44 151.03816363636375 208.3055098873257 1079.941 3.835 67.84665339966831 1206
130 14.6 30.281164383561652 33.72020611724396 1079.941 3.835 90.08496719319564 1646
140 1.6 21.978749999999998 16.892880643558104 1079.941 3.835 85.21255915178573 1792
150 10.1 37.42275247524753 54.19050378875736 1079.941 3.835 84.65296792035399 1808
160 48.3 1142.4462795031059 860.757934518779 5675.546 3.835 82.1541456259822 1909
170 55.6 2324.4637823740964 1069.9577484899676 7583.201 3.835 296.25159573578605 2392
180 72 1237.8289000000009 835.2646187280319 7583.201 3.835 678.7773677069192 2948
190 20.3 84.61560591133018 137.19409806397852 7583.201 3.835 788.5148549618317 3668
200 1.5 25.668400000000002 19.866267805168302 7583.201 3.835 751.6015127873931 3871
210 15.5 129.04791612903225 188.52822694563258 7583.201 3.835 748.7994034997423 3886
220 69.8 1495.8776891117468 1146.2214128662615 7583.201 0.336 725.0276933927242 4041
230 125.1 1445.9816738609118 1746.6114959120055 9286.65 0.316 838.5650002110145 4739
240 100.3 1960.7414955134573 1371.6233161608395 9286.65 0.316 965.4228063439062 5990
250 68.1 1600.644370044053 1034.111751866601 9286.65 0.316 1108.180513370513 6993
260 12.4 38.89733870967746 42.42800702611255 9286.65 0.316 1151.8823489705496 7674
267 0.4 10.054499999999999 0.264309004765256 9286.65 0.316 1134.184203129007 7798
