10 0.1 251 0 251 251 0 0
20 0.1 1063.0 0.0 1063 251 251.0 1
30 0.1 445.0 0.0 1063 251 657.0 2
40 0.1 117.0 0.0 1063 117 586.3333333333334 3
50 0.1 14.0 0.0 1063 14 469.0 4
60 0.1 10.0 0.0 1063 10 378.0 5
70 0.1 702.0 0.0 1063 10 316.6666666666667 6
80 0.1 1979.0 0.0 1979 10 371.7142857142857 7
90 0.1 795.0 0.0 1979 10 572.625 8
100 0.1 111.0 0.0 1979 10 597.3333333333334 9
110 0.1 484.0 0.0 1979 10 548.7 10
120 0.1 2552.0 0.0 2552 10 542.8181818181819 11
130 0.1 3632.0 0.0 3632 10 710.25 12
140 0.1 981.0 0.0 3632 10 935.0 13
150 0.1 78.0 0.0 3632 10 938.2857142857143 14
160 0.1 858.0 0.0 3632 10 880.9333333333333 15
170 0.1 2587.0 0.0 3632 10 879.5 16
180 0.1 3223.0 0.0 3632 10 979.9411764705883 17
190 0.1 6844.0 0.0 6844 10 1104.5555555555557 18
200 0.1 1746.0 0.0 6844 10 1406.6315789473683 19
210 0.1 228.0 0.0 6844 10 1423.6 20
220 0.1 1515.0 0.0 6844 10 1366.6666666666667 21
230 0.1 3732.0 0.0 6844 10 1373.409090909091 22
240 0.1 3933.0 0.0 6844 10 1475.9565217391305 23
250 0.1 7129.0 0.0 7129 10 1578.3333333333333 24
260 0.1 6115.0 0.0 7129 10 1800.36 25
267 0.1 937.0 0.0 7129 10 1966.3076923076924 26
