10 0.5 12006.4718 2040.8900310352242 14769.469 8604.628 0 0
20 1.7 15399.562823529408 3645.129065345975 20971.445 7852.664 12006.4718 5
30 0.5 21572.621399999996 2461.393032113124 25406.652 7852.664 14628.405772727268 22
40 0.2 29332.074 647.8509999999987 29979.925 7852.664 15914.371629629624 27
50 0 0 0 29979.925 7852.664 16839.7304137931 29
60 0.1 44890.365 0.0 44890.365 7852.664 16839.7304137931 29
70 1.8 9828.526000000003 3188.206055934852 44890.365 4039.694 17774.751566666662 30
80 2.5 15325.521840000003 3860.4897983036153 44890.365 4039.694 14794.916979166665 48
90 1.4 24038.434 5260.2862202908955 44890.365 4039.694 14976.63097260274 73
100 0.3 31218.54833333333 4188.76591066608 44890.365 4039.694 16434.85214942529 87
110 0.7 9570.448714285712 2019.7322146921722 44890.365 4039.694 16927.642022222222 90
120 4.7 14028.019425531911 3140.589059457095 44890.365 4039.694 16396.710546391754 97
130 5.9 18446.59627118645 4963.70577232184 44890.365 4039.694 15623.596083333334 144
140 0.6 25933.260333333335 2875.005422739446 44890.365 4039.694 16444.073970443354 203
150 0.1 30921.914 0.0 44890.365 4039.694 16716.490803827754 209
160 0.3 10161.828333333333 851.5349949705859 44890.365 4039.694 16784.13567619048 210
170 1 18929.0925 2108.3635733728306 44890.365 4039.694 16690.86374178404 213
180 10.8 25154.745750000016 3368.8699969943023 44890.365 4039.694 16791.23274439462 223
190 10.6 27755.17610377357 3860.3079712910567 44890.365 4039.694 19520.113120845926 331
200 1.1 38192.83109090909 4727.684749870229 46106.688 4039.694 21517.634118993134 437
210 0.2 44855.589 1510.1800000000003 46365.769 4039.694 21927.069758928566 448
220 0 0 0 46365.769 4039.694 22028.974288888883 450
230 2.6 16952.36411538462 3601.9581047243473 46365.769 4039.694 22028.974288888883 450
240 10.6 23527.93465094339 4403.645506529009 46365.769 4039.694 21751.68045588235 476
250 24.3 30819.000185185185 4875.761464508732 46365.769 4039.694 22075.190670103086 582
260 7 37017.755757142855 4032.121757558511 46365.769 4039.694 24650.64001818181 825
267 0.4 50488.2515 4629.593777818661 58174.278 4039.694 25617.9004670391 895
