0 9.26015625 9.26015625
10 53.77578125 63.0359375
20 34.80234375 97.83828125
30 7.64609375 105.484375
40 1.65390625 107.13828125
50 1.21484375 108.353125
60 34.52578125 142.87890625
70 115.45859375 258.3375
80 54.08671875 312.42421875
90 11.12265625 323.546875
100 12.79140625 336.33828125
110 157.146875 493.48515625
120 194.1859375 687.67109375
130 67.76015625 755.43125
140 7.31484375 762.74609375
150 25.253125 787.99921875
160 213.12109375 1001.1203125
170 254.51796875 1255.63828125
180 286.721875 1542.36015625
190 90.0015625 1632.36171875
200 7.3765625 1639.73828125
210 43.76953125 1683.5078125
220 280.525 1964.0328125
230 491.97421875 2456.00703125
240 395.96484375 2851.971875
250 237.88125 3089.853125
260 59.425 3149.278125
267 1.7203125 3150.9984375
