0 0.1 97.807 0 97.807 97.807 0 0
10 0.7 74.99000000000001 24.71691357870442 134.178 60.399 97.807 1
20 0.2 83.00649999999999 10.668499999999998 134.178 60.399 77.84212500000001 8
30 0 0 0 134.178 60.399 78.875 10
40 0 0 0 134.178 60.399 78.875 10
50 0 0 0 134.178 60.399 78.875 10
60 0.2 62.875 1.75 134.178 60.399 78.875 10
70 1.2 106.98525 53.82134773508402 225.978 60.399 76.20833333333333 12
80 0.4 71.3955 4.456660100344197 225.978 60.399 91.59679166666666 24
90 0 0 0 225.978 60.399 88.71089285714285 28
100 0.1 62.768 0.0 225.978 60.399 88.71089285714285 28
110 1.1 386.70081818181825 320.85306409315615 980.538 60.399 87.81631034482758 29
120 2.4 342.8936666666666 310.75531314908983 1013.347 59.718 170.00955000000002 40
130 0.3 76.00166666666667 8.41843126056683 1013.347 59.718 234.84109374999997 64
140 0 0 0 1013.347 59.718 227.7288805970149 67
150 0.1 73.596 0.0 1013.347 59.718 227.7288805970149 67
160 0.2 4104.012 137.15199999999993 4241.164 59.718 225.46222058823525 68
170 2.1 5077.489 1349.6789812302986 7589.247 59.718 336.2779285714285 70
180 3.7 2759.2938918918917 721.8651581444093 7589.247 59.718 1430.4035604395604 91
190 0.3 126.22633333333333 68.08170973339479 7589.247 59.718 1814.535921875 128
200 0 0 0 7589.247 59.718 1775.8723435114505 131
210 0 0 0 7589.247 59.718 1775.8723435114505 131
220 0.7 1454.9594285714284 2315.6538662197618 7589.247 0.569 1775.8723435114505 131
230 4.6 1964.1789565217396 2877.9354355595824 7589.247 0.567 1759.594152173913 138
240 6.6 3240.051212121212 2030.6481043860265 7589.247 0.54 1810.7403532608694 184
250 1.7 3174.2661176470583 881.2298250053982 7589.247 0.54 2188.07842 250
260 0 0 0 7589.247 0.54 2250.8693970037452 267
267 0 0 0 7589.247 0.54 2250.8693970037452 267
