10 0.4 10.61675 5.494259612313565 20.116 7.05 0 0
20 0 0 0 20.116 7.05 10.61675 4
30 0 0 0 20.116 7.05 10.61675 4
40 0 0 0 20.116 7.05 10.61675 4
50 0 0 0 20.116 7.05 10.61675 4
60 0 0 0 20.116 7.05 10.61675 4
70 0.2 5.3454999999999995 0.2825000000000004 20.116 5.063 10.61675 4
80 0.2 6.718 0.9320000000000004 20.116 5.063 8.859666666666667 6
90 0.2 6.442 0.6339999999999997 20.116 5.063 8.32425 8
100 0 0 0 20.116 5.063 7.947799999999999 10
110 0.4 87.32475 83.99366687249402 210.372 5.063 7.947799999999999 10
120 0.4 30.215249999999997 16.857338630029947 210.372 5.063 30.62692857142857 14
130 0.5 6.460000000000001 1.0789248351947418 210.372 5.036 30.53544444444444 18
140 0 0 0 210.372 5.036 25.301652173913038 23
150 0 0 0 210.372 5.036 25.301652173913038 23
160 0.2 745.886 185.75299999999996 931.639 5.036 25.301652173913038 23
170 0.5 1558.5867999999998 409.26450039523337 2016.405 5.036 82.9484 25
180 1.7 530.7054705882352 413.6604216360703 2016.405 5.036 328.8881333333333 30
190 0.2 7.5345 1.2945000000000002 2016.405 5.036 401.8858936170212 47
200 0 0 0 2016.405 5.036 385.7899183673469 49
210 0 0 0 2016.405 5.036 385.7899183673469 49
220 0.2 0.5605 0.0605 2016.405 0.5 385.7899183673469 49
230 1.2 1039.1494166666666 1239.9964657920373 2828.754 0.5 370.68288235294114 51
240 1.9 1321.879052631579 756.0374007386334 2828.754 0.5 498.0098412698412 63
250 0.6 1015.1653333333333 492.90995079448555 2828.754 0.5 688.9063658536585 82
260 0 0 0 2828.754 0.5 711.1512954545453 88
267 0 0 0 2828.754 0.5 711.1512954545453 88
