10 0.4 6.5365 1.0484647108987504 7.859 5.159 0 0
20 0 0 0 7.859 5.159 6.5365 4
30 0 0 0 7.859 5.159 6.5365 4
40 0 0 0 7.859 5.159 6.5365 4
50 0 0 0 7.859 5.159 6.5365 4
60 0 0 0 7.859 5.159 6.5365 4
70 0.3 16.27433333333333 14.597130227852627 36.912 5.159 6.5365 4
80 0.3 6.435666666666666 0.28003967972810967 36.912 5.159 10.709857142857143 7
90 0 0 0 36.912 5.159 9.4276 10
100 0 0 0 36.912 5.159 9.4276 10
110 0.5 9.484599999999999 4.7748802121100375 36.912 5.159 9.4276 10
120 0.5 72.09920000000001 89.07370580682046 243.235 5.159 9.446599999999998 15
130 0.3 6.277 0.7820063938357541 243.235 5.159 25.109750000000002 20
140 0 0 0 243.235 5.159 22.65330434782609 23
150 0 0 0 243.235 5.159 22.65330434782609 23
160 0.4 728.17325 571.3264040639882 1532.928 5.159 22.65330434782609 23
170 0.6 1730.1658333333335 761.2873728996642 2688.971 5.159 127.17477777777778 27
180 1.6 847.5966875 420.06097260125813 2688.971 5.159 418.62769696969696 33
190 0 0 0 2688.971 5.159 558.6992040816326 49
200 0 0 0 2688.971 5.159 558.6992040816326 49
210 0 0 0 2688.971 5.159 558.6992040816326 49
220 0.8 897.9370000000002 1186.38696352476 2742.294 0.443 558.6992040816326 49
230 1.1 1614.992545454546 1595.4479961337372 4668.55 0.443 606.3115263157895 57
240 1.8 1546.308388888889 780.3833485708689 4668.55 0.443 769.4805147058823 68
250 0.2 1821.2585000000001 529.6265000000001 4668.55 0.443 932.0723953488373 86
260 0 0 0 4668.55 0.443 952.2811704545456 88
267 0 0 0 4668.55 0.443 952.2811704545456 88
