0 0.7 34.331142857142865 33.55468638092821 110.727 11.29 0 0
10 1 11.164799999999998 0.8105349838224134 110.727 9.734 34.331142857142865 7
20 0 0 0 110.727 9.734 20.70388235294118 17
30 0 0 0 110.727 9.734 20.70388235294118 17
40 0 0 0 110.727 9.734 20.70388235294118 17
50 0 0 0 110.727 9.734 20.70388235294118 17
60 2.4 12.363041666666666 3.0566084483618803 110.727 9.514 20.70388235294118 17
70 1.5 18.348066666666664 21.033130343869935 110.727 9.085 15.821439024390243 41
80 0 0 0 110.727 9.085 16.498214285714283 56
90 0 0 0 110.727 9.085 16.498214285714283 56
100 1.6 12.532937500000003 4.476882543533363 110.727 9.085 16.498214285714283 56
110 4.2 85.83557142857143 122.2847435662128 431.877 9.085 15.617041666666665 72
120 1.3 192.40076923076924 147.39094818420517 521.558 9.085 41.48702631578947 114
130 0 0 0 521.558 9.085 56.93488976377952 127
140 0 0 0 521.558 9.085 56.93488976377952 127
150 4.1 25.11751219512195 35.550789328221775 521.558 8.763 56.93488976377952 127
160 8.6 1559.8038837209301 789.3998745884531 3856.677 8.763 49.169934523809516 168
170 2.1 2230.0065238095235 442.3146154391764 3856.677 8.763 560.6444212598425 254
180 0 0 0 3856.677 8.763 688.1229818181818 275
190 0 0 0 3856.677 8.763 688.1229818181818 275
200 0 0 0 3856.677 8.763 688.1229818181818 275
210 5.3 132.61215094339624 212.06162119947777 3856.677 8.763 688.1229818181818 275
220 14.9 1798.132510067114 1133.0646977686515 3856.677 1.066 598.3605609756097 328
230 5.4 2741.586481481481 1476.213904888947 4939.046 1.066 973.1320922431867 477
240 0 0 0 4939.046 1.066 1152.9749114877588 531
250 0 0 0 4939.046 1.066 1152.9749114877588 531
260 0 0 0 4939.046 1.066 1152.9749114877588 531
267 0 0 0 4939.046 1.066 1152.9749114877588 531
