20 0.6 8.2885 0.564441242882434 9.113 7.566 0 0
30 0.1 8.456 0.0 9.113 7.566 8.2885 6
40 0 0 0 9.113 7.566 8.312428571428573 7
50 0 0 0 9.113 7.566 8.312428571428573 7
60 0 0 0 9.113 7.566 8.312428571428573 7
70 0.7 10.367285714285714 1.5652727479612631 13.195 7.566 8.312428571428573 7
80 1 9.732400000000002 2.891874416360434 16.572 7.566 9.339857142857143 14
90 0 0 0 16.572 7.566 9.503416666666668 24
100 0.1 8.059 0.0 16.572 7.566 9.503416666666668 24
110 0.2 26.029 17.007 43.036 7.566 9.445640000000003 25
120 2.1 50.471952380952374 77.6144570360299 334.458 7.566 10.67403703703704 27
130 0.6 8.342 0.5082810902115745 334.458 7.566 28.085624999999997 48
140 0 0 0 334.458 7.566 25.891888888888886 54
150 0 0 0 334.458 7.566 25.891888888888886 54
160 0.1 1866.756 0.0 1866.756 7.566 25.891888888888886 54
170 0.7 1908.9034285714283 455.66066120237724 2602.637 7.566 59.36214545454545 55
180 4.9 704.0983673469386 397.0951777013427 2602.637 7.566 268.18132258064514 62
190 0.7 33.34542857142858 46.18918634070454 2602.637 7.566 460.6131711711711 111
200 0 0 0 2602.637 7.566 435.26677966101687 118
210 0 0 0 2602.637 7.566 435.26677966101687 118
220 0 0 0 2602.637 7.566 435.26677966101687 118
230 1.4 0.5847857142857142 0.20826637427357594 2602.637 0.435 435.26677966101687 118
240 4.4 1295.2940681818184 793.4879682072977 2602.637 0.435 389.16414393939385 132
250 5 1225.8138599999997 528.3778080277788 2602.637 0.435 615.696625 176
260 0.3 6.6883333333333335 2.362696529156652 2602.637 0.435 750.6783141592921 226
267 0 0 0 2602.637 0.435 740.9317205240175 229
