20 0.6 8.4745 0.49782619122206334 9.42 7.913 0 0
30 0 0 0 9.42 7.913 8.4745 6
40 0 0 0 9.42 7.913 8.4745 6
50 0 0 0 9.42 7.913 8.4745 6
60 0 0 0 9.42 7.913 8.4745 6
70 1 10.819299999999998 5.002902798376159 25.357 7.777 8.4745 6
80 0.4 7.8835 0.2614445447891392 25.357 7.618 9.94 16
90 0 0 0 25.357 7.618 9.528699999999999 20
100 0.1 8.752 0.0 25.357 7.618 9.528699999999999 20
110 0.8 85.1425 118.45552750505144 297.092 7.618 9.491714285714286 21
120 1.1 66.20090909090911 119.65521446636473 384.059 6.804 30.36089655172414 29
130 0.9 8.679666666666666 1.8657565638516602 384.059 6.804 40.2169 40
140 0.1 8.268 0.0 384.059 6.804 34.424346938775514 49
150 0 0 0 384.059 6.804 33.90122 50
160 0.2 1475.7489999999998 40.62999999999994 1516.379 6.804 33.90122 50
170 1.2 1880.2831666666664 651.3605753007614 3280.608 6.804 89.35690384615383 52
180 3.1 813.129129032258 358.88125235413685 3280.608 6.804 425.1555781249999 64
190 1.3 22.721153846153847 45.54261163053979 3280.608 6.804 551.7574736842105 95
200 0 0 0 3280.608 6.804 488.0771759259259 108
210 0 0 0 3280.608 6.804 488.0771759259259 108
220 0.1 0.575 0.0 3280.608 0.575 488.0771759259259 108
230 2.2 951.730090909091 1277.2933453113376 3280.608 0.49 483.60467889908256 109
240 4.9 1588.2479387755102 718.176043058667 3280.608 0.49 562.2211603053435 131
250 2.9 1157.377448275862 511.0714792593266 3280.608 0.49 841.5284499999999 180
260 0.5 7.371 1.9087779336528385 3280.608 0.49 885.3543875598085 209
267 0 0 0 3280.608 0.49 864.8407570093458 214
