0 0.1 22.317 0 22.317 22.317 0 0
10 0.7 11.230999999999998 2.7233704957539024 22.317 8.903 22.317 1
20 0.2 10.2605 0.37049999999999983 22.317 8.903 12.61675 8
30 0 0 0 22.317 8.903 12.1455 10
40 0 0 0 22.317 8.903 12.1455 10
50 0 0 0 22.317 8.903 12.1455 10
60 0.2 9.531 0.4710000000000001 22.317 8.903 12.1455 10
70 1.2 11.610083333333334 5.5249661003233514 29.738 8.455 11.70975 12
80 0.4 11.0815 1.3438795518944395 29.738 8.455 11.659916666666666 24
90 0 0 0 29.738 8.455 11.577285714285713 28
100 0.1 8.361 0.0 29.738 8.361 11.577285714285713 28
110 1.1 79.72218181818181 103.05245943412261 312.923 8.361 11.466379310344827 29
120 2.4 72.25725000000001 112.2065180772527 414.598 8.361 30.236725 40
130 0.3 10.112 1.2502290456818974 414.598 8.361 45.99442187500001 64
140 0 0 0 414.598 8.361 44.38774626865672 67
150 0.1 9.25 0.0 414.598 8.361 44.38774626865672 67
160 0.1 1816.35 0.0 1816.35 8.361 43.87101470588236 68
170 1.6 2307.649625 682.0790721919523 3636.079 8.361 69.55911594202898 69
180 4.3 1152.135837209302 431.1839587874044 3636.079 8.361 490.8467411764706 85
190 0.3 10.026 1.0817821715422504 3636.079 8.361 712.9985468749999 128
200 0 0 0 3636.079 8.361 696.8999389312976 131
210 0 0 0 3636.079 8.361 696.8999389312976 131
220 0.5 0.5292000000000001 0.10326548310059855 3636.079 0.437 696.8999389312976 131
230 4.4 781.2694318181819 1563.7011716274803 5049.993 0.404 671.2980735294116 136
240 6 1489.0527000000006 993.4269157336687 5049.993 0.404 698.179961111111 180
250 2.7 1611.1115555555557 529.4059867817846 5049.993 0.404 895.8981458333334 240
260 0 0 0 5049.993 0.404 968.2230973782773 267
267 0 0 0 5049.993 0.404 968.2230973782773 267
