20 0.5 10.084399999999999 0.6112621696130065 11.247 9.531 0 0
30 0.1 9.741 0.0 11.247 9.531 10.084399999999999 5
40 0.1 23.324 0.0 23.324 9.531 10.027166666666666 6
50 0 0 0 23.324 9.531 11.926714285714285 7
60 0 0 0 23.324 9.531 11.926714285714285 7
70 0.4 10.7965 1.6779035282160886 23.324 8.98 11.926714285714285 7
80 0.8 9.770875 0.9470210448427214 23.324 8.364 11.515727272727274 11
90 0.5 10.3506 1.2555780501426423 23.324 8.364 10.78105263157895 19
100 0.1 9.576 0.0 23.324 8.364 10.691375000000003 24
110 0 0 0 23.324 8.364 10.646760000000004 25
120 1 144.91410000000002 160.2530987990248 414.589 8.314 10.646760000000004 25
130 1.8 11.325444444444447 4.339970548059593 414.589 8.314 49.008857142857146 35
140 0.1 9.964 0.0 414.589 8.314 36.21071698113208 53
150 0 0 0 414.589 8.314 35.72466666666667 54
160 0 0 0 414.589 8.314 35.72466666666667 54
170 0.3 1839.7316666666666 399.76469573098717 2399.615 8.314 35.72466666666667 54
180 2.9 727.6541379310344 534.3798914338726 2399.615 8.314 130.67240350877194 57
190 2.8 25.48557142857143 51.44329613580691 2399.615 8.314 331.9801976744186 86
200 0.4 9.796500000000002 0.1451869484492325 2399.615 8.314 256.70081578947367 114
210 0 0 0 2399.615 8.314 248.33117796610168 118
220 0 0 0 2399.615 8.314 248.33117796610168 118
230 0.3 0.6756666666666667 0.10036046144883062 2399.615 0.559 248.33117796610168 118
240 1.9 2569.2018947368424 1754.6640454525727 6112.983 0.458 242.19095867768593 121
250 7.1 1773.5012957746476 1161.8398384208494 6112.983 0.458 557.9995857142857 140
260 1.5 61.159666666666666 66.11233785980411 6112.983 0.458 967.00727014218 211
267 0.3 10.095333333333333 0.14030047121169073 6112.983 0.458 906.8846415929203 226
