0 2.7 27
10 4.7 74
20 2.4 98
30 0.3 101
40 0.1 102
50 6.9 171
60 7.8 249
70 2.2 271
80 0.2 273
90 0 273
100 5.8 331
110 19.5 526
120 11.6 642
130 1.9 661
140 0 661
150 1.3 674
160 31.2 986
170 33.8 1324
180 9.5 1419
190 1.1 1430
200 2.8 1458
210 59.3 2051
220 69.4 2745
230 17.9 2924
240 2.6 2950
250 0.2 2952
260 50.5 3457
270 160.3 5060
280 99.5 6055
290 15.3 6208
300 1.5 6223
310 0 6223
320 0 6223
330 71.6 6939
340 148.7 8426
350 169.4 10120
360 101.9 11139
370 11.9 11258
380 1 11268
390 0.1 11269
398 0 11269
