0 7.3 58.654698630136984 52.203973900509396 211.581 5.183 0 0
10 11.9 37.60587394957984 43.247620219475394 211.581 5.183 58.654698630136984 73
20 6.1 35.05404918032786 34.73082807395325 211.581 5.183 45.6088125 192
30 0.9 60.94799999999999 33.359181944406245 211.581 5.183 43.06398814229249 253
40 1.5 14.8044 8.704525648956025 211.581 5.183 43.67832442748091 262
50 17 37.871417647058855 48.65990272791632 211.581 5.019 42.11475451263537 277
60 19.9 31.30460301507536 36.39134658969418 211.581 4.696 40.50095749440717 447
70 5.8 36.8547068965517 36.90261680844113 211.581 4.696 37.66802476780186 646
80 0.8 32.913125 25.099249896348997 211.581 4.696 37.601018465909085 704
90 0.1 26.545 0.0 211.581 4.696 37.548345505617974 712
100 16.5 36.04091515151519 48.78199309263378 211.581 4.402 37.53291304347826 713
110 47.9 39.888843423799585 47.73561587685341 251.252 4.402 37.25252619589978 878
120 30.3 29.72179867986798 31.298994943359133 251.252 4.402 38.18310537951364 1357
130 5.9 27.880135593220352 21.248417499166912 251.252 4.402 36.63866204819277 1660
140 0.2 18.443 4.407000000000001 251.252 4.402 36.33804944735311 1719
150 7.3 26.73094520547946 39.62700314245063 251.252 4.402 36.31725334108076 1721
160 77.7 39.99214414414414 51.99730500658983 252.651 4.374 35.927175027870675 1794
170 83 34.47698915662649 40.92403945464602 252.651 4.374 37.15567794632438 2571
180 28.6 28.92522027972028 27.170345612381016 252.651 4.374 36.50195501323139 3401
190 4.6 33.19176086956522 27.43590835825956 252.651 4.374 35.91422891239489 3687
200 14.7 28.29536054421769 43.16692186207952 252.651 4.374 35.88068122153763 3733
210 150.9 42.392392975480405 53.86859456119729 277.88 4.354 35.59329922680411 3880
220 169.3 40.04122327229777 45.83952068791272 361.228 4.354 37.49714640935236 5389
230 52.3 31.41352772466542 31.340438628199383 361.228 4.354 38.105325190624114 7082
240 9.1 30.06652747252748 22.224203870011607 361.228 4.354 37.645126627218936 7605
250 1.1 26.538 14.561519151517123 361.228 4.354 37.55551481288982 7696
260 145.5 45.75396219931265 62.683346262390934 398.296 4.228 37.53978980147918 7707
270 375.7 254.72393532073488 372.4893516164048 2606.901 4.228 38.84426708142326 9162
280 264.8 87.36280324773358 195.30944387117256 2606.901 4.228 101.62466135149786 12919
290 50.9 33.07944597249507 28.488551986066224 2606.901 4.228 99.19867045673537 15567
300 5.4 28.66488888888889 16.96699350554729 2606.901 4.228 97.10519662851453 16076
310 0.1 26.308 0.0 2606.901 4.228 96.87607222566645 16130
320 0.1 26.803 0.0 2606.901 4.228 96.87169753890024 16131
330 216.2 164.25545883441254 265.3950813356664 2606.901 4.228 96.86735407884947 16132
340 556.7 981.7636833123745 1032.2194694203702 7848.25 0.617 104.83133584781893 18294
350 533.3 1189.2708843052656 1133.6375025801424 8565.753 0.617 309.4280576254134 23861
360 293.6 643.3382098092629 1260.5569672108577 17000.756 0.617 470.1529255668963 29194
370 47.4 3459.1603122362867 6357.17032145319 22443.227 0.617 485.9783844693422 32130
380 6.5 5903.839723076923 7623.0224555592085 22443.227 0.617 529.2027812845039 32604
390 0.3 28.526 6.486506198768846 22443.227 0.617 539.8964481006448 32669
398 0 0 0 22443.227 0.617 539.8494931745827 32672
