0 26.20859375 26.20859375
10 50.55078125 76.759375
20 27.14296875 103.90234375
30 3.97578125 107.878125
40 3.12421875 111.00234375
50 66.6859375 177.68828125
60 88.4890625 266.17734375
70 24.86171875 291.0390625
80 3.590625 294.6296875
90 0.4390625 295.06875
100 55.8984375 350.9671875
110 202.47265625 553.43984375
120 138.1765625 691.61640625
130 25.3609375 716.97734375
140 0.7796875 717.75703125
150 16.11015625 733.8671875
160 305.69609375 1039.56328125
170 373.14609375 1412.709375
180 126.91015625 1539.61953125
190 19.23515625 1558.8546875
200 34.7546875 1593.609375
210 587.6609375 2181.2703125
220 765.5453125 2946.815625
230 232.1578125 3178.9734375
240 39.0578125 3218.03125
250 4.55703125 3222.58828125
260 492.0640625 3714.65234375
270 1644.04140625 5358.69375
280 1153.87734375 6512.57109375
290 222.91171875 6735.4828125
300 23.6625 6759.1453125
310 0.43359375 6759.57890625
320 0.43046875 6760.009375
330 818.26015625 7578.26953125
340 2281.4453125 9859.71484375
350 2210.06015625 12069.775
360 1124.18828125 13193.96328125
370 161.63125 13355.59453125
380 14.85859375 13370.453125
390 1.20859375 13371.66171875
398 0 13371.66171875
