0 1.1 1784.170727272727 960.7758166268162 3072.652 286.197 0 0
10 1.4 4682.876999999999 2967.815698390509 13288.02 286.197 1784.170727272727 11
20 0.5 5806.4578 2927.203304467484 13288.02 286.197 3407.446239999999 25
30 0 0 0 13288.02 286.197 3807.281499999999 30
40 0 0 0 13288.02 286.197 3807.281499999999 30
50 2.5 3085.48124 1458.3648200007372 13288.02 286.197 3807.281499999999 30
60 2.5 4664.393120000001 3666.025572835446 14502.847 286.197 3479.190472727272 55
70 0.1 6253.337 0.0 14502.847 286.197 3849.5663 80
80 0 0 0 14502.847 286.197 3879.2424814814817 81
90 0 0 0 14502.847 286.197 3879.2424814814817 81
100 2.1 2274.916904761905 1323.3704692617582 14502.847 173.838 3879.2424814814817 81
110 6.9 3894.201768115943 2603.1185921115552 14502.847 173.838 3548.940156862745 102
120 2.3 5998.653695652173 2222.7273238030843 14502.847 173.838 3688.2562456140354 171
130 0 0 0 14502.847 173.838 3962.1693453608254 194
140 0 0 0 14502.847 173.838 3962.1693453608254 194
150 0.3 909.1106666666666 456.77978250234423 14502.847 173.838 3962.1693453608254 194
160 12.3 3055.0383495934975 1867.9133959640146 14502.847 173.838 3915.6760659898487 197
170 10 4681.703619999998 3199.758894635044 15735.891 173.838 3584.8684437500006 320
180 0.5 10154.4686 2962.0416112460402 15735.891 173.838 3846.0196761904763 420
190 0 0 0 15735.891 173.838 3920.2367223529413 425
200 0.7 1264.5219999999997 636.3948241587137 15735.891 173.838 3920.2367223529413 425
210 22.1 3152.471140271495 1935.7756400897879 15735.891 147.587 3877.204307870371 432
220 20.8 4908.83623076923 2810.6348162311206 15735.891 147.587 3631.9270796324663 653
230 1.5 9430.787466666667 3876.2970530150355 15735.891 147.587 3940.4022288037168 861
240 0 0 0 15735.891 147.587 4034.4156746575345 876
250 0 0 0 15735.891 147.587 4034.4156746575345 876
260 19.4 2300.6033556701004 1396.2007288008865 15735.891 147.587 4034.4156746575345 876
270 59.5 3886.208405042015 2327.6306401499546 15735.891 147.587 3720.060917757009 1070
280 16.7 6455.191449101798 3352.86440105088 17328.807 147.587 3779.434944744744 1665
290 0.4 15234.3295 4147.271412142235 20634.784 147.587 4023.349429585152 1832
300 0 0 0 20634.784 147.587 4047.7742227668837 1836
310 0 0 0 20634.784 147.587 4047.7742227668837 1836
320 0 0 0 20634.784 147.587 4047.7742227668837 1836
330 28.3 2651.418742049472 1451.9180296849618 20634.784 147.587 4047.7742227668837 1836
340 98 5116.245822448987 2426.6196226817615 20634.784 147.587 3861.2859731005187 2119
350 58.1 6924.614858864024 3179.798549042305 23654.01 147.587 4258.143234269121 3099
360 3.6 12027.438777777777 3638.518773985669 23654.01 147.587 4679.126933695653 3680
370 0 0 0 23654.01 147.587 4750.316176533908 3716
380 0 0 0 23654.01 147.587 4750.316176533908 3716
390 0 0 0 23654.01 147.587 4750.316176533908 3716
398 0 0 0 23654.01 147.587 4750.316176533908 3716
