0 0.3 44.36533333333333 30.520015512592536 87.203 18.374 0 0
10 0.2 15.262 0.40299999999999914 87.203 14.859 44.36533333333333 3
20 0 0 0 87.203 14.859 32.724000000000004 5
30 0 0 0 87.203 14.859 32.724000000000004 5
40 0 0 0 87.203 14.859 32.724000000000004 5
50 0.6 14.8465 0.47909732831649154 87.203 14.001 32.724000000000004 5
60 0.1 14.687 0.0 87.203 14.001 22.972636363636365 11
70 0 0 0 87.203 14.001 22.28216666666667 12
80 0 0 0 87.203 14.001 22.28216666666667 12
90 0 0 0 87.203 14.001 22.28216666666667 12
100 0.7 16.773714285714284 4.114114510326812 87.203 14.001 22.28216666666667 12
110 0.9 14.688 0.9342827314160423 87.203 13.169 20.252736842105264 19
120 0 0 0 87.203 13.169 18.46407142857143 28
130 0 0 0 87.203 13.169 18.46407142857143 28
140 0 0 0 87.203 13.169 18.46407142857143 28
150 0.3 17.892999999999997 5.28422223857652 87.203 13.169 18.46407142857143 28
160 0.8 16.270500000000002 4.23777105327789 87.203 13.169 18.408806451612904 31
170 0.3 14.272666666666666 0.0567470018787096 87.203 13.169 17.970179487179486 39
180 0 0 0 87.203 13.169 17.706071428571427 42
190 0 0 0 87.203 13.169 17.706071428571427 42
200 0.9 15.231000000000002 0.24592049302343413 87.203 13.169 17.706071428571427 42
210 2.9 20.704482758620685 21.868682160160375 134.925 13.169 17.269294117647057 51
220 0.7 17.47257142857143 4.632853913923371 134.925 13.169 18.514549999999996 80
230 0 0 0 134.925 13.169 18.43071264367816 87
240 0 0 0 134.925 13.169 18.43071264367816 87
250 0 0 0 134.925 13.169 18.43071264367816 87
260 4.8 34.463895833333325 43.88410312793593 144.074 12.846 18.43071264367816 87
270 3.8 182.31315789473683 244.9209141622665 1014.24 12.846 24.131399999999996 135
280 0 0 0 1014.24 12.846 58.87652601156069 173
290 0 0 0 1014.24 12.846 58.87652601156069 173
300 0 0 0 1014.24 12.846 58.87652601156069 173
310 0 0 0 1014.24 12.846 58.87652601156069 173
320 0 0 0 1014.24 12.846 58.87652601156069 173
330 6.9 170.27881159420292 316.8293107814819 1565.066 12.846 58.87652601156069 173
340 10.5 1364.3822380952374 854.3217473289614 4046.365 1.576 90.63998760330578 242
350 0 0 0 4046.365 1.576 476.06631700288165 347
360 0 0 0 4046.365 1.576 476.06631700288165 347
370 0 0 0 4046.365 1.576 476.06631700288165 347
380 0 0 0 4046.365 1.576 476.06631700288165 347
390 0 0 0 4046.365 1.576 476.06631700288165 347
398 0 0 0 4046.365 1.576 476.06631700288165 347
