0 0.1 120.126 0 120.126 120.126 0 0
10 0.2 89.047 17.602999999999998 120.126 71.444 120.126 1
20 0.4 73.3255 1.0580076795562532 120.126 71.444 99.40666666666668 3
30 0 0 0 120.126 71.444 84.50314285714286 7
40 0 0 0 120.126 71.444 84.50314285714286 7
50 0.3 87.71066666666667 12.927937095900322 120.126 71.444 84.50314285714286 7
60 0.6 83.20116666666665 14.850575369511962 120.126 71.263 85.4654 10
70 0.2 78.042 6.131 120.126 71.263 84.61631249999999 16
80 0 0 0 120.126 71.263 83.88583333333332 18
90 0 0 0 120.126 71.263 83.88583333333332 18
100 0.3 72.76466666666666 1.058871831505374 120.126 71.263 83.88583333333332 18
110 2 78.77785000000002 15.470407380786712 142.901 70.691 82.29709523809522 21
120 1.1 77.58 5.812909676667181 142.901 70.691 80.58039024390244 41
130 0 0 0 142.901 70.691 79.94569230769231 52
140 0 0 0 142.901 70.691 79.94569230769231 52
150 0 0 0 142.901 70.691 79.94569230769231 52
160 2.3 77.3663043478261 11.792984515250483 142.901 69.645 79.94569230769231 52
170 3 77.44596666666666 8.641521195111169 142.901 69.549 79.15468000000001 75
180 0.9 77.08633333333333 6.705199823022924 142.901 69.473 78.66647619047619 105
190 0 0 0 142.901 69.473 78.54172807017544 114
200 0 0 0 142.901 69.473 78.54172807017544 114
210 4.1 103.23473170731707 45.874211906050114 213.102 69.473 78.54172807017544 114
220 7.3 94.08736986301369 35.23182705067897 258.652 69.473 85.07342580645161 155
230 1 89.3751 35.90551366698435 258.652 69.473 87.95946929824561 228
240 0.1 69.178 0.0 258.652 69.178 88.01894957983193 238
250 0 0 0 258.652 69.178 87.9401171548117 239
260 2.1 113.07728571428572 64.00402814491842 333.056 69.178 87.9401171548117 239
270 15.1 727.9589536423841 678.5159764408169 2612.667 69.178 89.97042692307691 260
280 12.5 301.6432799999997 419.9832207788039 2612.667 69.178 324.36523844282243 411
290 0.6 75.21949999999998 4.878669892159822 2612.667 69.178 319.0662742537313 536
300 0 0 0 2612.667 69.178 316.3668634686347 542
310 0 0 0 2612.667 69.178 316.3668634686347 542
320 0 0 0 2612.667 69.178 316.3668634686347 542
330 1.3 640.4070769230768 570.2312576635313 2612.667 69.178 316.3668634686347 542
340 16.2 2400.990691358023 2176.7310665801792 6888.191 0.783 323.95699459459456 555
350 33.3 3025.9811651651644 1553.2721728469207 7597.494 0.783 793.2449428172939 717
360 7.6 1966.8968552631588 1100.1306648419054 7597.494 0.783 1501.341287619047 1050
370 0.1 139.495 0.0 7597.494 0.783 1532.764221136767 1126
380 0 0 0 7597.494 0.783 1531.5279574090503 1127
390 0 0 0 7597.494 0.783 1531.5279574090503 1127
398 0 0 0 7597.494 0.783 1531.5279574090503 1127
