10 0.4 10.25825 3.53060797703455 16.322 7.847 0 0
20 0.2 8.0215 0.19250000000000056 16.322 7.829 10.25825 4
30 0 0 0 16.322 7.829 9.512666666666666 6
40 0 0 0 16.322 7.829 9.512666666666666 6
50 0 0 0 16.322 7.829 9.512666666666666 6
60 0.3 6.942666666666667 1.0097215237656154 16.322 5.6 9.512666666666666 6
70 0.3 6.496333333333332 0.5345218008234606 16.322 5.6 8.655999999999999 9
80 0 0 0 16.322 5.6 8.116083333333334 12
90 0 0 0 16.322 5.6 8.116083333333334 12
100 0 0 0 16.322 5.6 8.116083333333334 12
110 0.4 9.781 4.860875024108314 18.107 5.6 8.116083333333334 12
120 0.4 6.317499999999999 1.044565340225302 18.107 4.925 8.5323125 16
130 0.1 5.525 0.0 18.107 4.925 8.08935 20
140 0 0 0 18.107 4.925 7.967238095238095 21
150 0 0 0 18.107 4.925 7.967238095238095 21
160 0.6 5.5201666666666656 0.7732365779989689 18.107 4.664 7.967238095238095 21
170 1.3 6.934384615384616 2.886313260317803 18.107 4.664 7.423444444444444 27
180 0.7 7.093999999999999 3.3443560986063843 18.107 4.664 7.2645 40
190 0 0 0 18.107 4.664 7.239106382978723 47
200 0 0 0 18.107 4.664 7.239106382978723 47
210 0.6 27.126666666666665 46.94888673038181 132.093 4.664 7.239106382978723 47
220 2.6 6.591769230769231 2.160725008447437 132.093 4.664 9.490528301886792 53
230 1 5.7822000000000005 0.41031251504188865 132.093 4.664 8.536506329113925 79
240 0 0 0 132.093 4.664 8.227033707865168 89
250 0 0 0 132.093 4.664 8.227033707865168 89
260 0.4 40.116749999999996 53.00510157227792 132.093 4.664 8.227033707865168 89
270 4.6 92.56084782608694 140.46053404023547 688.187 4.664 9.59863440860215 93
280 4.4 11.941863636363637 14.168141213156737 688.187 4.664 37.053755395683446 139
290 0.4 7.18675 2.6247190683004535 688.187 4.664 31.015923497267753 183
300 0 0 0 688.187 4.664 30.50620855614973 187
310 0 0 0 688.187 4.664 30.50620855614973 187
320 0 0 0 688.187 4.664 30.50620855614973 187
330 0.5 66.1838 69.48330726268 688.187 4.664 30.50620855614973 187
340 3.6 386.6704166666666 383.4670012966041 1276.386 0.739 31.435312499999995 192
350 10.4 352.434673076923 226.8148174805166 1276.386 0.739 87.52506578947367 228
360 3 30.08899999999999 70.07226262366588 1276.386 0.739 170.50879819277105 332
370 0.3 5.699666666666666 0.40154479478910204 1276.386 0.739 158.8717983425414 362
380 0 0 0 1276.386 0.739 157.61284931506847 365
390 0 0 0 1276.386 0.739 157.61284931506847 365
398 0 0 0 1276.386 0.739 157.61284931506847 365
