0 0.2 22.02 4.155999999999999 26.176 17.864 0 0
10 0.4 13.713750000000001 3.693841927790089 26.176 9.894 22.02 2
20 0.2 10.887 0.022999999999999687 26.176 9.894 16.4825 6
30 0 0 0 26.176 9.894 15.083625000000001 8
40 0 0 0 26.176 9.894 15.083625000000001 8
50 0.1 11.557 0.0 26.176 9.894 15.083625000000001 8
60 1.1 11.008363636363635 0.5833463453881287 26.176 9.894 14.691777777777778 9
70 0.2 10.559000000000001 0.19699999999999962 26.176 9.894 12.665899999999999 20
80 0.1 11.891 0.0 26.176 9.894 12.474363636363636 22
90 0 0 0 26.176 9.894 12.449 23
100 0 0 0 26.176 9.894 12.449 23
110 1 10.5791 1.0735211642068354 26.176 9.69 12.449 23
120 2.1 10.589619047619047 0.6089415075663581 26.176 9.69 11.882363636363635 33
130 0.2 10.7405 0.20050000000000034 26.176 9.69 11.37962962962963 54
140 0 0 0 26.176 9.69 11.356803571428571 56
150 0 0 0 26.176 9.69 11.356803571428571 56
160 1.1 12.341000000000001 2.6280977911790115 26.176 9.69 11.356803571428571 56
170 4.9 14.130795918367355 15.784902582853888 120.064 9.69 11.518388059701492 67
180 2.4 12.358791666666667 1.827471773132822 120.064 9.69 12.621905172413795 116
190 0.2 12.4175 0.1905000000000001 120.064 9.69 12.576800000000002 140
200 0 0 0 120.064 9.69 12.574556338028172 142
210 2.8 17.811321428571425 24.489553230559313 144.892 9.69 12.574556338028172 142
220 8.3 16.54880722891567 13.974801806433765 144.892 9.69 13.437082352941177 170
230 3.5 15.757428571428575 6.25248407451317 144.892 9.69 14.457924901185773 253
240 0.4 13.875 0.43439095294446434 144.892 9.69 14.615850694444447 288
250 0 0 0 144.892 9.69 14.605702054794524 292
260 0.5 17.159799999999997 3.33929120622925 144.892 9.69 14.605702054794524 292
270 7.9 208.63398734177218 233.40116288211027 949.698 9.69 14.648700336700339 297
280 16.5 29.25244242424242 26.536416908764767 949.698 9.69 55.406247340425544 376
290 2.8 24.042357142857146 23.36548511650447 949.698 9.69 47.429578558225515 541
300 0.1 17.477 0.0 949.698 9.69 46.27871353251319 569
310 0 0 0 949.698 9.69 46.22818421052632 570
320 0 0 0 949.698 9.69 46.22818421052632 570
330 0.4 130.62099999999998 119.32481470130176 949.698 9.69 46.22818421052632 570
340 5.5 557.2644363636366 577.0917008624212 2335.491 0.725 46.816287456446 574
350 31.4 584.1456178343958 371.3871445521924 2335.491 0.725 91.45006836248015 629
360 18.8 164.3864574468084 229.53816505554653 2335.491 0.725 255.50775927889745 943
370 1 29.0331 16.292060025975843 2335.491 0.725 240.36115915119385 1131
380 0 0 0 2335.491 0.725 238.50902892199846 1141
390 0 0 0 2335.491 0.725 238.50902892199846 1141
398 0 0 0 2335.491 0.725 238.50902892199846 1141
