0 0.1 86.818 0 86.818 86.818 0 0
10 0.2 20.8795 5.429500000000001 86.818 15.45 86.818 1
20 0.4 17.69925 4.777754513105503 86.818 13.588 42.859 3
30 0 0 0 86.818 13.588 28.482 7
40 0 0 0 86.818 13.588 28.482 7
50 0.3 14.774333333333333 0.07156504422939727 86.818 13.588 28.482 7
60 0.6 14.805 0.2963938820781115 86.818 13.588 24.3697 10
70 0.2 14.812000000000001 0.45299999999999985 86.818 13.588 20.7829375 16
80 0 0 0 86.818 13.588 20.119500000000002 18
90 0 0 0 86.818 13.588 20.119500000000002 18
100 0.3 71.00766666666667 80.3514087548494 184.641 13.588 20.119500000000002 18
110 2 15.9843 5.347169934647675 184.641 13.435 27.3892380952381 21
120 1.1 14.220363636363635 0.6096348046505559 184.641 13.056 21.825853658536587 41
130 0 0 0 184.641 13.056 20.217000000000002 52
140 0 0 0 184.641 13.056 20.217000000000002 52
150 0 0 0 184.641 13.056 20.217000000000002 52
160 2.3 20.58895652173913 24.46401690411994 184.641 13.056 20.217000000000002 52
170 3 14.875366666666668 2.6408219740998997 184.641 12.509 20.33106666666667 75
180 0.9 14.34988888888889 0.6428485988066354 184.641 12.509 18.77229523809524 105
190 0 0 0 184.641 12.509 18.423157894736843 114
200 0 0 0 184.641 12.509 18.423157894736843 114
210 4.1 21.675414634146346 26.135459362643147 184.641 12.509 18.423157894736843 114
220 7.2 20.85977777777778 20.7662758124148 184.641 12.509 19.283432258064522 155
230 1.1 16.723272727272725 8.206510797596893 184.641 12.509 19.783418502202647 227
240 0.1 14.64 0.0 184.641 12.509 19.641983193277316 238
250 0 0 0 184.641 12.509 19.621054393305446 239
260 2.1 17.584857142857143 4.451790247547976 184.641 12.509 19.621054393305446 239
270 14.3 233.2770769230769 298.00168916860815 1418.82 12.509 19.456592307692315 260
280 13.3 53.42260150375941 73.71921869197672 1418.82 12.509 95.32837717121588 403
290 0.6 13.938666666666668 0.5399403259208881 1418.82 12.509 84.93011567164179 536
300 0 0 0 1418.82 12.509 84.1442324723247 542
310 0 0 0 1418.82 12.509 84.1442324723247 542
320 0 0 0 1418.82 12.509 84.1442324723247 542
330 1.1 85.22545454545454 96.93360876334017 1418.82 12.509 84.1442324723247 542
340 14 801.613664285714 897.3807719523256 3359.718 0.71 84.16573960216998 553
350 34.1 830.2781407624624 598.8630637533657 3359.718 0.71 229.1047142857142 693
360 9.2 427.5074021739129 368.1379889508014 3359.718 0.71 427.3640357833652 1034
370 0.1 61.235 0.0 3359.718 0.71 427.3757495559499 1126
380 0 0 0 3359.718 0.71 427.05086867790556 1127
390 0 0 0 3359.718 0.71 427.05086867790556 1127
398 0 0 0 3359.718 0.71 427.05086867790556 1127
