0 0.2 21.262999999999998 0.5539999999999994 21.817 20.709 0 0
10 0.4 15.7395 2.874388413210713 21.817 13.014 21.262999999999998 2
20 0.2 13.4445 0.5685000000000002 21.817 12.876 17.580666666666666 6
30 0 0 0 21.817 12.876 16.546625 8
40 0 0 0 21.817 12.876 16.546625 8
50 0.1 12.956 0.0 21.817 12.876 16.546625 8
60 1.1 13.965909090909092 3.167497821038081 23.876 12.401 16.147666666666666 9
70 0.2 12.8555 0.3125 23.876 12.401 14.947700000000001 20
80 0.1 13.426 0.0 23.876 12.401 14.7575 22
90 0 0 0 23.876 12.401 14.699608695652174 23
100 0 0 0 23.876 12.401 14.699608695652174 23
110 1 13.153199999999998 0.4896149099036911 23.876 11.964 14.699608695652174 23
120 2.1 14.515476190476193 5.427168003217461 36.209 11.51 14.231 33
130 0.2 12.785 0.0860000000000003 36.209 11.51 14.341629629629631 54
140 0 0 0 36.209 11.51 14.286035714285717 56
150 0 0 0 36.209 11.51 14.286035714285717 56
160 1.1 14.855181818181817 5.051571741334695 36.209 11.51 14.286035714285717 56
170 4.9 13.436897959183673 3.23831355230729 36.209 11.51 14.3794776119403 67
180 2.4 12.966791666666667 0.8472070771642681 36.209 11.51 13.981318965517243 116
190 0.2 13.0115 0.18650000000000055 36.209 11.51 13.807400000000001 140
200 0 0 0 36.209 11.51 13.79619014084507 142
210 2.8 24.955035714285714 32.664162556759955 141.512 11.51 13.79619014084507 142
220 8.2 16.593902439024383 17.667094648174473 167.116 11.51 15.634117647058824 170
230 3.6 21.293083333333335 26.243133022834122 167.116 11.51 15.94642857142857 252
240 0.4 12.88525 0.6960209677157716 167.116 11.51 16.614760416666666 288
250 0 0 0 167.116 11.51 16.56367123287671 292
260 0.5 16.97 4.980749060131418 167.116 11.51 16.56367123287671 292
270 7.3 233.3134383561644 283.365475088316 1192.793 11.51 16.570511784511783 297
280 17.1 47.20030994152044 131.97871156184178 1436.786 11.418 59.333305405405405 370
290 2.8 13.530107142857139 2.877062717664936 1436.786 11.303 55.498292051755996 541
300 0.1 12.942 0.0 1436.786 11.303 53.43307381370825 569
310 0 0 0 1436.786 11.303 53.362036842105255 570
320 0 0 0 1436.786 11.303 53.362036842105255 570
330 0.4 118.84025000000001 62.0070134354776 1436.786 11.303 53.362036842105255 570
340 4.9 670.220306122449 764.3211279161051 2319.551 0.731 53.81833101045295 574
350 30.4 715.2278914473685 473.48358280966244 2319.551 0.724 102.29938523274477 623
360 20.3 228.31696059113273 242.88299508371472 2319.551 0.724 303.30290830636466 927
370 1.1 59.56627272727273 58.84841817769216 2319.551 0.724 289.8319814159292 1130
380 0 0 0 2319.551 0.724 287.61206660823837 1141
390 0 0 0 2319.551 0.724 287.61206660823837 1141
398 0 0 0 2319.551 0.724 287.61206660823837 1141
