10 0.2 11.2075 0.3295000000000008 11.537 10.878 0 0
20 0.2 11.883 0.15300000000000002 12.036 10.878 11.2075 2
30 0 0 0 12.036 10.878 11.54525 4
40 0 0 0 12.036 10.878 11.54525 4
50 0.4 11.142000000000001 0.4182995338271363 12.036 10.492 11.54525 4
60 0.7 11.288 0.6746582203499154 12.332 10.4 11.343625 8
70 0.1 11.395 0.0 12.332 10.4 11.317666666666666 15
80 0 0 0 12.332 10.4 11.3225 16
90 0 0 0 12.332 10.4 11.3225 16
100 0.3 11.079 1.006405816093422 12.497 10.264 11.3225 16
110 0.4 12.15025 1.8725593949191568 15.306 10.264 11.284052631578946 19
120 1.1 11.20490909090909 0.4848378275343877 15.306 10.202 11.434695652173913 23
130 0.3 10.984333333333334 0.516856094306938 15.306 10.202 11.360352941176469 34
140 0 0 0 15.306 10.202 11.329864864864863 37
150 0 0 0 15.306 10.202 11.329864864864863 37
160 0.7 11.395999999999999 0.6450833833145692 15.306 10.202 11.329864864864863 37
170 2.4 10.994083333333336 0.627623687455752 15.306 10.072 11.340386363636362 44
180 1.1 11.094727272727273 0.36807708948215284 15.306 10.072 11.218161764705883 68
190 0.1 11.389 0.0 15.306 10.072 11.200974683544304 79
200 0 0 0 15.306 10.072 11.203325000000001 80
210 1.4 23.992214285714287 32.15056798693692 136.37 10.072 11.203325000000001 80
220 4.6 16.32293478260869 18.2765531135698 136.37 9.959 13.108053191489363 94
230 2.7 11.827370370370371 2.1279169286930313 136.37 9.942 14.164371428571428 140
240 0.2 11.512 0.0259999999999998 136.37 9.942 13.786532934131737 167
250 0 0 0 136.37 9.942 13.759615384615385 169
260 0.6 13.277 1.3258443850366957 136.37 9.942 13.759615384615385 169
270 7.2 219.97175 255.82118055971304 1095.119 9.942 13.743068571428571 175
280 9.2 31.175902173913038 58.46716142864334 1095.119 9.942 73.85831174089067 247
290 2.1 12.638333333333335 4.776806358240512 1095.119 9.942 62.274884955752206 339
300 0.4 11.429000000000002 0.22506998911449655 1095.119 9.942 59.37941944444444 360
310 0 0 0 1095.119 9.942 58.85249175824175 364
320 0 0 0 1095.119 9.942 58.85249175824175 364
330 0.1 202.494 0.0 1095.119 9.942 58.85249175824175 364
340 7.4 702.6953783783786 703.6943142368057 2872.182 0.793 59.24603013698629 365
350 17.5 655.923331428571 441.35740924508764 2872.182 0.755 167.70901822323464 439
360 10.8 179.73657407407393 242.42407280509727 2872.182 0.755 306.85804885993474 614
370 1.4 51.60707142857143 28.65879649916605 2872.182 0.755 287.8426481994459 722
380 0 0 0 2872.182 0.755 283.34903668478256 736
390 0 0 0 2872.182 0.755 283.34903668478256 736
398 0 0 0 2872.182 0.755 283.34903668478256 736
