0 0.2 99.089 7.0340000000000025 106.123 92.055 0 0
10 0.4 74.27699999999999 9.040993833644617 106.123 66.816 99.089 2
20 0.5 82.9152 14.172955928810335 106.123 66.816 82.54766666666666 6
30 0.3 74.52833333333332 5.714479406637919 106.123 66.462 82.71472727272727 11
40 0 0 0 106.123 66.462 80.9605 14
50 0.2 89.981 4.6109999999999935 106.123 66.462 80.9605 14
60 1.2 73.77233333333335 9.538439043621809 106.123 64.919 82.08806249999999 16
70 0.5 74.44919999999999 5.18709978311581 106.123 64.919 78.52417857142858 28
80 0.3 67.391 2.587054438288201 106.123 64.919 77.90675757575758 33
90 0 0 0 106.123 64.919 77.03044444444446 36
100 0.3 76.54933333333332 10.630575284945257 106.123 64.919 77.03044444444446 36
110 2.7 73.5844074074074 5.975479923445539 106.123 64.396 76.99343589743592 39
120 3.2 72.51790624999998 11.014376560770971 114.833 64.396 75.59883333333333 66
130 0.6 70.16866666666665 6.615392950451917 114.833 64.396 74.59281632653061 98
140 0 0 0 114.833 64.396 74.33757692307691 104
150 0 0 0 114.833 64.396 74.33757692307691 104
160 2.4 86.90174999999999 37.3499329085185 211.074 64.236 74.33757692307691 104
170 5.2 75.05350000000008 9.488333418345512 211.074 64.126 76.69335937499999 128
180 4 73.86612499999993 11.482018568586914 211.074 64.126 76.21962222222224 180
190 0.8 67.95375 5.486951105805484 211.074 63.564 75.79171363636364 220
200 0 0 0 211.074 63.564 75.51669736842105 228
210 4.5 95.34268888888892 38.14867501110897 211.074 63.564 75.51669736842105 228
220 13 85.86389230769228 22.918371598498517 211.074 63.564 78.78471794871795 273
230 6.4 75.08410937500001 14.506805364333747 211.074 63.564 81.06832258064516 403
240 1.1 68.538 5.411588256191101 211.074 63.564 80.24821627408994 467
250 0 0 0 211.074 63.564 79.97873430962343 478
260 1.2 123.79424999999999 58.89888548623678 228.497 63.564 79.97873430962343 478
270 14.6 821.2320547945209 730.3705686886713 2574.695 63.564 81.05176734693877 490
280 35.9 195.92714484679655 326.88773026516634 2574.695 63.564 250.96736792452836 636
290 8.2 73.2486585365854 12.805673029445236 2574.695 63.242 231.1086341708543 995
300 0.7 67.63199999999999 5.204875242089307 2574.695 63.242 219.0895831012071 1077
310 0 0 0 2574.695 63.242 218.11153597785983 1084
320 0 0 0 2574.695 63.242 218.11153597785983 1084
330 0.4 383.47299999999996 290.24549138186455 2574.695 63.242 218.11153597785983 1084
340 6.4 1846.1727187500003 2261.2025619253573 7854.365 0.827 218.71948253676476 1088
350 39.6 2718.195095959595 1408.763256318836 7854.365 0.714 309.13355121527786 1152
360 65.4 1082.8512645259927 1066.5367240048938 7854.365 0.714 925.4051091731264 1548
370 5.1 149.93343137254897 40.086360067496464 7854.365 0.714 972.1670463215255 2202
380 0.1 66.162 0.0 7854.365 0.714 953.5545676875274 2253
390 0 0 0 7854.365 0.714 953.1608708961842 2254
398 0 0 0 7854.365 0.714 953.1608708961842 2254
