10 0.1 26.896 0 26.896 26.896 0 0
20 0.3 27.334 0.23207470061742289 27.508 26.896 26.896 1
30 0 0 0 27.508 26.896 27.2245 4
40 0 0 0 27.508 26.896 27.2245 4
50 0.3 27.395 1.3306061275473917 29.252 26.203 27.2245 4
60 0.5 29.081799999999998 5.131909757585373 39.233 25.308 27.297571428571427 7
70 0.3 31.182 6.419353861565821 40.228 25.308 28.040999999999997 12
80 0 0 0 40.228 25.308 28.669199999999996 15
90 0.1 26.746 0.0 40.228 25.308 28.669199999999996 15
100 0.1 26.856 0.0 40.228 25.308 28.548999999999996 16
110 0.5 26.802999999999997 1.8956998707601382 40.228 25.308 28.44941176470588 17
120 0.9 27.218666666666664 3.1284224636565816 40.228 25.308 28.075227272727272 22
130 0.6 25.783833333333334 0.5611765665892401 40.228 25.066 27.82654838709677 31
140 0 0 0 40.228 25.066 27.495297297297295 37
150 0 0 0 40.228 25.066 27.495297297297295 37
160 0.4 26.341250000000002 0.8432554105963384 40.228 25.02 27.495297297297295 37
170 1.9 26.511315789473684 1.1583400579064385 40.228 25.02 27.382707317073166 41
180 1.6 30.232499999999998 12.886192334239 78.723 24.944 27.106766666666665 60
190 0.4 25.7965 0.6218607159163544 78.723 24.752 27.76481578947368 76
200 0 0 0 78.723 24.752 27.6664 80
210 0.2 111.554 43.56200000000001 155.116 24.752 27.6664 80
220 3.9 39.41561538461537 27.85931062763296 155.116 24.752 29.712439024390246 82
230 3.5 27.746285714285722 4.300075876881569 155.116 24.569 32.83990909090909 121
240 1.2 27.785 3.227795532557786 155.116 24.569 31.697108974358972 156
250 0.1 26.349 0.0 155.116 24.569 31.417672619047618 168
260 0 0 0 155.116 24.569 31.387680473372782 169
270 3.5 516.5480285714287 517.4132283068748 1701.454 24.569 31.387680473372782 169
280 9.9 103.01712121212111 190.9162304018015 1701.454 24.569 114.62597549019611 204
290 5 32.95308 30.171118431268006 1701.454 24.569 110.83298349834983 303
300 0.9 26.777888888888892 2.3151051065385753 1701.454 24.569 99.801835694051 353
310 0.1 26.477 0.0 1701.454 24.569 97.98632320441989 362
320 0.1 26.924 0.0 1701.454 24.569 97.78932782369145 363
330 0 0 0 1701.454 24.569 97.59464285714284 364
340 1.7 1274.6970588235295 1477.3987639686766 3867.654 0.702 97.59464285714284 364
350 14.6 1531.3358972602746 926.6779384101167 4478.575 0.702 150.11627296587926 381
360 16.9 602.1172426035503 581.8932617968571 4478.575 0.702 532.7691480075903 527
370 3.8 213.13144736842108 114.38837829970622 4478.575 0.702 549.6079813218392 696
380 0.2 56.351 13.298000000000002 4478.575 0.702 532.1882152588557 734
390 0 0 0 4478.575 0.702 530.8951793478262 736
398 0 0 0 4478.575 0.702 530.8951793478262 736
