10 0.5 22.0788 11.033077365812314 41.104 13.559 0 0
20 0.3 18.143 6.825998144349781 41.104 12.823 22.0788 5
30 0 0 0 41.104 12.823 20.602875 8
40 0 0 0 41.104 12.823 20.602875 8
50 0 0 0 41.104 12.823 20.602875 8
60 0.8 13.714875000000001 0.5137748625370839 41.104 12.823 20.602875 8
70 0.5 15.2754 4.0294140814763635 41.104 12.627 17.158875000000002 16
80 0.2 14.145 0.012000000000000455 41.104 12.627 16.710428571428572 21
90 0 0 0 41.104 12.627 16.48734782608696 23
100 0 0 0 41.104 12.627 16.48734782608696 23
110 0.4 19.811749999999996 6.072331651639259 41.104 12.627 16.48734782608696 23
120 2.1 13.174380952380954 0.5316846967706007 41.104 12.401 16.97985185185185 27
130 0.7 15.382142857142858 4.7400176439867945 41.104 12.401 15.314958333333331 48
140 0.1 14.207 0.0 41.104 12.401 15.32350909090909 55
150 0 0 0 41.104 12.401 15.303571428571427 56
160 0.1 13.319 0.0 41.104 12.401 15.303571428571427 56
170 4.5 16.555733333333333 17.860846316143277 133.923 11.981 15.26875438596491 57
180 3.1 13.209967741935483 0.5357722484276537 133.923 11.944 15.836539215686273 102
190 0.9 14.28811111111111 1.8053920746502339 133.923 11.944 15.224330827067668 133
200 0 0 0 133.923 11.944 15.164992957746476 142
210 1.2 13.653999999999998 1.1118759673033085 133.923 11.944 15.164992957746476 142
220 6.2 18.778370967741928 21.334136248256147 135.14 11.944 15.047253246753245 154
230 5.8 14.282879310344828 3.2335154248395646 135.14 11.944 16.11822222222222 216
240 1.5 13.277999999999997 0.46465112360422334 135.14 11.944 15.729718978102188 274
250 0.3 13.303666666666667 0.35134629957098157 135.14 11.944 15.60246712802768 289
260 0.2 20.371000000000002 1.1529999999999996 135.14 11.944 15.57884931506849 292
270 3.9 263.9716666666666 263.68750526793525 968.891 11.944 15.611448979591836 294
280 14.9 28.899073825503354 48.32385288140086 968.891 11.944 44.69868168168167 333
290 8 14.313237499999996 3.3980651709603436 968.891 11.903 39.81457053941908 482
300 0.8 13.567874999999999 0.36829350981927444 968.891 11.903 36.18448754448398 562
310 0 0 0 968.891 11.903 35.86706140350877 570
320 0 0 0 968.891 11.903 35.86706140350877 570
330 0.1 31.137 0.0 968.891 11.903 35.86706140350877 570
340 1.5 802.1318666666668 1132.5960443696222 3994.701 0.714 35.85877758318738 571
350 14.1 1461.501340425532 1689.20593407553 8565.802 0.699 55.473276450511946 586
360 22.3 1367.909973094171 3618.316366856083 17000.835 0.699 328.16922833562586 727
370 15.3 10365.375398692808 7398.430794662267 22443.596 0.699 572.2346873684212 950
380 3.8 10068.16789473684 7592.94833393498 22443.596 0.699 1930.6667171350857 1103
390 0 0 0 22443.596 0.699 2201.679026292725 1141
398 0 0 0 22443.596 0.699 2201.679026292725 1141
