0 1.5 1.750733333333333 3.2935910789828706 14.059 0.615 0 0
10 3.5 2.1310285714285713 4.531946699256067 24.091 0.615 1.750733333333333 15
20 4 0.8493 0.3609400365711733 24.091 0.615 2.01694 50
30 0 0 0 24.091 0.615 1.4979888888888888 90
40 0 0 0 24.091 0.615 1.4979888888888888 90
50 0 0 0 24.091 0.615 1.4979888888888888 90
60 0 0 0 24.091 0.615 1.4979888888888888 90
70 0 0 0 24.091 0.615 1.4979888888888888 90
80 0 0 0 24.091 0.615 1.4979888888888888 90
90 0 0 0 24.091 0.615 1.4979888888888888 90
100 0 0 0 24.091 0.615 1.4979888888888888 90
110 0 0 0 24.091 0.615 1.4979888888888888 90
120 0 0 0 24.091 0.615 1.4979888888888888 90
130 0 0 0 24.091 0.615 1.4979888888888888 90
140 0 0 0 24.091 0.615 1.4979888888888888 90
150 0 0 0 24.091 0.615 1.4979888888888888 90
160 0 0 0 24.091 0.615 1.4979888888888888 90
170 0 0 0 24.091 0.615 1.4979888888888888 90
180 0 0 0 24.091 0.615 1.4979888888888888 90
190 0 0 0 24.091 0.615 1.4979888888888888 90
200 0 0 0 24.091 0.615 1.4979888888888888 90
210 0 0 0 24.091 0.615 1.4979888888888888 90
220 0 0 0 24.091 0.615 1.4979888888888888 90
230 0 0 0 24.091 0.615 1.4979888888888888 90
240 0 0 0 24.091 0.615 1.4979888888888888 90
250 0 0 0 24.091 0.615 1.4979888888888888 90
260 0 0 0 24.091 0.615 1.4979888888888888 90
270 0 0 0 24.091 0.615 1.4979888888888888 90
280 0 0 0 24.091 0.615 1.4979888888888888 90
290 0 0 0 24.091 0.615 1.4979888888888888 90
300 0 0 0 24.091 0.615 1.4979888888888888 90
310 0 0 0 24.091 0.615 1.4979888888888888 90
314 0 0 0 24.091 0.615 1.4979888888888888 90
