0 0.1 732.71875 0 732.71875 732.71875 0 0
10 0.1 725.71484375 0.0 732.71875 725.71484375 732.71875 1
20 0.1 709.66015625 0.0 732.71875 709.66015625 729.216796875 2
30 0.1 693.29296875 0.0 732.71875 693.29296875 722.6979166666666 3
40 0.1 693.19140625 0.0 732.71875 693.19140625 715.3466796875 4
50 0.1 693.20703125 0.0 732.71875 693.19140625 710.915625 5
60 0.1 691.9453125 0.0 732.71875 691.9453125 707.9641927083334 6
70 0.1 691.88671875 0.0 732.71875 691.88671875 705.67578125 7
80 0.1 691.7734375 0.0 732.71875 691.7734375 703.9521484375 8
90 0.1 691.1796875 0.0 732.71875 691.1796875 702.5989583333334 9
100 0.1 690.6484375 0.0 732.71875 690.6484375 701.45703125 10
110 0.1 690.71484375 0.0 732.71875 690.6484375 700.4744318181819 11
120 0.1 690.66015625 0.0 732.71875 690.6484375 699.6611328125 12
130 0.1 690.609375 0.0 732.71875 690.609375 698.96875 13
140 0.1 690.0234375 0.0 732.71875 690.0234375 698.3716517857143 14
150 0.1 689.1484375 0.0 732.71875 689.1484375 697.8151041666666 15
160 0.1 688.74609375 0.0 732.71875 688.74609375 697.2734375 16
170 0.1 688.76171875 0.0 732.71875 688.74609375 696.7718290441177 17
180 0.1 688.66015625 0.0 732.71875 688.66015625 696.3268229166666 18
190 0.1 688.1875 0.0 732.71875 688.1875 695.9233141447369 19
200 0.1 688.26171875 0.0 732.71875 688.1875 695.5365234375 20
210 0.1 688.328125 0.0 732.71875 688.1875 695.1901041666666 21
220 0.1 688.39453125 0.0 732.71875 688.1875 694.8781960227273 22
230 0.1 688.46484375 0.0 732.71875 688.1875 694.5962975543479 23
240 0.1 688.4765625 0.0 732.71875 688.1875 694.3408203125 24
250 0.1 699.8671875 0.0 732.71875 688.1875 694.10625 25
260 0.1 699.9453125 0.0 732.71875 688.1875 694.3278245192307 26
270 0.1 700.0078125 0.0 732.71875 688.1875 694.5358796296297 27
280 0.1 700.015625 0.0 732.71875 688.1875 694.7313058035714 28
290 0.1 700.1484375 0.0 732.71875 688.1875 694.9135237068965 29
300 0.1 700.16015625 0.0 732.71875 688.1875 695.0880208333333 30
310 0.1 700.16796875 0.0 732.71875 688.1875 695.2516381048387 31
314 0.1 706.3515625 0.0 732.71875 688.1875 695.4052734375 32
