10 0.1 413 0 413 413 0 0
20 0.1 925.0 0.0 925 413 413.0 1
30 0.1 1144.0 0.0 1144 413 669.0 2
40 0.1 31.0 0.0 1144 31 827.3333333333334 3
50 0.1 0.0 0.0 1144 0 628.25 4
60 0.1 139.0 0.0 1144 0 502.6 5
70 0.1 10.0 0.0 1144 0 442.0 6
80 0.1 35.0 0.0 1144 0 380.2857142857143 7
90 0.1 74.0 0.0 1144 0 337.125 8
100 0.1 43.0 0.0 1144 0 307.8888888888889 9
110 0.1 2.0 0.0 1144 0 281.4 10
120 0.1 15.0 0.0 1144 0 256.0 11
130 0.1 9.0 0.0 1144 0 235.91666666666666 12
140 0.1 30.0 0.0 1144 0 218.46153846153845 13
150 0.1 111.0 0.0 1144 0 205.0 14
160 0.1 138.0 0.0 1144 0 198.73333333333332 15
170 0.1 11.0 0.0 1144 0 194.9375 16
180 0.1 234.0 0.0 1144 0 184.11764705882354 17
190 0.1 131.0 0.0 1144 0 186.88888888888889 18
200 0.1 1.0 0.0 1144 0 183.94736842105263 19
210 0.1 0.0 0.0 1144 0 174.8 20
220 0.1 2.0 0.0 1144 0 166.47619047619048 21
230 0.1 1.0 0.0 1144 0 159.0 22
240 0.1 23.0 0.0 1144 0 152.1304347826087 23
250 0.1 32.0 0.0 1144 0 146.75 24
260 0.1 15.0 0.0 1144 0 142.16 25
270 0.1 0.0 0.0 1144 0 137.26923076923077 26
280 0.1 3.0 0.0 1144 0 132.1851851851852 27
290 0.1 0.0 0.0 1144 0 127.57142857142857 28
300 0.1 2.0 0.0 1144 0 123.17241379310344 29
310 0.1 10.0 0.0 1144 0 119.13333333333334 30
314 0.1 28.0 0.0 1144 0 115.61290322580645 31
