0 4.4 72.54709090909091 68.63474264401314 335.042 5.654 0 0
10 10.9 165.56831192660536 138.63467396211382 772.399 5.654 72.54709090909091 44
20 16.6 395.9039156626507 1110.6676578636304 14310.245 5.654 138.81711111111102 153
30 1.4 288.34528571428575 167.4530970534003 14310.245 5.654 272.5989592476489 319
40 0 0 0 14310.245 5.654 273.260966966967 333
50 0.9 26285.74033333333 7496.8289741861745 47474.239 5.654 273.260966966967 333
60 0.3 60004.72933333333 5.624294286595539 60010.336 5.654 957.7998976608186 342
70 1.9 60001.084894736836 2.567607014009851 60010.336 5.654 1471.2514579710141 345
80 3.1 60001.129096774195 1.5367999923334537 60010.336 5.654 4526.380126373626 364
90 2.7 60000.560703703704 1.7149470527373178 60010.336 5.654 8880.094602531644 395
100 0 0 0 60010.336 5.654 12150.835324644548 422
110 0.8 60005.66 4.766126912912502 60016.149 5.654 12150.835324644548 422
120 0.2 60004.5175 2.5904999999984284 60016.149 5.654 13041.157644186045 430
130 1.5 60003.50373333333 1.990614661076372 60016.149 5.654 13258.58060648148 432
140 4.7 38300.01844680851 28830.843132600305 60016.149 0.39 14827.202187919462 447
150 10.1 19605.372079207915 28142.420989169626 60016.149 0.366 17060.44584008097 494
160 0.7 8572.600857142856 20997.21515251515 60016.149 0.366 17492.441722689073 595
170 5.6 33873.9373392857 14648.296926538811 60016.149 0.366 17388.722642857138 602
180 2.2 4532.940272727273 657.166004730172 60016.149 0.366 18791.719638297865 658
190 0.1 12361.853 0.0 60016.149 0.366 18330.40618823529 680
200 0 0 0 60016.149 0.366 18321.641792951537 681
210 0.1 60386.839 0.0 60386.839 0.366 18321.641792951537 681
220 0 0 0 60386.839 0.366 18383.32096774193 682
230 0.5 60446.848600000005 293.10313501195935 60793.727 0.366 18383.32096774193 682
240 1.8 60373.12022222221 293.18205370318435 60898.672 0.366 18689.460179039295 687
250 0.1 60199.027 0.0 60898.672 0.366 19753.723839716306 705
260 0 0 0 60898.672 0.366 19811.011804532573 706
270 0.1 60670.271 0.0 60898.672 0.366 19811.011804532573 706
280 0 0 0 60898.672 0.366 19868.8042503536 707
290 0 0 0 60898.672 0.366 19868.8042503536 707
300 0.5 60490.5828 101.63077789213395 60898.672 0.366 19868.8042503536 707
310 0.8 7688.687000000001 10508.975561221072 60898.672 0.366 20154.0695491573 712
314 0 0 0 60898.672 0.366 20015.565298611105 720
