20 0.1 25435.752 0 25435.752 25435.752 0 0
30 0 0 0 25435.752 25435.752 25435.752 1
40 0 0 0 25435.752 25435.752 25435.752 1
50 0 0 0 25435.752 25435.752 25435.752 1
60 0 0 0 25435.752 25435.752 25435.752 1
70 0 0 0 25435.752 25435.752 25435.752 1
80 0 0 0 25435.752 25435.752 25435.752 1
90 0 0 0 25435.752 25435.752 25435.752 1
100 0 0 0 25435.752 25435.752 25435.752 1
110 0 0 0 25435.752 25435.752 25435.752 1
120 0 0 0 25435.752 25435.752 25435.752 1
130 0 0 0 25435.752 25435.752 25435.752 1
140 0.4 130368.25875000001 4942.350488657067 136992.624 25435.752 25435.752 1
150 3 132113.90850000005 4229.877110680757 143239.747 25435.752 109381.7574 5
160 0.3 146447.13933333333 2472.282823442105 149925.158 25435.752 128866.45834285718 35
170 0.9 160720.939 8891.46587941457 177116.356 25435.752 130254.40684210528 38
180 1.7 170216.95841176473 7297.213780240364 179805.084 25435.752 136088.42363829789 47
190 0.1 173017.084 0.0 179805.084 25435.752 145153.8156875 64
200 0 0 0 179805.084 25435.752 145582.48135384617 65
210 0 0 0 179805.084 25435.752 145582.48135384617 65
220 0 0 0 179805.084 25435.752 145582.48135384617 65
230 0.4 227646.69725 3102.532671569181 231770.019 25435.752 145582.48135384617 65
240 1.4 228867.22457142855 6760.406894432166 237657.144 25435.752 150339.82720289857 69
250 0.1 232145.306 0.0 237657.144 25435.752 163585.41230120484 83
260 0 0 0 237657.144 25435.752 164401.60151190477 84
270 0 0 0 237657.144 25435.752 164401.60151190477 84
280 0 0 0 237657.144 25435.752 164401.60151190477 84
290 0 0 0 237657.144 25435.752 164401.60151190477 84
300 0.2 280857.784 148.09700000000885 281005.881 25435.752 164401.60151190477 84
310 0.4 286976.24950000003 1900.3243615479787 290082.586 25435.752 167109.8848255814 86
314 0 0 0 290082.586 25435.752 172437.27881111111 90
