0 14.95390625 14.95390625
10 38.6234375 53.57734375
20 66.36640625 119.94375
30 17.93203125 137.87578125
40 0 137.87578125
50 3.28984375 141.165625
60 0.66953125 141.83515625
70 5.09296875 146.928125
80 9.80078125 156.72890625
90 12.34765625 169.0765625
100 0.34140625 169.41796875
110 2.26484375 171.6828125
120 1.4109375 173.09375
130 7.1671875 180.2609375
140 16.296875 196.5578125
150 29.74453125 226.30234375
160 3.02265625 229.325
170 12.1296875 241.4546875
180 7.0390625 248.49375
190 0.4 248.89375
200 0 248.89375
210 0.26640625 249.16015625
220 0 249.16015625
230 0.26953125 249.4296875
240 1.3953125 250.825
250 0 250.825
260 0 250.825
270 0.4046875 251.2296875
280 0 251.2296875
290 0 251.2296875
300 1.215625 252.4453125
310 1.4921875 253.9375
314 0 253.9375
