20 0.1 19.558 0 19.558 19.558 0 0
30 0 0 0 19.558 19.558 19.558 1
40 0 0 0 19.558 19.558 19.558 1
50 0 0 0 19.558 19.558 19.558 1
60 0 0 0 19.558 19.558 19.558 1
70 0 0 0 19.558 19.558 19.558 1
80 0 0 0 19.558 19.558 19.558 1
90 0 0 0 19.558 19.558 19.558 1
100 0 0 0 19.558 19.558 19.558 1
110 0.1 60016.422 0.0 60016.422 19.558 19.558 1
120 0.1 60007.356 0.0 60016.422 19.558 30017.989999999998 2
130 1.5 60003.77366666666 1.9699967738275628 60016.422 19.558 40014.44533333333 3
140 3 60003.36103333334 1.17404538479451 60016.422 19.558 56672.21894444444 18
150 3 46002.90963333334 25378.35054580511 60016.422 0.642 58754.18275 48
160 0.1 60005.314 0.0 60016.422 0.642 53849.84693589743 78
170 0.5 46826.269400000005 15767.361149429398 60016.422 0.642 53927.76424050633 79
180 0.2 3279.549 119.12300000000005 60016.422 0.642 53505.056214285716 84
190 0 0 0 60016.422 0.642 52337.021162790705 86
200 0 0 0 60016.422 0.642 52337.021162790705 86
210 0 0 0 60016.422 0.642 52337.021162790705 86
220 0 0 0 60016.422 0.642 52337.021162790705 86
230 0 0 0 60016.422 0.642 52337.021162790705 86
240 0 0 0 60016.422 0.642 52337.021162790705 86
250 0 0 0 60016.422 0.642 52337.021162790705 86
260 0 0 0 60016.422 0.642 52337.021162790705 86
270 0.1 60670.512 0.0 60670.512 0.642 52337.021162790705 86
280 0 0 0 60670.512 0.642 52432.80841379311 87
290 0 0 0 60670.512 0.642 52432.80841379311 87
300 0.3 60543.54066666667 93.45992271319018 60670.512 0.642 52432.80841379311 87
310 0 0 0 60670.512 0.642 52703.16615555556 90
314 0 0 0 60670.512 0.642 52703.16615555556 90
