0 3.1 31
10 7.8 109
20 4.8 157
30 0.8 165
40 0.3 168
50 6.3 231
60 15.6 387
70 8.6 473
80 1.7 490
90 0.2 492
100 11.9 611
110 25.9 870
120 18.7 1057
130 4.1 1098
140 0.4 1102
150 11.1 1213
160 54.2 1755
170 46.5 2220
180 13.9 2359
190 2.2 2381
200 18.8 2569
210 99.4 3563
220 98.1 4544
230 31.5 4859
240 4.2 4901
250 0.4 4905
260 28.1 5186
270 179.6 6982
280 206.6 9048
290 73.8 9786
300 11 9896
310 0.5 9901
320 165.7 11558
330 224.9 13807
340 256.2 16369
350 181 18179
360 22.9 18408
370 1.5 18423
380 0.2 18425
387 0.2 18427
