0 0.1 375576.6484375 0 375576.6484375 375576.6484375 0 0
10 0.1 375572.48046875 0.0 375576.6484375 375572.48046875 375576.6484375 1
20 0.1 375558.78125 0.0 375576.6484375 375558.78125 375574.564453125 2
30 0.1 375556.66015625 0.0 375576.6484375 375556.66015625 375569.3033854167 3
40 0.1 375557.15234375 0.0 375576.6484375 375556.66015625 375566.142578125 4
50 0.1 375554.30859375 0.0 375576.6484375 375554.30859375 375564.34453125 5
60 0.1 375549.08984375 0.0 375576.6484375 375549.08984375 375562.671875 6
70 0.1 375539.484375 0.0 375576.6484375 375539.484375 375560.7315848214 7
80 0.1 375538.0234375 0.0 375576.6484375 375538.0234375 375558.07568359375 8
90 0.1 375538.39453125 0.0 375576.6484375 375538.0234375 375555.84765625 9
100 0.1 375539.87109375 0.0 375576.6484375 375538.0234375 375554.10234375 10
110 0.1 375535.72265625 0.0 375576.6484375 375535.72265625 375552.80859375 11
120 0.1 375512.91796875 0.0 375576.6484375 375512.91796875 375551.384765625 12
130 0.1 375511.21484375 0.0 375576.6484375 375511.21484375 375548.42578125 13
140 0.1 375520.07421875 0.0 375576.6484375 375511.21484375 375545.76785714284 14
150 0.1 375524.24609375 0.0 375576.6484375 375511.21484375 375544.05494791665 15
160 0.1 375523.453125 0.0 375576.6484375 375511.21484375 375542.81689453125 16
170 0.1 375453.71484375 0.0 375576.6484375 375453.71484375 375541.6778492647 17
180 0.1 375443.6328125 0.0 375576.6484375 375443.6328125 375536.791015625 18
190 0.1 375471.46875 0.0 375576.6484375 375443.6328125 375531.88795230264 19
200 0.1 375477.87890625 0.0 375576.6484375 375443.6328125 375528.8669921875 20
210 0.1 375480.8125 0.0 375576.6484375 375443.6328125 375526.43898809527 21
220 0.1 375340.46484375 0.0 375576.6484375 375340.46484375 375524.36505681823 22
230 0.1 375309.8359375 0.0 375576.6484375 375309.8359375 375516.36939538043 23
240 0.1 375401.75390625 0.0 375576.6484375 375309.8359375 375507.76383463544 24
250 0.1 375435.71484375 0.0 375576.6484375 375309.8359375 375503.5234375 25
260 0.1 375445.06640625 0.0 375576.6484375 375309.8359375 375500.91541466344 26
270 0.1 375423.95703125 0.0 375576.6484375 375309.8359375 375498.8469328704 27
280 0.1 375164.6171875 0.0 375576.6484375 375164.6171875 375496.17229352676 28
290 0.1 375088.9609375 0.0 375576.6484375 375088.9609375 375484.7393588362 29
300 0.1 375240.41796875 0.0 375576.6484375 375088.9609375 375471.5467447917 30
310 0.1 375341.61328125 0.0 375576.6484375 375088.9609375 375464.0909778226 31
320 0.1 375360.828125 0.0 375576.6484375 375088.9609375 375460.2635498047 32
330 0.1 375131.078125 0.0 375576.6484375 375088.9609375 375457.25035511365 33
340 0.1 374833.83203125 0.0 375576.6484375 374833.83203125 375447.65705422795 34
350 0.1 374579.625 0.0 375576.6484375 374579.625 375430.11919642857 35
360 0.1 374938.75390625 0.0 375576.6484375 374579.625 375406.4943576389 36
370 0.1 375197.05078125 0.0 375576.6484375 374579.625 375393.8527238176 37
380 0.1 375259.69140625 0.0 375576.6484375 374579.625 375388.67372532893 38
387 0.1 375271.5625 0.0 375576.6484375 374579.625 375385.3664863782 39
