10 0.1 377 0 377 377 0 0
20 0.1 1232.0 0.0 1232 377 377.0 1
30 0.1 643.0 0.0 1232 377 804.5 2
40 0.1 42.0 0.0 1232 42 750.6666666666666 3
50 0.1 91.0 0.0 1232 42 573.5 4
60 0.1 814.0 0.0 1232 42 477.0 5
70 0.1 2090.0 0.0 2090 42 533.1666666666666 6
80 0.1 1065.0 0.0 2090 42 755.5714285714286 7
90 0.1 186.0 0.0 2090 42 794.25 8
100 0.1 24.0 0.0 2090 24 726.6666666666666 9
110 0.1 1364.0 0.0 2090 24 656.4 10
120 0.1 3728.0 0.0 3728 24 720.7272727272727 11
130 0.1 2272.0 0.0 3728 24 971.3333333333334 12
140 0.1 647.0 0.0 3728 24 1071.3846153846155 13
150 0.1 5.0 0.0 3728 5 1041.0714285714287 14
160 0.1 1114.0 0.0 3728 5 972.0000000000001 15
170 0.1 6335.0 0.0 6335 5 980.8750000000001 16
180 0.1 7247.0 0.0 7247 5 1295.8235294117646 17
190 0.1 2020.0 0.0 7247 5 1626.4444444444443 18
200 0.1 183.0 0.0 7247 5 1647.157894736842 19
210 0.1 1989.0 0.0 7247 5 1573.95 20
220 0.1 13159.0 0.0 13159 5 1593.7142857142858 21
230 0.1 16440.0 0.0 16440 5 2119.409090909091 22
240 0.1 4317.0 0.0 16440 5 2742.0434782608695 23
250 0.1 414.0 0.0 16440 5 2807.6666666666665 24
260 0.1 10.0 0.0 16440 5 2711.92 25
270 0.1 3398.0 0.0 16440 5 2608.0 26
280 0.1 24014.0 0.0 24014 5 2637.259259259259 27
290 0.1 36559.0 0.0 36559 5 3400.714285714286 28
300 0.1 11215.0 0.0 36559 5 4544.103448275862 29
310 0.1 1046.0 0.0 36559 5 4766.466666666666 30
320 0.1 114.0 0.0 36559 5 4646.451612903225 31
330 0.1 16762.0 0.0 36559 5 4504.8125 32
340 0.1 30372.0 0.0 36559 5 4876.242424242424 33
350 0.1 54338.0 0.0 54338 5 5626.117647058823 34
360 0.1 35870.0 0.0 54338 5 7017.885714285714 35
370 0.1 2816.0 0.0 54338 5 7819.333333333333 36
380 0.1 83.0 0.0 54338 5 7684.108108108108 37
387 0.1 78.0 0.0 54338 5 7484.078947368421 38
