0 4.9 36.80540816326531 49.992342753224236 139.842 4.165 0 0
10 13.2 31.86693181818183 40.346882015799764 139.842 3.962 36.80540816326531 49
20 7.7 31.252922077922076 32.19280620164674 139.842 3.962 33.20386740331492 181
30 1 18.740199999999998 6.042871300962813 139.842 3.962 32.62160852713179 258
40 0.4 14.090499999999999 2.623280246180343 139.842 3.962 32.103645522388064 268
50 9.2 32.000945652173925 45.7681612445111 141.033 3.962 31.838746323529417 272
60 27 36.52312962962968 44.85008840812391 141.033 3.825 31.879741758241764 364
70 14 23.877664285714268 26.676058323525844 141.033 3.825 33.85720977917983 634
80 2.1 26.042476190476194 26.454932030259 141.033 3.825 32.052124031007764 774
90 0.2 12.3325 0.3975000000000004 141.033 3.825 31.893378616352212 795
100 18.3 32.96237704918033 46.893365635422214 141.033 3.825 31.84429234629863 797
110 44.5 35.315799999999946 44.75434210832245 145.799 3.55 32.05307755102042 980
120 29.2 25.149267123287636 29.901018980733397 260.557 3.55 33.071962807017535 1425
130 5.7 22.82442105263158 17.111918659480576 260.557 3.55 31.724596971461835 1717
140 0.4 13.923499999999999 2.2680649792278875 260.557 3.55 31.43862739571588 1774
150 14.7 32.07182993197281 48.539086641924996 260.557 3.55 31.39922328458941 1778
160 91 36.75843516483516 49.805404867317776 333.166 3.515 31.450585974025962 1925
170 79.2 31.006661616161654 37.053961663140385 333.166 3.515 33.15434003527336 2835
180 20.6 31.946155339805824 32.51227048877229 333.166 3.515 32.685368072787426 3627
190 3.3 28.476363636363633 22.907469322840086 333.166 3.515 32.645639968692926 3833
200 25.7 31.333793774319073 46.77595727204548 333.166 3.515 32.61005121572685 3866
210 165.9 37.71391380349604 49.351248820326525 353.356 3.515 32.53049793839437 4123
220 166.3 38.46729945880943 45.3678054252501 353.356 3.4 34.017749221722575 5782
230 47.2 26.400519067796612 25.9134552702261 353.356 3.4 35.0116514439221 7445
240 6 24.97544999999999 21.414487036758548 353.356 3.4 34.4982682834407 7917
250 0.7 19.051142857142857 6.385966073655382 353.356 3.4 34.4266412185032 7977
260 36.4 31.32674175824173 47.15028075947213 353.356 3.4 34.413160696392794 7984
270 301.1 86.80828827632024 132.35689078438463 1576.474 3.319 34.27858277431721 8348
280 350.6 140.4938143183121 221.30063419670225 2155.087 3.319 48.20295492560968 11359
290 110.9 31.122486023444562 31.43384194896813 2155.087 3.319 69.97031133535167 14865
300 15 24.106246666666674 19.64124926642454 2155.087 3.319 67.27328878177053 15974
310 0.7 21.165 6.691737293110063 2155.087 3.319 66.87170999751937 16124
320 251.3 177.95066056506192 285.9025714396247 2155.087 3.319 66.85187570516412 16131
330 524 1040.0777704198445 1127.5494326721464 8340.477 0.211 81.82673337266696 18644
340 500.3 1280.1588582850297 1252.1934388978223 9568.321 0.211 292.0610087924966 23884
350 284.3 680.8877077031334 913.7142723111235 9568.321 0.211 463.19174376016866 28887
360 34.9 26.472461318051575 26.406700783106235 9568.321 0.211 482.6972472423574 31730
370 2.4 19.288625 17.216022618993865 9568.321 0.211 477.7337991832663 32079
380 0.3 29.529666666666667 11.7299561332892 9568.321 0.211 477.39106846712144 32103
387 0.3 22.350333333333335 5.024971398481343 9568.321 0.211 477.3492200834734 32106
