0 17.85859375 17.85859375
10 56.89765625 74.75625
20 35.7328125 110.4890625
30 4.1625 114.6515625
40 1.79140625 116.44296875
50 31.56484375 148.0078125
60 118.16484375 266.17265625
70 63.81328125 329.9859375
80 9.25859375 339.24453125
90 0.884375 340.12890625
100 66.934375 407.06328125
110 189.103125 596.16640625
120 135.525 731.69140625
130 25.03515625 756.7265625
140 1.7578125 758.484375
150 40.09765625 798.58203125
160 372.153125 1170.73515625
170 370.40859375 1541.14375
180 90.65546875 1631.79921875
190 14.68125 1646.48046875
200 72.74296875 1719.2234375
210 680.25078125 2399.47421875
220 763.275 3162.74921875
230 211.75390625 3374.503125
240 26.56484375 3401.06796875
250 3.1828125 3404.25078125
260 95.1109375 3499.36171875
270 1256.6375 4755.99921875
280 1556.615625 6312.61484375
290 497.06015625 6809.675
300 66.5046875 6876.1796875
310 2.9953125 6879.175
320 968.40703125 7847.58203125
330 2249.93125 10097.51328125
340 2104.12734375 12201.640625
350 1061.4625 13263.103125
360 152.378125 13415.48125
370 10.26875 13425.75
380 1.24140625 13426.99140625
387 1.234375 13428.22578125
