0 71.12265625 71.12265625
10 907.34921875 978.471875
20 786.61328125 1765.08515625
30 42.21015625 1807.2953125
40 27.63515625 1834.93046875
50 245.75234375 2080.6828125
60 1720.2703125 3800.953125
70 1138.5578125 4939.5109375
80 154.96796875 5094.47890625
90 5.13984375 5099.61875
100 463.64296875 5563.26171875
110 2658.80078125 8222.0625
120 2479.834375 10701.896875
130 549.15546875 11251.05234375
140 10.28125 11261.33359375
150 336.65390625 11597.9875
160 3693.82109375 15291.80859375
170 6819.82265625 22111.63125
180 2191.85078125 24303.48203125
190 259.71640625 24563.1984375
200 496.046875 25059.2453125
210 8347.50078125 33406.74609375
220 15654.48828125 49061.234375
230 4565.778125 53627.0125
240 458.1765625 54085.1890625
250 10.2625 54095.4515625
260 623.5453125 54718.996875
270 12158.64765625 66877.64453125
280 34026.1359375 100903.78046875
290 13727.140625 114630.92109375
300 1173.64296875 115804.5640625
310 10.659375 115815.2234375
320 6002.434375 121817.6578125
330 15047.815625 136865.4734375
340 43788.5296875 180654.003125
350 40841.53203125 221495.53515625
360 3321.06015625 224816.5953125
370 39.1296875 224855.725
380 4.93828125 224860.66328125
387 3.59609375 224864.259375
