10 0.3 8.066666666666668 2.4210540863204377 11.36 5.609 0 0
20 0.3 9.674999999999999 3.685846533249406 14.887 5.609 8.066666666666668 3
30 0 0 0 14.887 5.609 8.870833333333334 6
40 0 0 0 14.887 5.609 8.870833333333334 6
50 0 0 0 14.887 5.609 8.870833333333334 6
60 0.4 7.027500000000001 0.7385968115284547 14.887 5.609 8.870833333333334 6
70 0.7 6.852571428571429 0.33244843086360565 14.887 5.609 8.133500000000002 10
80 0 0 0 14.887 5.609 7.606058823529412 17
90 0 0 0 14.887 5.609 7.606058823529412 17
100 0.1 5.951 0.0 14.887 5.609 7.606058823529412 17
110 0.7 6.640285714285715 0.4382353295680675 14.887 5.609 7.51411111111111 18
120 1.1 6.79909090909091 0.5678480037579607 14.887 5.609 7.2694399999999995 25
130 0 0 0 14.887 5.609 7.1257222222222225 36
140 0 0 0 14.887 5.609 7.1257222222222225 36
150 0.1 6.139 0.0 14.887 5.609 7.1257222222222225 36
160 1.8 7.368722222222222 3.2259995833428734 16.653 5.494 7.099054054054054 37
170 3.3 7.47421212121212 3.464705599960628 24.245 5.494 7.187309090909091 55
180 0.6 6.741 0.6908410333306305 24.245 5.494 7.294897727272727 88
190 0 0 0 24.245 5.494 7.25954255319149 94
200 0 0 0 24.245 5.494 7.25954255319149 94
210 2 14.579000000000002 26.21049409301549 127.447 5.494 7.25954255319149 94
220 5.1 7.964607843137253 4.782251922897428 127.447 5.494 8.543657894736842 114
230 1.7 6.680529411764706 0.4645371026335606 127.447 5.494 8.364678787878788 165
240 0.1 6.923 0.0 127.447 5.494 8.207368131868131 182
250 0 0 0 127.447 5.494 8.200349726775956 183
260 0 0 0 127.447 5.494 8.200349726775956 183
270 4.7 67.14204255319147 127.61147215569167 681.162 5.494 8.200349726775956 183
280 9.4 38.687127659574415 66.26610667382766 681.162 5.494 20.244956521739127 230
290 3.8 7.562105263157896 3.479883647400582 681.162 5.494 25.595462962962948 324
300 0.2 6.302 0.4830000000000003 681.162 5.494 23.7024585635359 362
310 0 0 0 681.162 5.494 23.606851648351633 364
320 0.7 38.877 52.526290938103415 681.162 5.494 23.606851648351633 364
330 10.1 495.04761386138586 434.3197015633741 1968.267 0.328 23.894967654986505 371
340 20.8 445.29072596153856 287.29757169238854 1968.267 0.328 124.71364830508467 472
350 5.1 204.27035294117647 256.8967176568355 1968.267 0.328 222.77251911764705 680
360 0.4 5.766 1.428670185872163 1968.267 0.328 221.48167031463748 731
370 0 0 0 1968.267 0.328 220.3077074829932 735
380 0 0 0 1968.267 0.328 220.3077074829932 735
387 0 0 0 1968.267 0.328 220.3077074829932 735
