10 0.6 69.35016666666668 7.039430171461956 83.319 63.094 0 0
20 0.3 83.88799999999999 29.123842683730228 125.07 62.723 69.35016666666668 6
30 0 0 0 125.07 62.723 74.19611111111112 9
40 0 0 0 125.07 62.723 74.19611111111112 9
50 0.3 69.95566666666667 4.691912213823082 125.07 62.723 74.19611111111112 9
60 0.9 66.757 6.016428323995709 125.07 62.723 73.13600000000001 12
70 0.5 69.5908 4.290186401544807 125.07 62.723 70.40214285714286 21
80 0 0 0 125.07 62.723 70.2461153846154 26
90 0 0 0 125.07 62.723 70.2461153846154 26
100 0.2 63.9935 0.46449999999999925 125.07 62.723 70.2461153846154 26
110 1.9 65.10152631578946 3.0681879680362205 125.07 62.723 69.79950000000001 28
120 0.9 66.3578888888889 6.844539079432341 125.07 62.312 67.90031914893616 47
130 0 0 0 125.07 62.312 67.65242857142856 56
140 0 0 0 125.07 62.312 67.65242857142856 56
150 0.2 68.8095 5.865499999999997 125.07 62.312 67.65242857142856 56
160 2 77.9572 27.81497729749208 193.672 62.312 67.69232758620689 58
170 4.3 70.5020697674419 12.396750818484561 193.672 62.312 70.32434615384614 78
180 0.3 69.16633333333334 6.6762969942592845 193.672 62.312 70.38750413223141 121
190 0 0 0 193.672 62.312 70.35795967741936 124
200 0.2 66.615 3.7450000000000028 193.672 62.312 70.35795967741936 124
210 6.4 84.99603125 42.23805403083247 358.986 62.312 70.29854761904762 126
220 7 84.90964285714286 38.05541272559405 358.986 62.042 75.24927894736842 190
230 0.9 68.60988888888889 6.367739847499431 358.986 61.648 77.85014615384615 260
240 0.1 64.69 0.0 358.986 61.648 77.54099256505577 269
250 0 0 0 358.986 61.648 77.4933962962963 270
260 0.1 74.171 0.0 358.986 61.648 77.4933962962963 270
270 8.7 245.1312643678161 243.14777532775855 1295.168 61.648 77.48113653136531 271
280 17.1 335.24415789473676 345.4549792452183 1964.586 61.648 118.22292737430169 358
290 2.6 73.35123076923075 11.053525926521546 1964.586 59.115 188.37534782608694 529
300 0 0 0 1964.586 59.115 182.9868306306306 555
310 0 0 0 1964.586 59.115 182.9868306306306 555
320 2.6 393.07884615384614 258.1629793131124 1964.586 59.115 182.9868306306306 555
330 14.7 2877.017857142858 2469.8454545828754 8328.876 0.373 192.3885387263339 581
340 31 3304.7580483870966 1648.4885114850792 9573.934 0.373 734.4771510989013 728
350 7.4 2093.2372027027036 1220.6773339477377 9573.934 0.373 1502.094760115607 1038
360 0.1 64.584 0.0 9573.934 0.373 1541.4333758992807 1112
370 0 0 0 9573.934 0.373 1540.1064672057503 1113
380 0 0 0 9573.934 0.373 1540.1064672057503 1113
387 0 0 0 9573.934 0.373 1540.1064672057503 1113
