0 0.3 12.791333333333334 0.7343188831987253 13.781 12.024 0 0
10 0.2 12.5655 0.20250000000000057 13.781 12.024 12.791333333333334 3
20 0 0 0 13.781 12.024 12.701 5
30 0 0 0 13.781 12.024 12.701 5
40 0 0 0 13.781 12.024 12.701 5
50 0.2 11.650500000000001 0.5524999999999989 13.781 11.098 12.701 5
60 0.2 10.23 1.108 13.781 9.122 12.400857142857145 7
70 0 0 0 13.781 9.122 11.918444444444447 9
80 0 0 0 13.781 9.122 11.918444444444447 9
90 0 0 0 13.781 9.122 11.918444444444447 9
100 0.5 11.706199999999999 0.5052280277260952 13.781 9.122 11.918444444444447 9
110 0.3 11.715333333333334 1.7177134672452086 13.896 9.122 11.84264285714286 14
120 0 0 0 13.896 9.122 11.820176470588237 17
130 0 0 0 13.896 9.122 11.820176470588237 17
140 0 0 0 13.896 9.122 11.820176470588237 17
150 0.5 12.280800000000001 0.5456249261168328 13.896 9.122 11.820176470588237 17
160 1.7 11.372764705882355 0.7017010029762363 13.896 9.122 11.924863636363638 22
170 0 0 0 13.896 9.122 11.68420512820513 39
180 0 0 0 13.896 9.122 11.68420512820513 39
190 0 0 0 13.896 9.122 11.68420512820513 39
200 1.8 11.384777777777778 0.7405602650512917 13.896 9.122 11.68420512820513 39
210 3.2 13.29465625 4.721672450052622 31.278 9.122 11.58964912280702 57
220 0.2 13.059000000000001 0.9789999999999996 31.278 9.122 12.20268539325843 89
230 0 0 0 31.278 9.122 12.221505494505497 91
240 0 0 0 31.278 9.122 12.221505494505497 91
250 0 0 0 31.278 9.122 12.221505494505497 91
260 2.5 16.98516 24.963297156713896 138.312 9.122 12.221505494505497 91
270 5.7 56.31357894736842 108.79011511354882 701.96 9.122 13.248155172413794 116
280 0.9 189.37800000000001 229.20316218731946 754.599 9.122 27.437341040462428 173
290 0 0 0 754.599 9.122 35.44539560439561 182
300 0 0 0 754.599 9.122 35.44539560439561 182
310 0 0 0 754.599 9.122 35.44539560439561 182
320 8.6 208.06863953488372 366.03057653380876 1814.768 9.122 35.44539560439561 182
330 9.2 1188.0093478260872 867.2559844571044 3421.65 0.768 90.83942164179105 268
340 0 0 0 3421.65 0.768 371.2272916666667 360
350 0 0 0 3421.65 0.768 371.2272916666667 360
360 0 0 0 3421.65 0.768 371.2272916666667 360
370 0 0 0 3421.65 0.768 371.2272916666667 360
380 0 0 0 3421.65 0.768 371.2272916666667 360
387 0 0 0 3421.65 0.768 371.2272916666667 360
