0 0.8 16.178125 9.437529250782484 41.025 10.97 0 0
10 0.8 12.106375 0.5669697825942756 41.025 10.953 16.178125 8
20 0 0 0 41.025 10.953 14.14225 16
30 0 0 0 41.025 10.953 14.14225 16
40 0 0 0 41.025 10.953 14.14225 16
50 2.2 11.975681818181819 0.8845736202653918 41.025 10.147 14.14225 16
60 1.7 14.295882352941177 5.503758190677829 41.025 10.073 12.88792105263158 38
70 0 0 0 41.025 10.073 13.323109090909092 55
80 0 0 0 41.025 10.073 13.323109090909092 55
90 0 0 0 41.025 10.073 13.323109090909092 55
100 3.6 11.747611111111112 1.7546546237836755 41.025 9.794 13.323109090909092 55
110 3.7 11.964432432432433 1.6090300845547263 41.025 8.765 12.699835164835166 91
120 0 0 0 41.025 8.765 12.487257812500001 128
130 0 0 0 41.025 8.765 12.487257812500001 128
140 0 0 0 41.025 8.765 12.487257812500001 128
150 4.3 11.636418604651162 0.7958181173691242 41.025 8.765 12.487257812500001 128
160 10.7 13.808728971962612 11.965832363086868 132.343 8.765 12.273304093567253 171
170 0 0 0 132.343 8.765 12.864276978417264 278
180 0 0 0 132.343 8.765 12.864276978417264 278
190 0 0 0 132.343 8.765 12.864276978417264 278
200 6.6 12.20106060606061 2.8000372555897437 132.343 8.765 12.864276978417264 278
210 17.9 14.481642458100556 18.67255202552417 256.201 8.765 12.737031976744186 344
220 2.2 17.665272727272733 25.60230471547047 256.201 8.765 13.334135755258124 523
230 0 0 0 256.201 8.765 13.508970642201833 545
240 0 0 0 256.201 8.765 13.508970642201833 545
250 0 0 0 256.201 8.765 13.508970642201833 545
260 11.2 15.618839285714285 19.535083177705825 256.201 8.765 13.508970642201833 545
270 37.4 58.853719251336884 109.04590752146794 741.905 8.765 13.868643835616437 657
280 6.3 254.63599999999997 251.5119797406862 1321.958 8.765 30.187187196896208 1031
290 0 0 0 1321.958 8.765 43.11248446069469 1094
300 0 0 0 1321.958 8.765 43.11248446069469 1094
310 0 0 0 1321.958 8.765 43.11248446069469 1094
320 53.9 162.89662337662332 299.2768634772061 1762.49 8.765 43.11248446069469 1094
330 54.4 1342.2403400735282 815.4907612929045 4091.139 0.716 82.64931904470298 1633
340 0 0 0 4091.139 0.716 397.40242673403736 2177
350 0 0 0 4091.139 0.716 397.40242673403736 2177
360 0 0 0 4091.139 0.716 397.40242673403736 2177
370 0 0 0 4091.139 0.716 397.40242673403736 2177
380 0 0 0 4091.139 0.716 397.40242673403736 2177
387 0 0 0 4091.139 0.716 397.40242673403736 2177
