20 0.1 123.807 0 123.807 123.807 0 0
30 0 0 0 123.807 123.807 123.807 1
40 0 0 0 123.807 123.807 123.807 1
50 0 0 0 123.807 123.807 123.807 1
60 0.4 123.7205 0.4757974884338912 124.293 122.991 123.807 1
70 0.1 123.909 0.0 124.293 122.991 123.7378 5
80 0.1 124.809 0.0 124.809 122.991 123.76633333333332 6
90 0 0 0 124.809 122.991 123.9152857142857 7
100 0 0 0 124.809 122.991 123.9152857142857 7
110 0.6 126.06149999999998 2.7495515240368458 131.317 122.991 123.9152857142857 7
120 0.1 124.103 0.0 131.317 122.991 124.90584615384614 13
130 0 0 0 131.317 122.991 124.84849999999999 14
140 0 0 0 131.317 122.991 124.84849999999999 14
150 0 0 0 131.317 122.991 124.84849999999999 14
160 0.3 126.42733333333332 1.9602337162242236 131.317 122.991 124.84849999999999 14
170 1.4 125.33257142857143 1.4890400414018268 131.317 122.991 125.12711764705882 17
180 1 125.06800000000001 2.376857883845812 131.724 122.991 125.21990322580645 31
190 0.1 124.106 0.0 131.724 122.991 125.18285365853659 41
200 0 0 0 131.724 122.991 125.15721428571429 42
210 0.8 126.10025000000002 1.521151681292819 131.724 122.991 125.15721428571429 42
220 2 128.31815000000003 3.647579804130406 136.409 122.991 125.30810000000001 50
230 1.3 124.52461538461537 0.869633480572448 136.409 122.991 126.16811428571431 70
240 0.1 124.321 0.0 136.409 122.991 125.91069879518074 83
250 0 0 0 136.409 122.991 125.89177380952383 84
260 0.1 124.828 0.0 136.409 122.991 125.89177380952383 84
270 1.8 169.53955555555558 95.83491382245836 535.478 122.991 125.87925882352943 85
280 4.5 174.5982444444445 167.6382282692446 1249.917 122.991 133.509213592233 103
290 2.5 125.2058 1.2109953261676907 1249.917 122.991 146.00250000000003 148
300 0.1 123.733 0.0 1249.917 122.991 142.99719653179193 173
310 0 0 0 1249.917 122.991 142.8864827586207 174
320 0.2 421.2955 273.7535 1249.917 122.991 142.8864827586207 174
330 4 725.788675 648.6392837047564 2734.312 0.328 146.0502215909091 176
340 9.2 652.417195652174 358.9176430268369 2734.312 0.328 253.40919444444444 216
350 5 355.28898000000004 228.183796437038 2734.312 0.328 372.59340259740264 308
360 0.5 125.07740000000001 1.3217704187944286 2734.312 0.328 370.1765837988827 358
370 0 0 0 2734.312 0.328 366.800561983471 363
380 0 0 0 2734.312 0.328 366.800561983471 363
387 0 0 0 2734.312 0.328 366.800561983471 363
