10 0.6 10.3065 0.823368032332241 11.833 9.367 0 0
20 0.3 10.362 0.23283613694327338 11.833 9.367 10.3065 6
30 0 0 0 11.833 9.367 10.325 9
40 0 0 0 11.833 9.367 10.325 9
50 0.3 14.049999999999999 4.399445722664011 20.27 9.367 10.325 9
60 0.9 24.751777777777775 37.6983996794965 131.248 9.355 11.25625 12
70 0.5 10.267999999999999 0.302235007899482 131.248 9.355 17.040047619047616 21
80 0 0 0 131.248 9.355 15.737730769230767 26
90 0 0 0 131.248 9.355 15.737730769230767 26
100 0.2 10.381 0.37599999999999945 131.248 9.355 15.737730769230767 26
110 1.9 11.18821052631579 2.14628708971287 131.248 9.355 15.35510714285714 28
120 0.9 10.64188888888889 1.1078648578278294 131.248 9.32 13.670617021276597 47
130 0 0 0 131.248 9.32 13.183857142857144 56
140 0 0 0 131.248 9.32 13.183857142857144 56
150 0.2 14.915499999999998 4.5135 131.248 9.32 13.183857142857144 56
160 2 18.937049999999996 36.02438501414701 175.843 8.435 13.243568965517243 58
170 4.3 10.952023255813954 3.55505879641544 175.843 8.435 14.703435897435897 78
180 0.3 9.576333333333332 0.07825315045130997 175.843 8.435 13.370289256198346 121
190 0 0 0 175.843 8.435 13.2785 124
200 0.2 10.769 0.8040000000000003 175.843 8.435 13.2785 124
210 6.4 13.350484374999995 6.636044428423146 175.843 8.435 13.238666666666665 126
220 6.9 18.107695652173913 25.919247568757875 175.843 8.435 13.276331578947367 190
230 1 10.1531 0.8378228273328442 175.843 8.435 14.563451737451736 259
240 0.1 10.882 0.0 175.843 8.435 14.399498141263939 269
250 0 0 0 175.843 8.435 14.38647037037037 270
260 0.1 10.54 0.0 175.843 8.435 14.38647037037037 270
270 8.5 60.07399999999999 95.36280346870977 678.358 8.435 14.372276752767526 271
280 17.3 82.42989595375728 131.26080111751682 790.598 8.435 25.284205056179776 356
290 2.6 11.63446153846154 2.995029616275416 790.598 8.435 43.972682419659755 529
300 0 0 0 790.598 8.435 42.457738738738755 555
310 0 0 0 790.598 8.435 42.457738738738755 555
320 2.6 216.64165384615382 299.3140541155268 1017.767 8.435 42.457738738738755 555
330 12.5 682.2799279999999 882.5969809756494 3166.628 0.3 50.252543889845114 581
340 31.8 865.1912861635222 617.9071452020738 3166.628 0.3 162.15540934844194 706
350 8.8 393.09770454545475 376.69731274867337 3166.628 0.3 380.48100390625007 1024
360 0.1 10.392 0.0 3166.628 0.3 381.47944784172665 1112
370 0 0 0 3166.628 0.3 381.14603593890394 1113
380 0 0 0 3166.628 0.3 381.14603593890394 1113
387 0 0 0 3166.628 0.3 381.14603593890394 1113
