10 0.2 11.5505 0.6905000000000001 12.241 10.86 0 0
20 0.4 11.162500000000001 0.3426590871405574 12.241 10.671 11.5505 2
30 0.1 11.298 0.0 12.241 10.671 11.291833333333335 6
40 0.2 13.975999999999999 0.10700000000000065 14.083 10.671 11.292714285714286 7
50 0 0 0 14.083 10.671 11.889000000000001 9
60 0.4 11.28175 0.34018845879894205 14.083 10.671 11.889000000000001 9
70 1 12.212000000000002 2.8771426450560282 20.609 10.176 11.702153846153847 13
80 0.6 12.322000000000001 0.6105098961796883 20.609 10.176 11.923826086956524 23
90 0.2 12.448 0.36999999999999966 20.609 10.176 12.006206896551726 29
100 0 0 0 20.609 10.176 12.034709677419357 31
110 0.7 12.140857142857142 3.214052512175308 20.609 9.828 12.034709677419357 31
120 2.2 11.697545454545452 2.1373311464890192 20.609 9.81 12.054263157894738 38
130 1.3 12.099307692307692 0.6948142402127119 20.609 9.81 11.923466666666664 60
140 0.4 14.089 2.2655371327788907 20.609 9.81 11.954780821917806 73
150 0.1 12.64 0.0 20.609 9.81 12.065649350649348 77
160 0.9 11.760222222222222 1.280890729815934 20.609 9.81 12.073012820512819 78
170 3 12.011333333333333 3.14207112515862 26.779 9.598 12.040655172413791 87
180 1.9 12.434421052631578 2.743393314008449 26.779 9.598 12.03313675213675 117
190 0.5 11.776 0.7732996831759339 26.779 9.598 12.089198529411762 136
200 0.1 18.507 0.0 26.779 9.598 12.078092198581556 141
210 1.7 12.55935294117647 3.5112663199407383 26.779 9.598 12.123366197183095 142
220 5.7 15.832649122807021 17.523205416028304 136.639 9.392 12.169981132075469 159
230 5.1 11.548529411764703 2.359532741654345 136.639 9.392 13.136518518518518 216
240 1 11.908600000000002 0.9655533335864984 136.639 9.392 12.833194756554306 267
250 0.1 12.571 0.0 136.639 9.392 12.799815884476534 277
260 0 0 0 136.639 9.392 12.798992805755395 278
270 2.2 94.85027272727274 172.7006569943764 735.953 9.392 12.798992805755395 278
280 11.9 66.30751260504208 113.30063797790122 735.953 9.292 18.816086666666667 300
290 10.3 11.881349514563105 4.565501726400055 735.953 9.2 32.30410501193319 419
300 3.2 12.374374999999999 3.9687506279527063 735.953 9.2 28.27432758620691 522
310 0.2 14.521999999999998 2.3060000000000005 735.953 9.2 27.355918772563186 554
320 0 0 0 735.953 9.2 27.309753597122313 556
330 1.5 585.9985333333335 1025.4401560808815 3242.393 0.295 27.309753597122313 556
340 15.7 1570.3353439490454 1267.9946867261478 6020.61 0.295 41.98634150612961 571
350 28.8 500.5207673611108 750.508782667135 6020.61 0.295 371.58907967032985 728
360 5.8 24.18799999999999 27.52679542893082 6020.61 0.295 408.1366446850394 1016
370 0.5 28.1342 31.446440990356923 6020.61 0.295 387.401987895717 1074
380 0 0 0 6020.61 0.295 385.7371696014829 1079
387 0 0 0 6020.61 0.295 385.7371696014829 1079
