10 0.7 72.86171428571427 14.8498190630082 105.612 58.403 0 0
20 1.1 68.03645454545455 12.658929168870458 105.612 56.378 72.86171428571427 7
30 0 0 0 105.612 56.378 69.91294444444445 18
40 0 0 0 105.612 56.378 69.91294444444445 18
50 0 0 0 105.612 56.378 69.91294444444445 18
60 1.9 69.57557894736841 12.872922868996602 105.612 56.378 69.91294444444445 18
70 1.3 63.73584615384615 4.187873939145917 105.612 56.378 69.7397027027027 37
80 0.2 62.192499999999995 1.0434999999999963 105.612 56.378 68.17869999999999 50
90 0 0 0 105.612 56.378 67.94846153846153 52
100 0.1 62.287 0.0 105.612 56.378 67.94846153846153 52
110 2.3 66.96813043478257 9.679505634628908 105.612 56.099 67.84164150943396 53
120 2.8 66.15882142857141 8.740835482515273 105.612 56.099 67.57728947368419 76
130 0.8 62.9995 3.9688549671158304 105.612 56.099 67.19539423076921 104
140 0 0 0 105.612 56.099 66.89568749999998 112
150 0.1 73.198 0.0 105.612 56.099 66.89568749999998 112
160 3 86.50173333333332 54.8125513490802 339.183 56.099 66.95146017699113 113
170 7.2 68.94045833333331 11.353115808174396 339.183 56.099 71.05291608391607 143
180 3 68.10606666666668 15.147706781189319 339.183 56.099 70.34548837209302 215
190 0.3 62.377 2.4376781302433415 339.183 56.099 70.07127346938775 245
200 0.1 77.029 0.0 339.183 56.099 69.97819758064516 248
210 5.9 79.59969491525423 25.06748620935246 339.183 56.099 70.0065140562249 249
220 16.7 74.8876526946108 22.3806448610032 339.183 56.099 71.84416883116883 308
230 6 63.26460000000001 6.753138680643246 339.183 56.099 72.91419368421055 475
240 0.5 66.77919999999999 5.52722521343214 339.183 56.099 71.83199626168226 535
250 0 0 0 339.183 56.099 71.78521111111112 540
260 0 0 0 339.183 56.099 71.78521111111112 540
270 6.2 313.7857419354839 303.7184540709635 1576.638 56.099 71.78521111111112 540
280 33.3 300.34092192192173 333.00961297268316 2161.693 56.099 96.70885382059802 602
290 16.3 70.16007361963189 18.932732002390328 2161.693 55.949 169.23236042780744 935
300 1.2 64.67208333333332 8.058754540439583 2161.693 55.949 154.5249080145719 1098
310 0 0 0 2161.693 55.949 153.5535261261261 1110
320 1.2 497.31325 421.8206496012504 2161.693 55.949 153.5535261261261 1110
330 7 2185.4512285714286 2429.2312060867507 8340.533 0.371 157.23010071301243 1122
340 34.4 2991.1242761627914 1443.9379605360264 8794.291 0.371 276.33704614093955 1192
350 64 1260.2763281250025 1240.4222585318605 8794.291 0.371 884.3362695312502 1536
360 5 61.95816 13.140394154453663 8794.291 0.371 994.9068750000008 2176
370 0 0 0 8794.291 0.371 973.9511536388147 2226
380 0 0 0 8794.291 0.371 973.9511536388147 2226
387 0 0 0 8794.291 0.371 973.9511536388147 2226
