0 1.4 4.336499999999999 10.401454766041141 40.492 0.663 0 0
10 0.9 3.131555555555556 5.983743702011144 40.492 0.663 4.336499999999999 14
20 0 0 0 40.492 0.663 3.8649999999999993 23
30 0 0 0 40.492 0.663 3.8649999999999993 23
40 0 0 0 40.492 0.663 3.8649999999999993 23
50 0 0 0 40.492 0.663 3.8649999999999993 23
60 0 0 0 40.492 0.663 3.8649999999999993 23
70 0 0 0 40.492 0.663 3.8649999999999993 23
80 0 0 0 40.492 0.663 3.8649999999999993 23
90 0.4 3.5755000000000003 4.471853614554036 40.492 0.663 3.8649999999999993 23
100 5.1 29.438745098039217 63.81769542076381 254.394 0.544 3.8221111111111106 27
110 0.5 8.1498 14.932104076787038 254.394 0.544 20.571448717948716 78
120 0 0 0 254.394 0.544 19.823156626506023 83
130 0 0 0 254.394 0.544 19.823156626506023 83
140 0 0 0 254.394 0.544 19.823156626506023 83
150 0 0 0 254.394 0.544 19.823156626506023 83
160 0 0 0 254.394 0.544 19.823156626506023 83
170 0 0 0 254.394 0.544 19.823156626506023 83
180 0 0 0 254.394 0.544 19.823156626506023 83
190 0 0 0 254.394 0.544 19.823156626506023 83
200 0 0 0 254.394 0.544 19.823156626506023 83
210 0 0 0 254.394 0.544 19.823156626506023 83
220 0 0 0 254.394 0.544 19.823156626506023 83
230 0 0 0 254.394 0.544 19.823156626506023 83
240 0 0 0 254.394 0.544 19.823156626506023 83
250 0 0 0 254.394 0.544 19.823156626506023 83
251 0 0 0 254.394 0.544 19.823156626506023 83
