0 0.1 731.8671875 0 731.8671875 731.8671875 0 0
10 0.1 733.1171875 0.0 733.1171875 731.8671875 731.8671875 1
20 0.1 726.12109375 0.0 733.1171875 726.12109375 732.4921875 2
30 0.1 726.06640625 0.0 733.1171875 726.06640625 730.3684895833334 3
40 0.1 724.3828125 0.0 733.1171875 724.3828125 729.29296875 4
50 0.1 723.55078125 0.0 733.1171875 723.55078125 728.3109375 5
60 0.1 724.73046875 0.0 733.1171875 723.55078125 727.517578125 6
70 0.1 724.6640625 0.0 733.1171875 723.55078125 727.1194196428571 7
80 0.1 725.3671875 0.0 733.1171875 723.55078125 726.8125 8
90 0.1 725.38671875 0.0 733.1171875 723.55078125 726.6519097222222 9
100 0.1 723.55859375 0.0 733.1171875 723.55078125 726.525390625 10
110 0.1 706.4375 0.0 733.1171875 706.4375 726.2556818181819 11
120 0.1 694.390625 0.0 733.1171875 694.390625 724.6041666666666 12
130 0.1 695.00390625 0.0 733.1171875 694.390625 722.2800480769231 13
140 0.1 694.77734375 0.0 733.1171875 694.390625 720.3317522321429 14
150 0.1 691.87890625 0.0 733.1171875 691.87890625 718.628125 15
160 0.1 686.41015625 0.0 733.1171875 686.41015625 716.956298828125 16
170 0.1 685.12109375 0.0 733.1171875 685.12109375 715.1594669117648 17
180 0.1 691.546875 0.0 733.1171875 685.12109375 713.4906684027778 18
190 0.1 698.1875 0.0 733.1171875 685.12109375 712.3357319078947 19
200 0.1 701.859375 0.0 733.1171875 685.12109375 711.6283203124999 20
210 0.1 702.48046875 0.0 733.1171875 685.12109375 711.1631324404761 21
220 0.1 706.0 0.0 733.1171875 685.12109375 710.7684659090909 22
230 0.1 706.6171875 0.0 733.1171875 685.12109375 710.5611413043479 23
240 0.1 706.6953125 0.0 733.1171875 685.12109375 710.3968098958334 24
250 0.1 706.63671875 0.0 733.1171875 685.12109375 710.24875 25
251 0.1 708.94921875 0.0 733.1171875 685.12109375 710.1098257211538 26
