0 4 92.66785 79.41240123763731 279.747 4.258 0 0
10 8 238.9138499999999 643.7177426433714 4736.87 3.975 92.66785 40
20 3.3 940.4045151515152 2589.5235076541053 10405.498 3.975 190.16518333333326 120
30 1.3 2845.8743846153843 5048.980071729332 13043.712 3.975 351.98150980392154 153
40 1 6601.395600000001 6536.622984220861 14025.681 3.975 547.2863734939759 166
50 0.4 8463.677 4887.958344281281 14025.681 3.975 891.2698522727273 176
60 0.5 16284.996799999999 22313.283571909174 60006.024 3.975 1059.5455666666667 180
70 0.8 15075.320249999997 25942.79159120506 60011.169 3.975 1471.0442486486486 185
80 1.2 15083.86733333334 25936.805377370467 60011.169 3.975 2034.9520621761656 193
90 0.5 147.36520000000002 120.83245207708069 60011.169 3.975 2798.791004878049 205
100 16.8 183.04431547619052 209.90154420066352 60011.169 3.975 2735.6618190476192 210
110 14.5 279.7493172413793 488.51727871706544 60011.169 3.975 1601.1651507936513 378
120 3.5 736.5761714285715 1439.8991771248725 60011.169 3.975 1234.8070325047804 523
130 1.7 2569.5124705882354 7429.832094798003 60011.169 3.975 1203.5559928315413 558
140 1.8 12747.210333333334 17379.13548786494 60011.169 3.975 1243.9407930434784 575
150 1.6 21231.387375 21215.14272399203 60011.169 3.975 1593.1125497470491 593
160 1.9 27823.75489473685 26851.052355373125 60011.169 3.975 2109.06065681445 609
170 3.3 16542.218424242423 26615.147445009847 60011.169 3.975 2887.0529984076434 628
180 3.2 10070.114031249997 20351.28301392885 60011.169 3.975 3568.778352496218 661
190 0.9 25047.277888888886 22373.125305706442 60011.169 3.975 3868.9843290043286 693
200 1.3 23723.331923076923 21963.974751017748 60011.169 3.975 4140.500913105413 702
210 1 22661.8372 22630.007250261042 60011.169 3.975 4496.552386013986 715
220 0.3 13847.038333333332 19487.562644276586 60011.169 3.975 4747.1080386206895 725
230 0.3 45706.761 1407.9116925321218 60011.169 3.975 4784.607751373626 728
240 0.5 43317.980599999995 2673.7293822419356 60011.169 3.975 4952.550924760601 731
250 0.8 41581.462 3689.061932308571 60011.169 3.975 5213.185637228261 736
251 0.3 43005.939000000006 1137.224091798971 60011.169 3.975 5604.242372311828 744
