10 0.1 354 0 354 354 0 0
20 0.1 536.0 0.0 536 354 354.0 1
30 0.1 236.0 0.0 536 236 445.0 2
40 0.1 172.0 0.0 536 172 375.3333333333333 3
50 0.1 185.0 0.0 536 172 324.5 4
60 0.1 71.0 0.0 536 71 296.6 5
70 0.1 77.0 0.0 536 71 259.0 6
80 0.1 26.0 0.0 536 26 233.0 7
90 0.1 40.0 0.0 536 26 207.125 8
100 0.1 151.0 0.0 536 26 188.55555555555554 9
110 0.1 1288.0 0.0 1288 26 184.8 10
120 0.1 872.0 0.0 1288 26 285.09090909090907 11
130 0.1 158.0 0.0 1288 26 333.99999999999994 12
140 0.1 121.0 0.0 1288 26 320.4615384615384 13
150 0.1 242.0 0.0 1288 26 306.21428571428567 14
160 0.1 270.0 0.0 1288 26 301.9333333333333 15
170 0.1 221.0 0.0 1288 26 299.93749999999994 16
180 0.1 138.0 0.0 1288 26 295.2941176470588 17
190 0.1 188.0 0.0 1288 26 286.5555555555555 18
200 0.1 172.0 0.0 1288 26 281.3684210526315 19
210 0.1 341.0 0.0 1288 26 275.8999999999999 20
220 0.1 83.0 0.0 1288 26 278.9999999999999 21
230 0.1 37.0 0.0 1288 26 270.09090909090895 22
240 0.1 104.0 0.0 1288 26 259.9565217391303 23
250 0.1 238.0 0.0 1288 26 253.45833333333323 24
251 0.1 308.0 0.0 1288 26 252.8399999999999 25
