0 4 92.66785 79.41240123763731 279.747 4.258 0 0
10 8 238.9138499999999 643.7177426433714 4736.87 3.975 92.66785 40
20 3.5 886.658142857143 2523.7466945517917 10405.498 3.975 190.16518333333326 120
30 1.5 2466.4052666666666 4798.681118826567 13043.712 3.975 347.43778709677423 155
40 1.1 6001.256545454546 6514.877402674748 14025.681 3.975 534.4055058823529 170
50 0.4 8463.677 4887.958344281281 14025.681 3.975 866.6450718232044 181
60 0.5 16284.996799999999 22313.283571909174 60006.024 3.975 1030.9052216216216 185
70 0.8 15075.320249999997 25942.79159120506 60011.169 3.975 1432.3286842105265 190
80 1.2 15083.86733333334 25936.805377370467 60011.169 3.975 1983.5606666666665 198
90 0.5 147.36520000000002 120.83245207708069 60011.169 3.975 2732.149619047619 210
100 16.8 183.04431547619052 209.90154420066352 60011.169 3.975 2672.038353488372 215
110 14.8 274.0757094594595 483.15104826694653 60011.169 3.975 1580.2602898172327 383
120 3.7 696.7538648648649 1409.8214764849765 60011.169 3.975 1216.2013107344635 531
130 2.2 1985.4989999999998 6618.806605981673 60011.169 3.975 1182.3640651408452 568
140 2 11472.47245 16924.922632029156 60011.169 3.975 1212.3114694915257 590
150 1.6 21231.387375 21215.14272399203 60011.169 3.975 1548.7101901639348 610
160 1.9 27823.75489473685 26851.052355373125 60011.169 3.975 2051.781811501598 626
170 3.3 16542.218424242423 26615.147445009847 60011.169 3.975 2810.9562124031013 645
180 3.2 10070.114031249997 20351.28301392885 60011.169 3.975 3479.291983775812 678
190 0.9 25047.277888888886 22373.125305706442 60011.169 3.975 3776.343118309859 710
200 1.3 23723.331923076923 21963.974751017748 60011.169 3.975 4042.5996036161337 719
210 1 22661.8372 22630.007250261042 60011.169 3.975 4392.120806010929 732
220 0.3 13847.038333333332 19487.562644276586 60011.169 3.975 4638.343398921833 742
230 0.3 45706.761 1407.9116925321218 60011.169 3.975 4675.425391946309 745
240 0.5 43317.980599999995 2673.7293822419356 60011.169 3.975 4839.989572192514 748
250 0.8 41581.462 3689.061932308571 60011.169 3.975 5095.48752058433 753
251 0.3 43005.939000000006 1137.224091798971 60011.169 3.975 5479.045727989488 761
