0 13.9890625 13.9890625
10 36.44765625 50.43671875
20 17.10625 67.54296875
30 7.796875 75.33984375
40 3.67734375 79.0171875
50 1.4 80.4171875
60 0.9078125 81.325
70 2.665625 83.990625
80 4.0203125 88.0109375
90 0.7890625 88.8
100 67.103125 155.903125
110 75.159375 231.0625
120 17.62734375 248.68984375
130 8.32421875 257.0140625
140 8.7390625 265.753125
150 6.84609375 272.59921875
160 7.53359375 280.1328125
170 12.02890625 292.16171875
180 11.81640625 303.978125
190 4.3140625 308.2921875
200 5.9109375 314.203125
210 4.734375 318.9375
220 1.934375 320.871875
230 0 320.871875
240 0 320.871875
250 0 320.871875
251 0 320.871875
