0 188.0546875 188.0546875
10 366.21484375 554.26953125
20 203.01640625 757.2859375
30 111.3359375 868.621875
40 178.6125 1047.234375
50 105.446875 1152.68125
60 74.57109375 1227.25234375
70 12.79609375 1240.0484375
80 19.19453125 1259.24296875
90 32.0578125 1291.30078125
100 782.5203125 2073.82109375
110 661.6390625 2735.46015625
120 112.546875 2848.00703125
130 67.71171875 2915.71875
140 219.0484375 3134.7671875
150 272.91640625 3407.68359375
160 179.72890625 3587.4125
170 52.61640625 3640.02890625
180 156.07421875 3796.103125
190 173.84609375 3969.94921875
200 243.42734375 4213.3765625
210 175.265625 4388.6421875
220 35.55546875 4424.19765625
230 105.98671875 4530.184375
240 176.64140625 4706.82578125
250 283.928125 4990.75390625
251 106.63828125 5097.3921875
