0 0.1 17.34 0 17.34 17.34 0 0
10 0.2 12.960999999999999 1.7799999999999998 17.34 11.181 17.34 1
20 0.3 50.38166666666666 47.14150303312594 116.952 11.181 14.420666666666667 3
30 0 0 0 116.952 11.181 32.40116666666666 6
40 0 0 0 116.952 11.181 32.40116666666666 6
50 0 0 0 116.952 11.181 32.40116666666666 6
60 0 0 0 116.952 11.181 32.40116666666666 6
70 0 0 0 116.952 11.181 32.40116666666666 6
80 0 0 0 116.952 11.181 32.40116666666666 6
90 0 0 0 116.952 11.181 32.40116666666666 6
100 0.1 11.601 0.0 116.952 11.181 32.40116666666666 6
110 0.4 18.831750000000003 16.16607341587623 116.952 7.581 29.429714285714283 7
120 0.1 19.444 0.0 116.952 7.581 25.57590909090909 11
130 0 0 0 116.952 7.581 25.064916666666665 12
140 0 0 0 116.952 7.581 25.064916666666665 12
150 0 0 0 116.952 7.581 25.064916666666665 12
160 0 0 0 116.952 7.581 25.064916666666665 12
170 0 0 0 116.952 7.581 25.064916666666665 12
180 0 0 0 116.952 7.581 25.064916666666665 12
190 0 0 0 116.952 7.581 25.064916666666665 12
200 0 0 0 116.952 7.581 25.064916666666665 12
210 0 0 0 116.952 7.581 25.064916666666665 12
220 0 0 0 116.952 7.581 25.064916666666665 12
230 0 0 0 116.952 7.581 25.064916666666665 12
240 0 0 0 116.952 7.581 25.064916666666665 12
250 0 0 0 116.952 7.581 25.064916666666665 12
251 0 0 0 116.952 7.581 25.064916666666665 12
