0 0.3 158.32 93.56666355420967 279.827 52.189 0 0
10 0.2 184.53050000000002 4.178500000000007 279.827 52.189 158.32 3
20 0 0 0 279.827 52.189 168.80419999999998 5
30 0 0 0 279.827 52.189 168.80419999999998 5
40 0 0 0 279.827 52.189 168.80419999999998 5
50 0 0 0 279.827 52.189 168.80419999999998 5
60 0 0 0 279.827 52.189 168.80419999999998 5
70 0 0 0 279.827 52.189 168.80419999999998 5
80 0 0 0 279.827 52.189 168.80419999999998 5
90 0 0 0 279.827 52.189 168.80419999999998 5
100 1 373.9094 106.56499500136056 586.406 52.189 168.80419999999998 5
110 0.2 559.781 139.43900000000005 699.22 52.189 305.541 15
120 0 0 0 699.22 52.189 335.4515882352941 17
130 0 0 0 699.22 52.189 335.4515882352941 17
140 0 0 0 699.22 52.189 335.4515882352941 17
150 0 0 0 699.22 52.189 335.4515882352941 17
160 0 0 0 699.22 52.189 335.4515882352941 17
170 0 0 0 699.22 52.189 335.4515882352941 17
180 0 0 0 699.22 52.189 335.4515882352941 17
190 0 0 0 699.22 52.189 335.4515882352941 17
200 0 0 0 699.22 52.189 335.4515882352941 17
210 0 0 0 699.22 52.189 335.4515882352941 17
220 0 0 0 699.22 52.189 335.4515882352941 17
230 0 0 0 699.22 52.189 335.4515882352941 17
240 0 0 0 699.22 52.189 335.4515882352941 17
250 0 0 0 699.22 52.189 335.4515882352941 17
251 0 0 0 699.22 52.189 335.4515882352941 17
