110 0.4 65.76374999999999 85.91232045630882 214.396 11.948 0 0
120 0.1 142.675 0.0 214.396 11.948 65.76374999999999 4
130 0 0 0 214.396 11.948 81.14599999999999 5
140 0 0 0 214.396 11.948 81.14599999999999 5
150 0 0 0 214.396 11.948 81.14599999999999 5
160 0 0 0 214.396 11.948 81.14599999999999 5
170 0 0 0 214.396 11.948 81.14599999999999 5
180 0 0 0 214.396 11.948 81.14599999999999 5
190 0 0 0 214.396 11.948 81.14599999999999 5
200 0 0 0 214.396 11.948 81.14599999999999 5
210 0 0 0 214.396 11.948 81.14599999999999 5
220 0 0 0 214.396 11.948 81.14599999999999 5
230 0 0 0 214.396 11.948 81.14599999999999 5
240 0 0 0 214.396 11.948 81.14599999999999 5
250 0 0 0 214.396 11.948 81.14599999999999 5
251 0 0 0 214.396 11.948 81.14599999999999 5
