60 0.1 60006.21 0 60006.21 60006.21 0 0
70 0.2 60009.34 1.9770000000007713 60011.317 60006.21 60006.21 1
80 0.3 60007.498666666674 1.786320302249428 60011.317 60005.084 60008.29666666666 3
90 0 0 0 60011.317 60005.084 60007.897666666664 6
100 0 0 0 60011.317 60005.084 60007.897666666664 6
110 0 0 0 60011.317 60005.084 60007.897666666664 6
120 0 0 0 60011.317 60005.084 60007.897666666664 6
130 0 0 0 60011.317 60005.084 60007.897666666664 6
140 0 0 0 60011.317 60005.084 60007.897666666664 6
150 0 0 0 60011.317 60005.084 60007.897666666664 6
160 0.5 60002.4628 1.4695171179698892 60011.317 59999.882 60007.897666666664 6
170 0.9 60001.524000000005 2.0204427457581198 60011.317 59997.978 60005.42727272727 11
180 0.3 60001.80466666666 2.641370898268757 60011.317 59997.978 60003.6708 20
190 0 0 0 60011.317 59997.978 60003.42739130435 23
200 0 0 0 60011.317 59997.978 60003.42739130435 23
210 0 0 0 60011.317 59997.978 60003.42739130435 23
220 0 0 0 60011.317 59997.978 60003.42739130435 23
230 0 0 0 60011.317 59997.978 60003.42739130435 23
240 0 0 0 60011.317 59997.978 60003.42739130435 23
250 0 0 0 60011.317 59997.978 60003.42739130435 23
251 0 0 0 60011.317 59997.978 60003.42739130435 23
