0 0.8 151.24175 20.3601114544469 181.307 111.911 0 0
10 0.4 250.16875000000002 52.72726995765569 303.061 111.911 151.24175 8
20 0 0 0 303.061 111.911 184.21741666666665 12
30 0 0 0 303.061 111.911 184.21741666666665 12
40 0 0 0 303.061 111.911 184.21741666666665 12
50 0 0 0 303.061 111.911 184.21741666666665 12
60 0 0 0 303.061 111.911 184.21741666666665 12
70 0 0 0 303.061 111.911 184.21741666666665 12
80 0 0 0 303.061 111.911 184.21741666666665 12
90 0.2 272.4895 13.161500000000004 303.061 111.911 184.21741666666665 12
100 2.3 427.4904782608695 184.13019951107606 778.408 111.911 196.82771428571428 14
110 0.3 490.6043333333334 154.2365378076443 778.408 111.911 340.21267567567565 37
120 0 0 0 778.408 111.911 351.49204999999995 40
130 0 0 0 778.408 111.911 351.49204999999995 40
140 0 0 0 778.408 111.911 351.49204999999995 40
150 0 0 0 778.408 111.911 351.49204999999995 40
160 0 0 0 778.408 111.911 351.49204999999995 40
170 0 0 0 778.408 111.911 351.49204999999995 40
180 0 0 0 778.408 111.911 351.49204999999995 40
190 0 0 0 778.408 111.911 351.49204999999995 40
200 0 0 0 778.408 111.911 351.49204999999995 40
210 0 0 0 778.408 111.911 351.49204999999995 40
220 0 0 0 778.408 111.911 351.49204999999995 40
230 0 0 0 778.408 111.911 351.49204999999995 40
240 0 0 0 778.408 111.911 351.49204999999995 40
250 0 0 0 778.408 111.911 351.49204999999995 40
251 0 0 0 778.408 111.911 351.49204999999995 40
