110 0.2 145.1145 1.2245000000000061 146.339 143.89 0 0
120 0.3 143.229 8.88238451468224 155.751 136.105 145.1145 2
130 0 0 0 155.751 136.105 143.98319999999998 5
140 0 0 0 155.751 136.105 143.98319999999998 5
150 0 0 0 155.751 136.105 143.98319999999998 5
160 0 0 0 155.751 136.105 143.98319999999998 5
170 0 0 0 155.751 136.105 143.98319999999998 5
180 0 0 0 155.751 136.105 143.98319999999998 5
190 0 0 0 155.751 136.105 143.98319999999998 5
200 0 0 0 155.751 136.105 143.98319999999998 5
210 0 0 0 155.751 136.105 143.98319999999998 5
220 0 0 0 155.751 136.105 143.98319999999998 5
230 0 0 0 155.751 136.105 143.98319999999998 5
240 0 0 0 155.751 136.105 143.98319999999998 5
250 0 0 0 155.751 136.105 143.98319999999998 5
251 0 0 0 155.751 136.105 143.98319999999998 5
