20 0.2 8598.9115 1812.3645 10411.276 6786.547 0 0
30 0 0 0 10411.276 6786.547 8598.9115 2
40 0.5 13134.387399999998 483.1487572922453 14025.832 6786.547 8598.9115 2
50 0.3 11274.865 542.1786198299102 14025.832 6786.547 11838.537142857142 7
60 0.2 10338.9115 439.1764999999996 14025.832 6786.547 11669.4355 10
70 0 0 0 14025.832 6786.547 11447.681499999999 12
80 0 0 0 14025.832 6786.547 11447.681499999999 12
90 0 0 0 14025.832 6786.547 11447.681499999999 12
100 0 0 0 14025.832 6786.547 11447.681499999999 12
110 0 0 0 14025.832 6786.547 11447.681499999999 12
120 0 0 0 14025.832 6786.547 11447.681499999999 12
130 0 0 0 14025.832 6786.547 11447.681499999999 12
140 0 0 0 14025.832 6786.547 11447.681499999999 12
150 0 0 0 14025.832 6786.547 11447.681499999999 12
160 0 0 0 14025.832 6786.547 11447.681499999999 12
170 0 0 0 14025.832 6786.547 11447.681499999999 12
180 0.3 43467.06966666667 2543.470226877355 45999.215 6786.547 11447.681499999999 12
190 0.5 45055.087 916.2574383940373 46517.106 6786.547 17851.559133333332 15
200 0.7 44023.08528571429 1898.6267260378877 46517.106 6786.547 24652.4411 20
210 0.5 45282.50919999999 1169.95366612108 46517.106 6786.547 29674.459962962963 27
220 0.1 41406.747 0.0 46517.106 6786.547 32113.21765625 32
230 0.3 45706.90266666666 1407.9026459179945 47592.311 6786.547 32394.83975757576 33
240 0.5 43318.132000000005 2673.7286940975146 47865.885 6786.547 33504.17833333333 36
250 0.8 41581.59875 3689.059136936368 47865.885 6786.547 34701.001951219514 41
251 0.3 43006.07666666666 1137.2215931512903 47865.885 6786.547 35824.36469387756 49
