10 0.2 20.5075 3.4405 23.948 17.067 0 0
20 0.2 21.3535 1.8964999999999996 23.948 17.067 20.5075 2
30 0.2 128.746 112.14099999999999 240.887 16.605 20.930500000000002 4
40 0 0 0 240.887 16.605 56.86900000000001 6
50 0 0 0 240.887 16.605 56.86900000000001 6
60 0 0 0 240.887 16.605 56.86900000000001 6
70 0 0 0 240.887 16.605 56.86900000000001 6
80 0 0 0 240.887 16.605 56.86900000000001 6
90 0 0 0 240.887 16.605 56.86900000000001 6
100 0 0 0 240.887 16.605 56.86900000000001 6
110 0.4 147.9095 128.91987756839518 294.374 16.605 56.86900000000001 6
120 0.2 22.7455 9.426499999999997 294.374 13.319 93.2852 10
130 0 0 0 294.374 13.319 81.52858333333334 12
140 0 0 0 294.374 13.319 81.52858333333334 12
150 0 0 0 294.374 13.319 81.52858333333334 12
160 0 0 0 294.374 13.319 81.52858333333334 12
170 0 0 0 294.374 13.319 81.52858333333334 12
180 0 0 0 294.374 13.319 81.52858333333334 12
190 0 0 0 294.374 13.319 81.52858333333334 12
200 0 0 0 294.374 13.319 81.52858333333334 12
210 0 0 0 294.374 13.319 81.52858333333334 12
220 0 0 0 294.374 13.319 81.52858333333334 12
230 0 0 0 294.374 13.319 81.52858333333334 12
240 0 0 0 294.374 13.319 81.52858333333334 12
250 0 0 0 294.374 13.319 81.52858333333334 12
251 0 0 0 294.374 13.319 81.52858333333334 12
