0 11 11
10 23 12
20 10 -13
30 3 -7
40 1 -2
50 35 34
60 38 3
70 13 -25
80 4 -9
90 30 26
100 94 64
110 52 -42
120 17 -35
130 0 -17
140 158 158
150 167 9
160 49 -118
170 9 -40
180 0 -9
190 270 270
200 337 67
210 104 -233
220 22 -82
230 2 -20
240 196 194
250 754 558
260 457 -297
270 99 -358
280 7 -92
290 1 -6
300 446 445
310 1510 1064
320 873 -637
330 173 -700
340 22 -151
350 3 -19
360 0 -3
370 0 0
380 2102 2102
390 2748 646
400 1857 -891
410 726 -1131
420 134 -592
430 16 -118
440 2 -14
450 0 -2
452 0 0
