0 1.1 2.719727272727272 3.6574037510708477 14.275 1.333 0 0
10 1.9 1.4400526315789473 0.08111361342307759 14.275 1.244 2.719727272727272 11
20 0 0 0 14.275 1.244 1.9092666666666664 30
30 0 0 0 14.275 1.244 1.9092666666666664 30
40 0 0 0 14.275 1.244 1.9092666666666664 30
50 3.5 1.5014285714285716 0.12936046773355803 14.275 1.21 1.9092666666666664 30
60 2.5 2.36948 4.426114513837164 24.034 1.067 1.6896615384615385 65
70 0 0 0 24.034 1.067 1.8785 90
80 0 0 0 24.034 1.067 1.8785 90
90 3 1.401633333333333 0.16683714281364995 24.034 0.999 1.8785 90
100 7.4 1.5653378378378378 1.119116063794982 24.034 0.999 1.759283333333333 120
110 1.4 1.3322142857142858 0.15969308893330736 24.034 0.999 1.68530412371134 194
120 0 0 0 24.034 0.999 1.6615384615384614 208
130 0 0 0 24.034 0.999 1.6615384615384614 208
140 16 1.4160625000000002 0.5114773417207745 24.034 0.981 1.6615384615384614 208
150 8 1.3875749999999993 0.279559196548781 24.034 0.981 1.554809782608696 368
160 0 0 0 24.034 0.981 1.5249464285714287 448
170 0 0 0 24.034 0.981 1.5249464285714287 448
180 0 0 0 24.034 0.981 1.5249464285714287 448
190 27.5 1.4125563636363636 1.282276262782661 24.034 0.919 1.5249464285714287 448
200 20.1 1.2782288557213926 1.116473413453469 24.034 0.853 1.4821977869986167 723
210 0 0 0 24.034 0.853 1.437827922077922 924
220 0 0 0 24.034 0.853 1.437827922077922 924
230 0 0 0 24.034 0.853 1.437827922077922 924
240 19.6 1.2975663265306128 0.15604333087638003 24.034 0.853 1.437827922077922 924
250 60.7 1.2577561779242177 1.0850155959024068 24.034 0.803 1.413282142857143 1120
260 10.8 1.4813888888888884 2.5009956233517667 24.034 0.803 1.3586184134337 1727
270 0 0 0 24.034 0.803 1.3658441416893732 1835
280 0 0 0 24.034 0.803 1.3658441416893732 1835
290 0 0 0 24.034 0.803 1.3658441416893732 1835
300 44.7 1.1209351230425022 0.3183401200486536 24.034 0.777 1.3658441416893732 1835
310 124.3 1.0992075623491542 0.5736192042737026 24.034 0.769 1.317871165644171 2282
320 20.2 1.1306287128712873 0.6978306595962953 24.034 0.769 1.2407651063829777 3525
330 0 0 0 24.034 0.769 1.2347958143278766 3727
340 0 0 0 24.034 0.769 1.2347958143278766 3727
350 0 0 0 24.034 0.769 1.2347958143278766 3727
360 0 0 0 24.034 0.769 1.2347958143278766 3727
370 0 0 0 24.034 0.769 1.2347958143278766 3727
380 214 1.107125233644861 0.6908847775898087 24.034 0.726 1.2347958143278766 3727
390 320.1 0.9812986566697918 0.43387503923024817 24.034 0.654 1.1882277143344127 5867
400 51.8 0.9987123552123547 0.1879562718230468 24.034 0.654 1.1151818482576095 9068
410 3.5 1.2872857142857141 0.5716134343831915 24.034 0.654 1.1088881702482791 9586
420 1 1.1827 0.13484513339383072 24.034 0.654 1.1095371582995535 9621
430 0 0 0 24.034 0.654 1.1096131242861595 9631
440 0 0 0 24.034 0.654 1.1096131242861595 9631
450 0 0 0 24.034 0.654 1.1096131242861595 9631
452 0 0 0 24.034 0.654 1.1096131242861595 9631
