0 0.1 0.03125 0 0.03125 0.03125 0 0
10 0.1 0.01953125 0.0 0.03125 0.01953125 0.03125 1
20 0.1 0.01953125 0.0 0.03125 0.01953125 0.025390625 2
30 0.1 0.01953125 0.0 0.03125 0.01953125 0.0234375 3
40 0.1 0.01171875 0.0 0.03125 0.01171875 0.0224609375 4
50 0.1 0.01171875 0.0 0.03125 0.01171875 0.0203125 5
60 0.1 0.01171875 0.0 0.03125 0.01171875 0.018880208333333332 6
70 0.1 0.01171875 0.0 0.03125 0.01171875 0.017857142857142856 7
80 0.1 0.01171875 0.0 0.03125 0.01171875 0.01708984375 8
90 0.1 0.0 0.0 0.03125 0.0 0.016493055555555556 9
100 0.1 0.0 0.0 0.03125 0.0 0.01484375 10
110 0.1 0.0 0.0 0.03125 0.0 0.013494318181818182 11
120 0.1 0.0 0.0 0.03125 0.0 0.012369791666666666 12
130 0.1 0.0 0.0 0.03125 0.0 0.01141826923076923 13
140 0.1 0.0 0.0 0.03125 0.0 0.010602678571428572 14
150 0.1 0.0 0.0 0.03125 0.0 0.009895833333333333 15
160 0.1 0.0 0.0 0.03125 0.0 0.00927734375 16
170 0.1 0.0 0.0 0.03125 0.0 0.008731617647058824 17
180 0.1 0.0 0.0 0.03125 0.0 0.008246527777777778 18
190 0.1 0.0 0.0 0.03125 0.0 0.0078125 19
200 0.1 0.0 0.0 0.03125 0.0 0.007421875 20
210 0.1 0.078125 0.0 0.078125 0.0 0.007068452380952381 21
220 0.1 0.0703125 0.0 0.078125 0.0 0.010298295454545454 22
230 0.1 0.05859375 0.0 0.078125 0.0 0.012907608695652174 23
240 0.1 0.05078125 0.0 0.078125 0.0 0.014811197916666666 24
250 0.1 0.0390625 0.0 0.078125 0.0 0.01625 25
260 0.1 0.109375 0.0 0.109375 0.0 0.017127403846153848 26
270 0.1 0.3203125 0.0 0.3203125 0.0 0.020543981481481483 27
280 0.1 0.26953125 0.0 0.3203125 0.0 0.03125 28
290 0.1 0.23046875 0.0 0.3203125 0.0 0.03946659482758621 29
300 0.1 0.19921875 0.0 0.3203125 0.0 0.04583333333333333 30
310 0.1 0.16015625 0.0 0.3203125 0.0 0.05078125 31
320 0.1 0.44921875 0.0 0.44921875 0.0 0.05419921875 32
330 0.1 0.76953125 0.0 0.76953125 0.0 0.06616950757575757 33
340 0.1 0.80078125 0.0 0.80078125 0.0 0.08685661764705882 34
350 0.1 0.671875 0.0 0.80078125 0.0 0.10725446428571428 35
360 0.1 0.5703125 0.0 0.80078125 0.0 0.12293836805555555 36
370 0.1 0.48046875 0.0 0.80078125 0.0 0.1350295608108108 37
380 0.1 0.41015625 0.0 0.80078125 0.0 0.14412006578947367 38
390 0.1 0.5 0.0 0.80078125 0.0 0.15094150641025642 39
400 0.1 0.859375 0.0 0.859375 0.0 0.15966796875 40
410 0.1 0.87890625 0.0 0.87890625 0.0 0.17673399390243902 41
420 0.1 0.9609375 0.0 0.9609375 0.0 0.19345238095238096 42
430 0.1 0.890625 0.0 0.9609375 0.0 0.21130087209302326 43
440 0.1 0.75 0.0 0.9609375 0.0 0.22674005681818182 44
450 0.1 0.640625 0.0 0.9609375 0.0 0.23836805555555557 45
452 0.1 0.5390625 0.0 0.9609375 0.0 0.24711277173913043 46
