0 3.8 47.83213157894736 62.08265750431819 313.239 6.695 0 0
10 12.1 41.50504132231406 42.200158570536885 313.239 6.029 47.83213157894736 38
20 7.5 33.070026666666664 33.3730192372914 313.239 6.029 43.01717610062893 159
30 1.7 35.497235294117644 27.96197860652381 313.239 6.029 39.82898717948718 234
40 0.6 30.414166666666663 17.40921378099029 313.239 6.029 39.53560159362549 251
50 11.5 35.81625217391305 43.357426112809236 313.239 5.61 39.32264980544747 257
60 27 34.1187333333333 40.71449196388231 313.239 5.026 38.23868279569893 372
70 9.7 34.13114432989693 36.67402484722167 313.239 5.026 36.50599376947039 642
80 3.3 29.033787878787876 21.94060763330498 313.239 5.026 36.194274695534496 739
90 6.7 27.42971641791044 37.653093421036644 313.239 4.912 35.88819170984455 772
100 37.9 35.06263324538258 45.353272088454034 313.239 4.224 35.21272348033372 839
110 43.6 33.78686009174314 40.591695450227306 313.239 4.224 35.16602052545155 1218
120 12.1 33.27595867768597 34.27434543307956 313.239 4.224 34.802469165659005 1654
130 3 31.635866666666654 24.03454913901144 313.239 4.224 34.69840845070422 1775
140 46.3 34.405218142548584 46.80622032218306 313.239 4.027 34.64750747922437 1805
150 105.8 35.00924102079401 43.32696421755842 313.239 3.551 34.59804541446208 2268
160 47.9 30.79715448851775 33.94769686071977 313.239 3.551 34.728846662657865 3326
170 9.3 28.774096774193552 28.187871252807085 313.239 3.551 34.23389776609726 3805
180 1.1 38.099272727272734 24.683386997186847 313.239 3.551 34.10363571062085 3898
190 85.4 35.56463934426235 48.16498983537549 313.239 3.551 34.11487950882581 3909
200 196.7 35.89735383833254 44.913032158295934 313.239 3.551 34.37481965148019 4763
210 108.7 31.83329714811411 36.54388915827578 313.239 3.551 34.81981589895991 6730
220 20.4 29.988563725490213 32.34387529818842 313.239 3.551 34.40452283484716 7817
230 2.8 34.879 27.064371657481455 313.239 3.551 34.29221069692061 8021
240 33 27.598003030303044 41.2049209842486 313.239 3.551 34.294251956764846 8049
250 292.8 36.996737363388085 49.20273062487146 313.239 3.551 34.03052571905958 8379
260 341.5 36.81850805270876 46.845203601194235 353.615 3.551 34.798639957548474 11307
270 113.3 32.56296822594886 38.921460375283914 353.615 3.551 35.267180206493755 14722
280 15.8 34.20894303797466 38.33043273742846 353.615 3.551 35.07393692841382 15855
290 0.7 27.197142857142858 15.183205434469567 353.615 3.551 35.065402048335805 16013
300 80.1 28.20995006242197 43.180840268337235 353.615 3.551 35.061963982521924 16020
310 638.8 42.664322479649414 56.04103070218352 474.609 3.551 34.73567760537431 16821
320 692.3 47.96932890365442 61.57461087328965 565.94 3.551 36.91794239303726 23209
330 204.3 35.21646157611365 44.34621845139314 565.94 3.551 39.45706189433165 30132
340 26.6 29.411605263157895 30.959943525280266 565.94 3.551 39.18779860139865 32175
350 2.1 28.270190476190475 24.835982398085335 565.94 3.551 39.107638697944004 32441
360 0.3 19.791333333333334 4.382244503549396 565.94 3.551 39.10062784178429 32462
370 0 0 0 565.94 3.551 39.09884352379491 32465
380 674.7 43.852253001333736 61.14857820937129 644.65 3.551 39.09884352379491 32465
390 1211.7 248.83455079640163 584.6644402667379 7755.623 0.766 39.916737376313385 39212
400 712.9 893.0319311263852 2895.5435149940563 15827.704 0.766 89.23500083773304 51329
410 500.9 2752.6690646835723 6090.967612931068 23164.132 0.618 187.2586813609771 58458
420 153 310.113923529412 1298.3582417172838 23164.132 0.618 389.7283208596595 63467
430 20.4 38.07156372549017 54.27961225885303 23164.132 0.618 387.854233933874 64997
440 1.8 28.955666666666673 26.83094089748707 23164.132 0.618 386.75983868345594 65201
450 0.3 31.83 13.374329067284085 23164.132 0.618 386.66108716785 65219
452 0 0 0 23164.132 0.618 386.64476609119635 65222
