10 0.1 231 0 231 231 0 0
20 0.1 1031.0 0.0 1031 231 231.0 1
30 0.1 645.0 0.0 1031 231 631.0 2
40 0.1 258.0 0.0 1031 231 635.6666666666666 3
50 0.1 58.0 0.0 1031 58 541.25 4
60 0.1 1001.0 0.0 1031 58 444.6 5
70 0.1 2492.0 0.0 2492 58 537.3333333333334 6
80 0.1 967.0 0.0 2492 58 816.5714285714286 7
90 0.1 334.0 0.0 2492 58 835.375 8
100 0.1 496.0 0.0 2492 58 779.6666666666666 9
110 0.1 2850.0 0.0 2850 58 751.3 10
120 0.1 4512.0 0.0 4512 58 942.0909090909091 11
130 0.1 1744.0 0.0 4512 58 1239.5833333333333 12
140 0.1 132.0 0.0 4512 58 1278.3846153846155 13
150 0.1 3295.0 0.0 4512 58 1196.5 14
160 0.1 10563.0 0.0 10563 58 1336.4 15
170 0.1 6170.0 0.0 10563 58 1913.0625 16
180 0.1 604.0 0.0 10563 58 2163.470588235294 17
190 0.1 43.0 0.0 10563 43 2076.8333333333335 18
200 0.1 6434.0 0.0 10563 43 1969.7894736842106 19
210 0.1 19294.0 0.0 19294 43 2193.0 20
220 0.1 12764.0 0.0 19294 43 3007.3333333333335 21
230 0.1 2251.0 0.0 19294 43 3450.818181818182 22
240 0.1 204.0 0.0 19294 43 3398.6521739130435 23
250 0.1 3074.0 0.0 19294 43 3265.5416666666665 24
260 0.1 27126.0 0.0 27126 43 3257.88 25
270 0.1 37553.0 0.0 37553 43 4175.884615384615 26
280 0.1 14259.0 0.0 37553 43 5412.074074074074 27
290 0.1 1341.0 0.0 37553 43 5728.035714285715 28
300 0.1 86.0 0.0 37553 43 5576.758620689655 29
310 0.1 7477.0 0.0 37553 43 5393.733333333334 30
320 0.1 58254.0 0.0 58254 43 5460.935483870968 31
330 0.1 85776.0 0.0 85776 43 7110.71875 32
340 0.1 26541.0 0.0 85776 43 9494.515151515152 33
350 0.1 2762.0 0.0 85776 43 9995.882352941177 34
360 0.1 86.0 0.0 85776 43 9789.2 35
370 0.1 155.0 0.0 85776 43 9519.666666666666 36
380 0.1 386.0 0.0 85776 43 9266.567567567568 37
390 0.1 57137.0 0.0 85776 43 9032.868421052633 38
400 0.1 131803.0 0.0 131803 43 10266.307692307693 39
410 0.1 134982.0 0.0 134982 43 13304.725 40
420 0.1 83970.0 0.0 134982 43 16272.463414634147 41
430 0.1 27873.0 0.0 134982 43 17884.309523809523 42
440 0.1 3583.0 0.0 134982 43 18116.60465116279 43
450 0.1 142.0 0.0 134982 43 17786.295454545456 44
452 0.1 10.0 0.0 134982 10 17394.2 45
