0 3.8 47.83213157894736 62.08265750431819 313.239 6.695 0 0
10 12.1 41.50504132231406 42.200158570536885 313.239 6.029 47.83213157894736 38
20 7.6 32.63118421052633 33.06988231112003 313.239 6.029 43.01717610062893 159
30 1.7 35.497235294117644 27.96197860652381 313.239 6.029 39.65830212765958 235
40 0.6 30.414166666666663 17.40921378099029 313.239 6.029 39.37759523809524 252
50 11.6 35.50561206896553 43.092969874041245 313.239 5.61 39.16914341085272 258
60 27 34.1187333333333 40.71449196388231 313.239 5.026 38.03286096256685 374
70 9.9 33.4371212121212 36.16722777536321 313.239 5.026 36.391844720496884 644
80 3.4 28.177176470588233 21.206427530725602 313.239 5.026 35.99814670255719 743
90 6.8 27.023382352941173 37.25783963497576 313.239 4.912 35.65591634491634 777
100 37.9 35.06263324538258 45.353272088454034 313.239 4.224 34.96122721893491 845
110 43.8 33.631865296803646 40.508726981759985 313.239 4.224 34.99262663398692 1224
120 12.4 32.46659677419352 33.68555216953466 313.239 4.224 34.634014440433205 1662
130 3.8 24.93463157894736 18.226810756079907 313.239 4.224 34.48353303471443 1786
140 46.3 34.405218142548584 46.80622032218306 313.239 4.027 34.28459758771928 1824
150 106.2 34.87661205273071 43.248375806174444 313.239 3.551 34.30901705290773 2287
160 49.6 29.735673387096774 33.28950733179035 313.239 3.551 34.4890068677217 3349
170 10.1 26.48064356435644 26.537500567461194 313.239 3.551 33.87583302990896 3845
180 1.5 27.879999999999995 17.641681318211518 313.239 3.551 33.686549163710076 3946
190 85.5 35.52278947368414 48.14214563101669 313.239 3.551 33.664560212067656 3961
200 197 35.84230862944167 44.8854281411167 313.239 3.551 33.99445764119599 4816
210 111 31.17036936936941 36.114964841480955 313.239 3.551 34.53089537282641 6786
220 21.5 28.44566046511629 31.09921677008319 313.239 3.551 34.058481003039525 7896
230 3.5 27.873599999999996 22.521126252223073 313.239 3.551 33.90970077672297 8111
240 33.1 27.51398489425982 41.124964861661404 313.239 3.551 33.88376614289222 8146
250 293.1 36.958755032412185 49.17885799918251 313.239 3.551 33.63504636074084 8477
260 345.7 36.3698174717965 46.57661001699976 353.615 3.551 34.48899009467043 11408
270 117.5 31.39367744680859 38.205094171759114 353.615 3.551 34.926394752775025 14865
280 18.2 29.675302197802182 35.60657710190872 353.615 3.551 34.66760779301751 16040
290 0.8 23.769125000000003 11.040015346881319 353.615 3.551 34.61159746023923 16222
300 80.2 28.174519950124694 43.1466120456194 353.615 3.551 34.606253049907636 16230
310 639.3 42.63088330987019 56.0196258045309 474.609 3.551 34.30339666510104 17032
320 697.3 47.62468793919391 61.29762315897541 565.94 3.551 36.57608064034156 23425
330 212.1 33.91651626591235 43.56049125195978 565.94 3.551 39.11052167905784 30398
340 29.6 26.508358108108116 28.907079650828205 565.94 3.551 38.77175094560104 32519
350 2.3 24.56247826086957 22.221204946919634 565.94 3.551 38.66113189090356 32815
360 0.3 19.791333333333334 4.382244503549396 565.94 3.551 38.651257080211955 32838
370 0 0 0 565.94 3.551 38.649534240735676 32841
380 674.8 43.845743479549384 61.144411806012776 644.65 3.551 38.649534240735676 32841
390 1213.3 248.69078010384834 583.6233199610562 7755.623 0.766 39.53523531789132 39589
400 720.2 883.756245626215 2881.6074119254135 15827.704 0.766 88.59915830787656 51722
410 515.5 2674.605754025225 6021.146851422497 23164.132 0.618 185.78742357952603 58924
420 161.4 293.89221189591086 1265.5456613142323 23164.132 0.618 386.006816726229 64079
430 23.8 32.60541596638655 50.34383998025205 23164.132 0.618 383.7436688688297 65693
440 2.1 24.800095238095246 23.24705580929451 23164.132 0.618 382.47611788081525 65931
450 0.4 23.847 3.200697814539823 23164.132 0.618 382.3622290453668 65952
452 0 0 0 23164.132 0.618 382.34048635453985 65956
