10 0.7 9052.063 2369.968121688921 14051.477 6437.906 0 0
20 1.3 15525.095307692307 4566.294264337943 27197.208 6437.906 9052.063 7
30 0.8 25709.097125 4682.726700840025 31873.197 6437.906 13259.534 20
40 0.1 33633.47 0.0 33633.47 6437.906 16816.552035714285 28
50 0.1 35171.292 0.0 35171.292 6437.906 17396.44575862069 29
60 2.4 10509.675000000001 2642.7158810609494 35171.292 4275.911 17988.940633333335 30
70 2.3 15383.191782608694 4533.836983090409 35171.292 4275.911 14664.822574074075 54
80 1 23981.0318 3434.3998839371866 35171.292 4275.911 14879.400389610391 77
90 0.3 30158.890666666663 4119.20527701557 35737.12 4275.911 15925.564919540231 87
100 1.2 9228.914166666667 3269.00800047435 35737.12 3776.359 16400.00911111111 90
110 5.4 12911.965351851855 4191.846261535545 35737.12 3776.359 15556.35088235294 102
120 3.5 19001.122885714285 4847.43628700468 35737.12 3776.359 14640.986660256409 156
130 1.7 25839.010941176468 3700.8903784587483 35737.12 3776.359 15439.9645026178 191
140 0.2 5643.408 808.9110000000001 35737.12 3776.359 16289.88656730769 208
150 7.2 10737.96259722222 3219.0730907263633 35737.12 3776.359 16188.491533333332 210
160 12 16047.009449999994 3963.6276906442176 35737.12 3776.359 14796.867124113473 282
170 3.8 23760.33131578947 4064.534892311869 35737.12 3776.359 15170.043937810942 402
180 0.8 32649.859875000002 3534.2026805389355 37251.484 3776.359 15911.932393181814 440
190 0.5 6028.13 1692.7022213757502 37251.484 3575.419 16210.823955357138 448
200 13.5 10762.826214814815 2917.4957620812465 37251.484 3575.419 16098.432189845471 453
210 23.3 15459.028094420599 4088.9783328624226 37251.484 3575.419 14873.420613945576 588
220 8.2 21125.003243902436 3863.906768459339 37251.484 3575.419 15039.616159561509 821
230 1.9 31537.840263157894 3676.7559247298564 38988.38 3575.419 15592.220523809521 903
240 0.2 37836.8165 2252.503499999999 40089.32 3575.419 15920.817893709325 922
250 5.9 9257.691271186442 2224.7152737601864 40089.32 3575.419 15968.255120129867 924
260 41.6 12869.338677884623 3686.638268680659 40089.32 3510.033 15565.484756866732 983
270 34.6 18238.20124855492 4349.428426116982 40089.32 3510.033 14763.771555396712 1399
280 8.4 26280.611761904755 4300.961200883497 41512.81 3510.033 15452.684262464185 1745
290 0.5 32871.070999999996 2446.060129152431 41512.81 3510.033 15949.975629305633 1829
300 0.2 23572.9215 21056.9955 44629.917 2515.926 15996.107296074157 1834
310 19.7 9035.401345177666 2263.750009904943 44629.917 2515.926 16004.360906318083 1836
320 84.3 13007.521056939513 3746.248958553351 44629.917 2515.926 15329.060840629612 2033
330 68.9 18149.793618287393 4334.405734046143 44629.917 2515.926 14648.581689847015 2876
340 14.4 26619.652812500008 4375.995688683473 44629.917 2515.926 15325.253504347835 3565
350 1.5 36957.77666666666 5559.135775072381 48441.933 2515.926 15763.752695605293 3709
360 0.3 43641.028 2876.8738106042583 48441.933 2515.926 15849.12067615468 3724
370 0 0 0 48441.933 2515.926 15871.49140917629 3727
380 4.3 6079.6620465116275 1330.8818750873234 48441.933 2515.926 15871.49140917629 3727
390 63 11319.896434920638 3142.354839640647 48441.933 1947.786 15759.807413793113 3770
400 125.7 16696.806420843288 4289.660015282794 48441.933 1947.786 15124.092887272735 4400
410 112.9 25040.781856510173 4813.539736820059 48441.933 1947.786 15473.553893406408 5657
420 58.4 33326.10037842467 4510.1731273603355 48441.933 1947.786 17065.272191423523 6786
430 11.4 42035.86150000002 4484.251548538978 54950.479 1947.786 18353.782864586163 7370
440 1.4 50467.47264285715 3221.58803610062 56481.537 1947.786 18714.52003246927 7484
450 0.2 61351.653999999995 6939.490000000003 68291.144 1947.786 18773.80802080555 7498
452 0 0 0 68291.144 1947.786 18785.162113066668 7500
