0 52.2625 52.2625
10 656.8078125 709.0703125
20 728.66171875 1437.73203125
30 338.45859375 1776.190625
40 43.971875 1820.1625
50 482.27265625 2302.43515625
60 2010.528125 4312.96328125
70 1119.39921875 5432.3625
80 395.715625 5828.078125
90 150.63046875 5978.70859375
100 1653.87265625 7632.58125
110 4192.24140625 11824.82265625
120 2161.83671875 13986.659375
130 158.6578125 14145.3171875
140 1314.8390625 15460.15625
150 8731.9578125 24192.1140625
160 6624.42109375 30816.53515625
170 1024.86015625 31841.3953125
180 58.640625 31900.0359375
190 2852.5296875 34752.565625
200 15254.59765625 50007.16328125
210 13945.20390625 63952.3671875
220 2912.12265625 66864.48984375
230 158.65 67023.13984375
240 554.1984375 67577.33828125
250 15329.39296875 82906.73125
260 36404.9359375 119311.6671875
270 18842.6109375 138154.278125
280 1778.73984375 139933.01796875
290 18.04609375 139951.0640625
300 1465.134375 141416.1984375
310 35014.5421875 176430.740625
320 84946.90703125 261377.64765625
330 35105.79765625 296483.4453125
340 3342.31171875 299825.75703125
350 86.05859375 299911.815625
360 9.81640625 299921.63203125
370 0 299921.63203125
380 23326.584375 323248.21640625
390 97687.503125 420935.71953125
400 138015.9984375 558951.71796875
410 88140.08203125 647091.8
420 36932.49921875 684024.29921875
430 4415.10859375 688439.4078125
440 72.4953125 688511.903125
450 7.23984375 688519.14296875
452 0 688519.14296875
