0 0.7 2166.1862857142855 1203.8833775237194 4543.906 273.83 0 0
10 1.4 3883.1567142857143 3114.926760848375 12457.762 259.726 2166.1862857142855 7
20 0.9 8273.598666666665 3133.1858347600632 12457.762 259.726 3310.8332380952384 21
30 0 0 0 12457.762 259.726 4799.662866666667 30
40 0 0 0 12457.762 259.726 4799.662866666667 30
50 1.3 2027.1193076923078 1098.3575414167904 12457.762 259.726 4799.662866666667 30
60 4.1 4167.840609756099 2510.131195831802 12457.762 178.61 3961.452023255814 43
70 0.6 8611.379166666666 2992.943145670797 12457.762 178.61 4062.18930952381 84
80 0 0 0 12457.762 178.61 4365.468633333334 90
90 0.6 909.433 388.4707183521043 12457.762 178.61 4365.468633333334 90
100 6 3414.23815 2148.1713107078217 12457.762 178.61 4149.466406250001 96
110 4.7 4614.839808510638 2737.578419502284 13031.363 178.61 3866.6863076923078 156
120 0.5 9183.1434 3702.081342279913 13414.359 178.61 4039.9041133004926 203
130 0 0 0 13414.359 178.61 4163.5396730769235 208
140 6.3 2760.0726190476194 1550.0013691281245 13414.359 178.61 4163.5396730769235 208
150 15 4059.966379999998 2271.6495791420343 13414.359 178.61 3837.272424354244 271
160 2.5 7559.7336399999995 3561.424613154066 15369.103 178.61 3916.617064133016 421
170 0.2 16559.4525 1721.7554999999993 18281.208 178.61 4120.827634529148 446
180 0 0 0 18281.208 178.61 4176.357209821429 448
190 10.7 2290.3803084112137 1545.3530581591933 18281.208 178.61 4176.357209821429 448
200 29 4148.372089655176 2579.93838882438 18281.208 178.61 3812.754455855856 555
210 7.6 6585.444947368422 3655.237063493866 18281.208 178.61 3927.936839053256 845
220 0.3 8044.496 5190.994535474938 18281.208 178.61 4147.231753528775 921
230 0 0 0 18281.208 178.61 4159.885208874461 924
240 1.6 1422.957625 682.9207725677148 18281.208 136.399 4159.885208874461 924
250 44.2 3118.714368778281 1940.6109307631993 18281.208 136.399 4113.29920744681 940
260 42.1 4430.734071258907 2753.5882492969595 18281.208 136.399 3795.204780028945 1382
270 3 7988.221966666667 2815.4046390863546 18281.208 136.399 3943.6006932889636 1803
280 0.2 20087.328 1164.0699999999997 21251.398 136.399 4009.7974408074206 1833
290 0 0 0 21251.398 136.399 4027.320634877385 1835
300 5.2 1517.473826923077 747.1380811582782 21251.398 136.399 4027.320634877385 1835
310 94.6 3167.357400634244 1974.6445947655786 21251.398 136.399 3958.1568648648663 1887
320 83.4 4730.199773381293 2902.941980607044 21251.398 136.399 3694.0918125661833 2833
330 6 9782.948933333333 4130.859120408565 21251.398 136.399 3929.7378554676834 3667
340 0 0 0 21251.398 136.399 4023.9671725248177 3727
350 0 0 0 21251.398 136.399 4023.9671725248177 3727
360 0 0 0 21251.398 136.399 4023.9671725248177 3727
370 0 0 0 21251.398 136.399 4023.9671725248177 3727
380 94.9 2461.5349884088487 1485.3147193310303 21251.398 136.399 4023.9671725248177 3727
390 181.7 4031.7599058888263 2495.5013927412083 21251.398 136.399 3706.8696227544892 4676
400 60.9 8356.276448275861 4981.8911637650035 23511.595 136.399 3797.7868635453547 6493
410 36.3 17329.31550137741 7348.006048202564 33768.87 136.399 4188.679591945929 7102
420 3.2 11633.9296875 11065.992393552546 33768.87 136.399 4827.668317347621 7465
430 0 0 0 33768.87 136.399 4856.719986527944 7497
440 0 0 0 33768.87 136.399 4856.719986527944 7497
450 0 0 0 33768.87 136.399 4856.719986527944 7497
452 0 0 0 33768.87 136.399 4856.719986527944 7497
