10 0.3 28.70266666666667 4.493895810491779 33.996 23.01 0 0
20 0.5 35.829800000000006 9.597037155289128 47.045 23.01 28.70266666666667 3
30 0.1 49.452 0.0 49.452 23.01 33.15712500000001 8
40 0.1 48.653 0.0 49.452 23.01 34.96766666666667 9
50 0.1 23.057 0.0 49.452 23.01 36.336200000000005 10
60 0.3 25.671666666666667 3.8134511345440836 49.452 21.005 35.12900000000001 11
70 0.9 25.99811111111111 6.672461255779349 49.452 21.005 33.10242857142858 14
80 0.1 34.564 0.0 49.452 21.005 30.32247826086957 23
90 0 0 0 49.452 21.005 30.49920833333334 24
100 0.6 26.6455 5.297697101886189 49.452 21.005 30.49920833333334 24
110 2 28.095000000000006 13.065251076806751 80.186 21.005 29.72846666666667 30
120 0.7 25.75357142857143 4.440936543991043 80.186 21.005 29.075080000000003 50
130 0.2 25.3335 0.2764999999999995 80.186 21.005 28.667175438596495 57
140 0 0 0 80.186 21.005 28.554169491525425 59
150 3.1 29.569516129032248 16.413140970204466 110.019 21.005 28.554169491525425 59
160 3.1 28.705838709677415 11.36178003743897 110.019 21.005 28.903899999999997 90
170 0.6 27.144000000000002 3.6648112275168185 110.019 21.005 28.853157024793383 121
180 0 0 0 110.019 21.005 28.772409448818895 127
190 0.6 29.857666666666663 6.18874461331932 110.019 21.005 28.772409448818895 127
200 4.6 27.922108695652163 6.6893248773155145 110.019 21.005 28.82136842105263 133
210 6 30.687666666666665 12.653321359319937 110.019 21.005 28.59027374301676 179
220 1.5 27.37453333333333 4.579354246567474 110.019 21.005 29.11681589958159 239
230 0 0 0 110.019 21.005 29.013925196850394 254
240 0 0 0 110.019 21.005 29.013925196850394 254
250 4.4 38.22165909090908 27.358523149221863 159.196 21.005 29.013925196850394 254
260 15 37.10103333333332 22.95108821455361 243.422 21.005 30.373456375838924 298
270 6.8 34.573617647058846 9.345685969267272 243.422 21.005 32.62599330357142 448
280 0.8 34.531375000000004 13.291326597987691 243.422 21.005 32.88265697674418 516
290 0 0 0 243.422 21.005 32.9078282442748 524
300 0 0 0 243.422 21.005 32.9078282442748 524
310 12.5 43.135528000000015 23.7238363995627 243.422 21.005 32.9078282442748 524
320 30.9 47.62845954692557 18.798564717877994 243.422 21.005 34.87772419106317 649
330 15 44.09025999999998 12.18956554622573 243.422 21.005 38.99043528183716 958
340 1.4 43.656642857142856 11.172062391820711 243.422 21.005 39.680844765342954 1108
350 0 0 0 243.422 21.005 39.730453654188935 1122
360 0 0 0 243.422 21.005 39.730453654188935 1122
370 0 0 0 243.422 21.005 39.730453654188935 1122
380 3.6 58.90677777777778 23.381464763914444 243.422 21.005 39.730453654188935 1122
390 29.4 256.4816700680272 387.7160072998194 4013.169 21.005 40.32660880829014 1158
400 40.6 402.352546798029 1539.1782109113267 15698.096 5.246 84.0935426997245 1452
410 29.8 1545.364708053691 4474.80270809036 20976.594 5.246 153.6377599569428 1858
420 10.1 109.83336633663366 47.34905703949303 20976.594 5.246 346.00076113172526 2156
430 0.9 59.434222222222225 15.232224451090362 20976.594 5.246 335.4323486929551 2257
440 0 0 0 20976.594 5.246 334.3361513680493 2266
450 0 0 0 20976.594 5.246 334.3361513680493 2266
452 0 0 0 20976.594 5.246 334.3361513680493 2266
