10 0.2 8.686 1.0809999999999995 9.767 7.605 0 0
20 0.2 13.4295 5.2285 18.658 7.605 8.686 2
30 0 0 0 18.658 7.605 11.05775 4
40 0 0 0 18.658 7.605 11.05775 4
50 0 0 0 18.658 7.605 11.05775 4
60 0.5 7.7476 0.7393642133617235 18.658 6.744 11.05775 4
70 0 0 0 18.658 6.744 9.218777777777778 9
80 0 0 0 18.658 6.744 9.218777777777778 9
90 0.1 7.764 0.0 18.658 6.744 9.218777777777778 9
100 0.4 6.7044999999999995 1.0002151018655936 18.658 5.406 9.0733 10
110 0.6 6.851166666666667 0.48754672140786204 18.658 5.406 8.3965 14
120 0.2 10.136 2.624 18.658 5.406 7.932899999999999 20
130 0 0 0 18.658 5.406 8.133181818181818 22
140 0.3 16.206666666666667 6.8692439823381495 22.47 5.406 8.133181818181818 22
150 1.3 7.471307692307693 0.8131839970251205 22.47 5.406 9.102 25
160 0.5 6.6148 0.5318760757920964 22.47 5.406 8.544131578947368 38
170 0 0 0 22.47 5.406 8.319790697674419 43
180 0 0 0 22.47 5.406 8.319790697674419 43
190 0.5 12.375800000000002 10.41447504966045 33.185 5.406 8.319790697674419 43
200 2 7.572100000000002 3.048299868779316 33.185 5.406 8.742291666666668 48
210 1.8 6.849277777777778 0.6755096681235547 33.185 5.406 8.398117647058825 68
220 0.2 7.83 0.6379999999999999 33.185 5.406 8.073941860465117 86
230 0 0 0 33.185 5.406 8.068397727272728 88
240 0 0 0 33.185 5.406 8.068397727272728 88
250 3 8.060800000000002 3.542227899688744 33.185 5.406 8.068397727272728 88
260 3.8 7.452921052631579 1.800421096673292 33.185 5.406 8.066466101694918 118
270 0.7 7.200142857142858 0.7415792855350626 33.185 5.406 7.917012820512823 156
280 0.1 8.335 0.0 33.185 5.406 7.886226993865033 163
290 0 0 0 33.185 5.406 7.888963414634149 164
300 0.2 6.9 0.42999999999999994 33.185 5.406 7.888963414634149 164
310 6.6 8.681 5.295079568463881 47.17 5.26 7.8770481927710865 166
320 10.1 14.479920792079206 24.198910596820966 160.963 5.26 8.105758620689656 232
330 1.5 7.752866666666666 2.889066720509507 160.963 5.26 10.039063063063063 333
340 0.1 8.102 0.0 160.963 5.26 9.940520114942528 348
350 0 0 0 160.963 5.26 9.935252148997133 349
360 0 0 0 160.963 5.26 9.935252148997133 349
370 0 0 0 160.963 5.26 9.935252148997133 349
380 3.7 13.884108108108105 20.831052638845854 160.963 5.26 9.935252148997133 349
390 17.6 96.62669886363632 565.8661203146759 7533.41 5.26 10.313769430051812 386
400 8.4 215.52305952380954 1648.7778779377584 15233.79 4.453 37.344153024911016 562
410 5.6 4136.294767857139 6894.616594968231 22583.354 3.202 60.51292724458204 646
420 1.9 19.04263157894736 28.8244753441284 22583.354 3.202 385.6465213675211 702
430 0 0 0 22583.354 3.202 375.9856699029123 721
440 0 0 0 22583.354 3.202 375.9856699029123 721
450 0 0 0 22583.354 3.202 375.9856699029123 721
452 0 0 0 22583.354 3.202 375.9856699029123 721
