10 0.4 72.66725 10.471072446865222 86.641 61.559 0 0
20 0.4 85.5945 16.397778347995803 112.533 61.559 72.66725 4
30 0 0 0 112.533 61.559 79.130875 8
40 0 0 0 112.533 61.559 79.130875 8
50 0.5 67.2554 3.676289466296145 112.533 60.803 79.130875 8
60 1.4 67.673 9.008012790209136 112.533 59.512 74.56338461538462 13
70 0.2 64.914 7.218999999999999 112.533 57.695 70.99059259259259 27
80 0.1 76.734 0.0 112.533 57.695 70.57151724137931 29
90 0 0 0 112.533 57.695 70.77693333333333 30
100 1.1 91.63454545454546 45.83459075923026 187.637 57.695 70.77693333333333 30
110 2.4 64.55054166666666 5.325826641464266 187.637 57.695 76.37287804878049 41
120 0.1 60.6 0.0 187.637 57.695 72.00770769230769 65
130 0 0 0 187.637 57.695 71.83486363636365 66
140 0.8 63.80875 3.4086112182969766 187.637 57.695 71.83486363636365 66
150 4.8 68.03508333333332 9.175185129452277 187.637 57.695 70.96717567567569 74
160 1.4 63.94457142857142 7.513220792274735 187.637 57.695 69.8135655737705 122
170 0.1 66.645 0.0 187.637 57.695 69.20940441176471 136
180 0 0 0 187.637 57.695 69.19068613138687 137
190 1.9 90.29521052631581 39.87598306272633 189.904 57.695 69.19068613138687 137
200 9.2 68.0923913043478 9.476124893597317 189.904 57.695 71.76110897435899 156
210 4.6 69.14110869565219 13.913211540034546 189.904 57.695 70.40013306451613 248
220 0.3 61.98766666666666 1.7093145474786733 189.904 57.695 70.20314285714286 294
230 0 0 0 189.904 57.695 70.12015824915825 297
240 0 0 0 189.904 57.695 70.12015824915825 297
250 7.9 75.13405063291141 26.21430120938131 213.273 57.695 70.12015824915825 297
260 14.8 73.94672297297296 18.747678349533846 213.273 57.695 71.1736090425532 376
270 3.6 67.03475 7.264421780060071 213.273 57.695 71.95685496183206 524
280 0 0 0 213.273 57.695 71.64043392857143 560
290 0 0 0 213.273 57.695 71.64043392857143 560
300 0.4 67.04175 6.271109884821032 213.273 57.695 71.64043392857143 560
310 18.4 89.8025380434783 37.45729635065412 249.454 57.695 71.60781914893617 564
320 31.9 104.42065517241383 66.29706453716281 571.808 57.695 76.08352540106954 748
330 5.5 76.8825636363636 20.928283021928728 571.808 57.695 84.55545079662608 1067
340 0.2 62.1695 1.1094999999999988 571.808 57.695 84.17932887700537 1122
350 0 0 0 571.808 57.695 84.14016548042707 1124
360 0 0 0 571.808 57.695 84.14016548042707 1124
370 0 0 0 571.808 57.695 84.14016548042707 1124
380 13.5 116.43800740740741 86.47403835735656 650.854 57.695 84.14016548042707 1124
390 47.5 327.6218210526318 375.92758735368943 4740.878 0.95 87.60339714058779 1259
400 34.4 865.1537877906985 2861.61560040307 15655.316 0.95 153.3523886966552 1734
410 16.5 2960.678303030304 5937.244897255245 22934.146 0.95 271.18669153031783 2078
420 3.2 115.18699999999998 33.66391768180732 22934.146 0.95 469.0315938475259 2243
430 0.2 59.242000000000004 0.21100000000000385 22934.146 0.95 464.0544391208794 2275
440 0 0 0 22934.146 0.95 463.6988726394381 2277
450 0 0 0 22934.146 0.95 463.6988726394381 2277
452 0 0 0 22934.146 0.95 463.6988726394381 2277
