10 0.2 7.121499999999999 0.4385000000000001 7.56 6.683 0 0
20 0.2 11.4705 4.8985 16.369 6.572 7.121499999999999 2
30 0 0 0 16.369 6.572 9.296 4
40 0 0 0 16.369 6.572 9.296 4
50 0 0 0 16.369 6.572 9.296 4
60 0.4 6.82575 0.5909764694977283 16.369 5.972 9.296 4
70 0.1 6.185 0.0 16.369 5.972 8.060875 8
80 0 0 0 16.369 5.972 7.852444444444444 9
90 0.1 7.086 0.0 16.369 5.972 7.852444444444444 9
100 0.3 6.833333333333333 0.39449996479368926 16.369 5.972 7.775799999999999 10
110 0.7 8.827428571428571 3.47384339877083 16.532 5.972 7.558307692307692 13
120 0.2 7.1065000000000005 0.6205000000000005 16.532 5.972 8.002500000000001 20
130 0 0 0 16.532 5.972 7.921045454545455 22
140 0.2 6.4345 0.39749999999999996 16.532 5.972 7.921045454545455 22
150 1 9.696099999999998 6.493900791511985 27.173 5.708 7.797166666666667 24
160 0.8 6.56775 0.581406645558855 27.173 5.645 8.355676470588234 34
170 0.1 9.489 0.0 27.173 5.645 8.015119047619047 42
180 0 0 0 27.173 5.645 8.049395348837209 43
190 0.2 7.0135000000000005 0.3534999999999997 27.173 5.645 8.049395348837209 43
200 1.3 7.332692307692308 3.2792864698710433 27.173 4.992 8.003355555555554 45
210 2.7 7.057259259259259 0.9081302563037235 27.173 4.992 7.85303448275862 58
220 0.2 6.8895 0.3164999999999998 27.173 4.992 7.600258823529411 85
230 0.1 8.986 0.0 27.173 4.992 7.583919540229885 87
240 0 0 0 27.173 4.992 7.599852272727272 88
250 2.1 6.918857142857144 0.7178185395922236 27.173 4.992 7.599852272727272 88
260 3.6 7.244500000000002 1.8153730944966173 27.173 4.992 7.468651376146789 109
270 1.5 6.536933333333334 0.8179190234301255 27.173 4.992 7.413 145
280 0.4 7.369 0.45827284449332145 27.173 4.992 7.3308687500000005 160
290 0 0 0 27.173 4.992 7.331798780487805 164
300 0.2 7.263999999999999 0.17100000000000004 27.173 4.992 7.331798780487805 164
310 4.7 7.290531914893617 2.192396258746219 27.173 4.992 7.330981927710844 166
320 10.4 7.3133557692307685 1.7195744605428784 27.173 4.992 7.322056338028169 213
330 3 7.338033333333333 2.4006841869674473 27.173 4.992 7.319201892744479 317
340 0.2 7.314 0.35299999999999976 27.173 4.992 7.320829971181556 347
350 0 0 0 27.173 4.992 7.320790830945559 349
360 0 0 0 27.173 4.992 7.320790830945559 349
370 0 0 0 27.173 4.992 7.320790830945559 349
380 1.9 8.494473684210524 3.654112598276964 27.173 4.992 7.320790830945559 349
390 15.8 9.388822784810126 10.304600145491731 132.582 4.992 7.381388586956522 368
400 11 8.138663636363644 2.5602450425239756 132.582 4.992 7.9843821292775665 526
410 6 7.90515 2.509510900720165 132.582 4.992 8.01106603773585 636
420 2.4 6.923375000000001 0.7279254089820375 132.582 4.992 8.001935344827587 696
430 0 0 0 132.582 4.992 7.965983333333333 720
440 0.1 9.202 0.0 132.582 4.992 7.965983333333333 720
450 0 0 0 132.582 4.992 7.967697642163662 721
452 0 0 0 132.582 4.992 7.967697642163662 721
