0 0.1 24.028 0 24.028 24.028 0 0
10 0.3 30.858000000000004 5.2308325022568525 35.559 23.561 24.028 1
20 0.4 24.064 6.954610377296489 35.945 19.104 29.1505 4
30 0.2 21.889000000000003 1.4690000000000003 35.945 19.104 26.60725 8
40 0 0 0 35.945 19.104 25.663600000000002 10
50 0.2 20.631999999999998 1.2200000000000015 35.945 19.104 25.663600000000002 10
60 0.5 19.668200000000002 2.5317145494703768 35.945 16.758 24.825000000000003 12
70 0.6 19.2285 1.311116794950015 35.945 16.758 23.308294117647062 17
80 0.1 21.648 0.0 35.945 16.758 22.244000000000003 23
90 0 0 0 35.945 16.758 22.21916666666667 24
100 0.6 18.2805 0.8134795121370096 35.945 16.758 22.21916666666667 24
110 2.4 21.019625 7.359898135688317 49.673 16.758 21.431433333333338 30
120 0.5 22.2358 4.292418404582666 49.673 16.758 21.248407407407413 54
130 0 0 0 49.673 16.758 21.332084745762717 59
140 0.1 18.963 0.0 49.673 16.758 21.332084745762717 59
150 4.4 19.813909090909092 4.3435445664602605 49.673 15.898 21.292600000000004 60
160 2 18.49105 1.5968219210356547 49.673 15.898 20.667000000000005 104
170 0.3 18.790666666666667 0.626606912044721 49.673 15.898 20.316040322580648 124
180 0 0 0 49.673 15.898 20.280007874015748 127
190 1.3 19.710538461538462 4.0669472886331715 49.673 15.898 20.280007874015748 127
200 5.2 19.38450000000001 5.045790017811497 49.673 15.898 20.227128571428572 140
210 5.5 19.171781818181824 3.8034174570242345 49.673 15.364 19.99891666666667 192
220 0.7 18.022428571428573 0.8816450301474358 49.673 15.364 19.814736842105265 247
230 0 0 0 49.673 15.364 19.765342519685042 254
240 0 0 0 49.673 15.364 19.765342519685042 254
250 7.1 21.266154929577453 15.496199907317477 147.318 15.364 19.765342519685042 254
260 14.3 20.964692307692307 8.327222606541262 147.318 15.364 20.09321230769231 325
270 5.4 19.574444444444445 4.537374394411565 147.318 15.364 20.35949786324786 468
280 0.2 19.244500000000002 1.2474999999999996 147.318 15.364 20.278285440613026 522
290 0 0 0 147.318 15.364 20.274339694656486 524
300 0 0 0 147.318 15.364 20.274339694656486 524
310 18.3 33.897098360655754 43.11119348011538 334.452 15.364 20.274339694656486 524
320 30.4 38.810842105263184 44.942186064593514 419.928 15.364 23.800456859971714 707
330 10.5 21.50769523809522 10.582721418941809 419.928 15.364 28.313965380811087 1011
340 0.6 22.62033333333333 10.324274496975024 419.928 15.364 27.67359050179212 1116
350 0 0 0 419.928 15.364 27.64656773618539 1122
360 0 0 0 419.928 15.364 27.64656773618539 1122
370 0 0 0 419.928 15.364 27.64656773618539 1122
380 7.1 37.30761971830986 41.81901232301269 419.928 15.364 27.64656773618539 1122
390 37.5 733.7916106666672 548.7290025376999 7150.342 15.364 28.22153394803018 1193
400 37.4 844.2477780748661 1677.3526343167925 15827.762 15.364 196.96437755102053 1568
410 25.7 2438.778443579769 5659.95800498087 22983.225 15.364 321.62142790937185 1942
420 6.2 187.33551612903221 68.58234056950576 22983.225 15.364 569.0563315143249 2199
430 0.5 19.819399999999998 1.145097655224218 22983.225 15.364 558.5889761167628 2261
440 0 0 0 22983.225 15.364 557.4001641659314 2266
450 0 0 0 22983.225 15.364 557.4001641659314 2266
452 0 0 0 22983.225 15.364 557.4001641659314 2266
