0 0.8 31.94725 9.809563328074294 57.729 26.26 0 0
10 1.2 25.260499999999997 11.422983676926677 57.729 12.155 31.94725 8
20 0 0 0 57.729 12.155 27.9352 20
30 0 0 0 57.729 12.155 27.9352 20
40 0 0 0 57.729 12.155 27.9352 20
50 2 13.8954 1.6792982284275777 57.729 11.363 27.9352 20
60 1.4 15.075785714285713 5.938732923763783 57.729 11.363 20.9153 40
70 0 0 0 57.729 11.363 19.401351851851853 54
80 0 0 0 57.729 11.363 19.401351851851853 54
90 2 13.8944 1.0048487647402478 57.729 11.363 19.401351851851853 54
100 4.3 13.145232558139533 2.8554533858811224 57.729 10.526 17.912986486486485 74
110 0.6 15.411333333333333 7.384218208825872 57.729 10.526 16.16073504273504 117
120 0 0 0 57.729 10.526 16.124178861788618 123
130 0 0 0 57.729 10.526 16.124178861788618 123
140 9.1 12.893824175824173 2.667193444462692 57.729 10.022 16.124178861788618 123
150 4.5 12.897933333333329 2.866819262605239 57.729 9.696 14.750523364485982 214
160 0 0 0 57.729 9.696 14.428644787644787 259
170 0 0 0 57.729 9.696 14.428644787644787 259
180 0 0 0 57.729 9.696 14.428644787644787 259
190 15.2 13.071868421052631 3.9037336441240353 57.729 9.249 14.428644787644787 259
200 11.8 13.071169491525422 4.287808614786269 57.729 9.249 13.926868613138684 411
210 0 0 0 57.729 9.249 13.735994328922494 529
220 0 0 0 57.729 9.249 13.735994328922494 529
230 0 0 0 57.729 9.249 13.735994328922494 529
240 10.5 12.742152380952387 1.9387958353229877 57.729 9.249 13.735994328922494 529
250 36.5 14.251386301369871 12.734631284714155 160.523 9.249 13.57139905362776 634
260 6.5 14.313661538461538 5.04489156482361 160.523 9.249 13.819842842842846 999
270 0 0 0 160.523 9.249 13.850010338345868 1064
280 0 0 0 160.523 9.249 13.850010338345868 1064
290 0 0 0 160.523 9.249 13.850010338345868 1064
300 27.7 13.116375451263533 7.920840610805145 160.523 8.85 13.850010338345868 1064
310 75.9 18.241665349143595 22.827585355746923 285.36 8.85 13.698469052945564 1341
320 12.7 25.41536220472441 29.476072168238982 285.36 8.85 15.340509999999995 2100
330 0 0 0 285.36 8.85 15.915052537045346 2227
340 0 0 0 285.36 8.85 15.915052537045346 2227
350 0 0 0 285.36 8.85 15.915052537045346 2227
360 0 0 0 285.36 8.85 15.915052537045346 2227
370 0 0 0 285.36 8.85 15.915052537045346 2227
380 127.3 18.990274155538113 23.882976782428912 285.36 8.85 15.915052537045346 2227
390 90.6 328.09512141280334 787.0858405431671 7512.112 8.85 17.033554571428574 3500
400 4.3 12566.35976744186 2698.045214242675 15682.122 8.85 80.99673649568766 4406
410 3.5 18071.28845714286 3194.3884264296553 22876.158 8.85 201.6689348168127 4449
420 0 0 0 22876.158 8.85 341.15079995539696 4484
430 0 0 0 22876.158 8.85 341.15079995539696 4484
440 0 0 0 22876.158 8.85 341.15079995539696 4484
450 0 0 0 22876.158 8.85 341.15079995539696 4484
452 0 0 0 22876.158 8.85 341.15079995539696 4484
