0 0.1 24.952 0 24.952 24.952 0 0
10 0.2 22.749499999999998 13.522499999999999 36.272 9.227 24.952 1
20 0.3 11.716999999999999 1.3152675266525313 36.272 9.227 23.483666666666664 3
30 0 0 0 36.272 9.227 17.60033333333333 6
40 0 0 0 36.272 9.227 17.60033333333333 6
50 0 0 0 36.272 9.227 17.60033333333333 6
60 0.7 8.982285714285712 0.8232676555368001 36.272 7.969 17.60033333333333 6
70 0.4 10.436 1.4270707761004715 36.272 7.969 12.959846153846152 13
80 0.4 12.1445 1.1796282253320318 36.272 7.969 12.366 17
90 0 0 0 36.272 7.969 12.32380952380952 21
100 0.5 10.1026 0.5018735298857667 36.272 7.969 12.32380952380952 21
110 0.9 10.204333333333333 2.4696827506562222 36.272 7.559 11.896653846153846 26
120 0.6 9.619666666666665 0.7193931856471507 36.272 7.559 11.461485714285715 35
130 0.1 6.306 0.0 36.272 6.306 11.191951219512195 41
140 0.1 8.211 0.0 36.272 6.306 11.075619047619048 42
150 2.4 8.652750000000003 0.9517333419433543 36.272 6.306 11.009 43
160 1.5 8.909799999999999 1.381165073407231 36.272 6.306 10.164970149253733 67
170 0.7 9.163857142857141 1.035042225304487 36.272 6.306 9.935365853658537 82
180 0 0 0 36.272 6.306 9.874685393258426 89
190 0.1 8.936 0.0 36.272 6.306 9.874685393258426 89
200 4.6 8.590869565217394 1.1282110619817871 36.272 6.306 9.864255555555555 90
210 4.2 8.691404761904764 1.0313973198558817 36.272 6.306 9.433551470588236 136
220 0.8 9.10125 0.9522856386085005 36.272 6.306 9.258438202247193 178
230 0.1 9.94 0.0 36.272 6.306 9.251677419354841 186
240 0 0 0 36.272 6.306 9.255358288770056 187
250 2.8 9.772857142857145 5.845456878846082 39.87 6.306 9.255358288770056 187
260 10.5 9.226761904761906 3.1016016523688728 39.87 6.306 9.322753488372095 215
270 5.2 8.980519230769229 1.3612804420610285 39.87 6.306 9.291256250000002 320
280 0.4 9.45975 0.49996668639020325 39.87 6.306 9.247819892473121 372
290 0 0 0 39.87 6.306 9.25007446808511 376
300 0 0 0 39.87 6.306 9.25007446808511 376
310 5.2 15.18423076923077 21.23809058545462 135.061 6.306 9.25007446808511 376
320 22.6 16.205557522123883 23.434188650303618 178.193 6.306 9.971046728971965 428
330 8.8 9.13613636363636 2.6071134952010633 178.193 6.306 12.125480122324158 654
340 1.3 8.891692307692308 0.6888917950777494 178.193 6.306 11.770948787061995 742
350 0.1 9.577 0.0 178.193 6.306 11.721372185430464 755
360 0 0 0 178.193 6.306 11.718535714285714 756
370 0 0 0 178.193 6.306 11.718535714285714 756
380 2.2 18.10509090909091 26.803665615849653 178.193 6.306 11.718535714285714 756
390 21 122.54893809523814 365.42737972043597 5256.339 6.306 11.899132390745502 778
400 27.5 231.66388363636372 1531.8818824167897 15686.731 6.306 35.41781578947369 988
410 17.9 1354.2077877094987 4252.854923933649 15967.831 6.306 78.14756136183692 1263
420 4.3 26.35376744186047 10.037775610250044 15967.831 6.107 236.54893481276028 1442
430 0.6 9.235333333333335 0.9274613498985039 15967.831 6.107 230.46247542087562 1485
440 0 0 0 15967.831 6.107 229.5722253521129 1491
450 0 0 0 15967.831 6.107 229.5722253521129 1491
452 0 0 0 15967.831 6.107 229.5722253521129 1491
