10 0.7 71.86228571428572 4.075467149885509 76.743 65.283 0 0
20 0.5 71.55780000000001 9.829764257600484 83.506 60.112 71.86228571428572 7
30 0.4 70.108 5.083215271853045 83.506 60.112 71.73541666666668 12
40 0 0 0 83.506 60.112 71.3285625 16
50 0.3 63.635333333333335 3.0985474374652107 83.506 59.963 71.3285625 16
60 2.3 66.67852173913045 13.700671608005099 118.546 55.163 70.11384210526316 19
70 1.3 68.15938461538461 15.647824781436318 118.546 55.163 68.23259523809524 42
80 0.4 67.4485 3.5039846960282253 118.546 55.163 68.21529090909091 55
90 0.1 73.699 0.0 118.546 55.163 68.16330508474576 59
100 1.2 70.07424999999998 9.093296928003253 118.546 54.429 68.25556666666667 60
110 3.8 68.40649999999998 21.006661766349016 133.052 54.02 68.55868055555555 72
120 2.1 62.336380952380956 8.655734864547982 133.052 53.07 68.50610909090909 110
130 0.1 71.577 0.0 133.052 53.07 67.51706870229009 131
140 0.3 74.127 21.65648726517453 133.052 53.07 67.54782575757577 132
150 6.6 70.78201515151514 24.15241692685975 192.147 53.07 67.69402962962964 135
160 6.3 62.96241269841271 9.627829532777351 192.147 52.554 68.70799502487563 201
170 0.9 57.45411111111111 4.188133857683702 192.147 51.221 67.33689015151516 264
180 0.1 84.712 0.0 192.147 51.221 67.01108424908425 273
190 0.8 62.393375 2.8492733256700755 192.147 51.221 67.07568613138686 274
200 13.7 67.53545255474454 19.183900905977822 239.494 51.221 66.94285460992909 282
210 14.3 65.04100699300703 14.427493653155395 239.494 51.221 67.13661575178999 419
220 2.9 60.314379310344826 7.262678865570164 239.494 51.221 66.60339145907476 562
230 0.3 71.25466666666667 12.163894012837975 239.494 51.221 66.29479357022 591
240 0 0 0 239.494 51.221 66.31984343434347 594
250 6.5 69.01550769230771 8.564274818863403 239.494 51.221 66.31984343434347 594
260 27.6 73.92926449275357 25.225129416488507 239.494 51.221 66.58572837632781 659
270 17.1 63.32359064327485 14.202741882830997 239.494 51.221 68.75344598930482 935
280 1.4 62.010571428571424 11.877683340223053 239.494 51.221 67.91392947558771 1106
290 0 0 0 239.494 51.221 67.84013750000001 1120
300 0 0 0 239.494 51.221 67.84013750000001 1120
310 20.2 97.72531188118806 60.7194374263549 455.816 51.221 67.84013750000001 1120
320 58.9 96.0893140916808 50.70189621745585 541.998 51.221 72.40655597579425 1322
330 30.7 68.69222801302938 24.02406332245445 541.998 51.221 79.70595133437989 1911
340 2.9 60.45906896551724 8.327165808907425 541.998 51.221 78.18150901713256 2218
350 0.1 63.765 0.0 541.998 51.221 77.95278148642635 2247
360 0 0 0 541.998 51.221 77.94647019572955 2248
370 0 0 0 541.998 51.221 77.94647019572955 2248
380 8.8 126.20088636363636 78.6494630971144 541.998 51.221 77.94647019572955 2248
390 56.9 347.2111159929707 495.08649994935837 6933.771 51.221 79.76427354452055 2336
400 76.8 486.26747656250024 1793.96466032346 15289.77 51.221 132.14887022375228 2905
410 64.7 1498.0178253477582 4605.496072306041 22952.535 51.221 206.19272801524656 3673
420 21.1 103.10317061611366 30.200087178388475 22952.535 51.221 399.6674590277778 4320
430 2 64.94579999999999 14.860079295212389 22952.535 51.221 385.857027587729 4531
440 0.1 63.183 0.0 22952.535 51.221 384.4467387387388 4551
450 0 0 0 22952.535 51.221 384.37616234622146 4552
452 0 0 0 22952.535 51.221 384.37616234622146 4552
