10 0.2 19.2805 6.266500000000001 25.547 13.014 0 0
20 0.3 13.665999999999999 1.9087488048457286 25.547 11.952 19.2805 2
30 0.3 13.604666666666667 0.19044917665584388 25.547 11.952 15.9118 5
40 0.2 37.257999999999996 22.307000000000002 59.565 11.952 15.046624999999999 8
50 0 0 0 59.565 11.952 19.488899999999997 10
60 0.3 10.709000000000001 0.576038771843238 59.565 10.003 19.488899999999997 10
70 0.9 12.395999999999999 1.8458750409132976 59.565 9.51 17.46276923076923 13
80 0.1 14.484 0.0 59.565 9.51 15.389999999999999 22
90 0.1 14.01 0.0 59.565 9.51 15.350608695652172 23
100 0.2 9.475999999999999 0.34899999999999887 59.565 9.127 15.294749999999999 24
110 1.9 10.986315789473684 2.3105253686606377 59.565 8.644 14.847153846153844 26
120 0.8 11.814125 1.2626842872923538 59.565 8.644 13.217022222222221 45
130 0.6 12.204833333333333 1.4366228241570191 59.565 8.644 13.005264150943397 53
140 0 0 0 59.565 8.644 12.923864406779662 59
150 1.8 10.447777777777775 0.6757802532016484 59.565 8.644 12.923864406779662 59
160 3.7 11.717378378378376 2.8230228704528892 59.565 8.585 12.345038961038961 77
170 1 11.5691 0.6965774113477984 59.565 8.585 12.141324561403508 114
180 0.3 13.165666666666667 0.1955203882520246 59.565 8.585 12.095177419354838 124
190 0.1 9.454 0.0 59.565 8.585 12.120464566929133 127
200 3.2 11.416781250000001 6.1088119995542876 59.565 8.293 12.0996328125 128
210 6.2 10.70546774193549 2.2909956190221687 59.565 8.293 11.9630625 160
220 2.6 12.03357692307692 3.9054595334172597 59.565 8.293 11.611842342342344 222
230 0.5 11.537600000000001 0.6531063006892525 59.565 8.293 11.656056451612905 248
240 0.1 15.41 0.0 59.565 8.293 11.653715415019764 253
250 1.4 19.39035714285714 31.585902672840675 133.235 8.293 11.668503937007875 254
260 12 11.529366666666668 3.8145769794594804 133.235 8.293 12.07188432835821 268
270 10.4 10.817403846153846 3.1065249925303964 133.235 7.915 11.904095360824744 388
280 3 11.191233333333336 1.1099259639973986 133.235 7.915 11.674388211382116 492
290 0.2 11.7005 1.0764999999999993 133.235 7.915 11.646620689655174 522
300 0 0 0 133.235 7.915 11.646826335877865 524
310 5.6 17.670178571428572 25.70893587084011 150.796 7.915 11.646826335877865 524
320 24.8 16.905721774193548 18.20173664368259 196.13 7.915 12.228391379310345 580
330 23.2 11.9274051724138 8.819575512185704 196.13 7.707 13.629330917874395 828
340 5.3 11.265358490566033 3.169410058160279 196.13 7.707 13.256833962264151 1060
350 0.8 12.521 0.9149297787262144 196.13 7.707 13.162001796945194 1113
360 0.1 13.747 0.0 196.13 7.707 13.1574272970562 1121
370 0 0 0 196.13 7.707 13.157952762923351 1122
380 0.8 29.199374999999996 41.34220283178407 196.13 7.707 13.157952762923351 1122
390 14.2 105.44230281690136 88.02734724776572 548.428 7.707 13.2715203539823 1130
400 37.9 222.6162295514515 1448.2629642843735 15545.649 7.707 23.56102594339622 1272
410 34.1 784.6852815249272 3290.5220142304292 21531.873 7.707 69.25570926711092 1651
420 21.9 1465.4296940639267 3172.2942709815648 21531.873 7.707 191.7263338353415 1992
430 4.7 17.096425531914896 35.48871767720149 21531.873 7.707 317.88691090004534 2211
440 0.7 11.92742857142857 1.4429021209396864 21531.873 7.707 311.6259929140833 2258
450 0 0 0 21531.873 7.707 310.69977218543056 2265
452 0 0 0 21531.873 7.707 310.69977218543056 2265
