0 12 12
10 23 29
20 10 29
30 2 29
40 1 29
50 36 36
60 36 49
70 13 49
80 3 49
90 31 49
100 94 96
110 52 102
120 17 102
130 0 102
140 166 166
150 166 220
160 46 220
170 8 220
180 0 220
190 272 272
200 336 413
210 103 413
220 21 413
230 2 413
240 222 413
250 770 770
260 436 816
270 90 816
280 6 816
290 1 816
300 493 816
310 1542 1542
320 851 1635
330 162 1635
340 18 1635
350 3 1635
360 0 1635
370 0 1635
380 2166 2167
390 3100 3424
400 1843 3424
410 714 3424
420 130 3424
430 16 3424
440 2 3424
450 0 3424
452 0 3424
