0 0.1 0.0 0 0.0 0.0 0 0
10 0.1 0.0 0.0 0.0 0.0 0.0 1
20 0.1 0.0 0.0 0.0 0.0 0.0 2
30 0.1 0.0 0.0 0.0 0.0 0.0 3
40 0.1 0.0 0.0 0.0 0.0 0.0 4
50 0.1 0.0 0.0 0.0 0.0 0.0 5
60 0.1 0.0 0.0 0.0 0.0 0.0 6
70 0.1 0.0 0.0 0.0 0.0 0.0 7
80 0.1 0.0 0.0 0.0 0.0 0.0 8
90 0.1 0.0 0.0 0.0 0.0 0.0 9
100 0.1 0.0 0.0 0.0 0.0 0.0 10
110 0.1 0.0 0.0 0.0 0.0 0.0 11
120 0.1 0.0 0.0 0.0 0.0 0.0 12
130 0.1 0.0 0.0 0.0 0.0 0.0 13
140 0.1 0.0 0.0 0.0 0.0 0.0 14
150 0.1 0.0703125 0.0 0.0703125 0.0 0.0 15
160 0.1 0.05859375 0.0 0.0703125 0.0 0.00439453125 16
170 0.1 0.05078125 0.0 0.0703125 0.0 0.007582720588235294 17
180 0.1 0.0390625 0.0 0.0703125 0.0 0.009982638888888888 18
190 0.1 0.0390625 0.0 0.0703125 0.0 0.011513157894736841 19
200 0.1 0.03125 0.0 0.0703125 0.0 0.012890625 20
210 0.1 0.01953125 0.0 0.0703125 0.0 0.013764880952380952 21
220 0.1 0.01953125 0.0 0.0703125 0.0 0.014026988636363636 22
230 0.1 0.01953125 0.0 0.0703125 0.0 0.014266304347826086 23
240 0.1 0.01171875 0.0 0.0703125 0.0 0.014485677083333334 24
250 0.1 0.01171875 0.0 0.0703125 0.0 0.014375 25
260 0.1 0.08984375 0.0 0.08984375 0.0 0.014272836538461538 26
270 0.1 0.078125 0.0 0.08984375 0.0 0.01707175925925926 27
280 0.1 0.30078125 0.0 0.30078125 0.0 0.019252232142857144 28
290 0.1 0.328125 0.0 0.328125 0.0 0.028960129310344827 29
300 0.1 0.26953125 0.0 0.328125 0.0 0.03893229166666667 30
310 0.1 0.23046875 0.0 0.328125 0.0 0.046370967741935484 31
320 0.1 0.19921875 0.0 0.328125 0.0 0.0521240234375 32
330 0.1 0.16015625 0.0 0.328125 0.0 0.05658143939393939 33
340 0.1 0.140625 0.0 0.328125 0.0 0.05962775735294118 34
350 0.1 0.12109375 0.0 0.328125 0.0 0.06194196428571429 35
360 0.1 0.1015625 0.0 0.328125 0.0 0.06358506944444445 36
370 0.1 0.078125 0.0 0.328125 0.0 0.06461148648648649 37
377 0.1 0.0703125 0.0 0.328125 0.0 0.0649671052631579 38
