0 3.1 93.84745161290323 78.49947225786802 198.87 4.998 0 0
10 10.9 78.06378899082569 77.78766451158232 254.181 4.556 93.84745161290323 31
20 6.1 117.76375409836064 317.7409563794173 1821.32 4.037 81.55874285714286 140
30 1.2 33.61308333333333 54.34085012440508 1821.32 4.037 92.54633333333332 201
40 6.3 89.77633333333335 82.75846020532012 1821.32 4.037 89.22615023474178 213
50 22.3 90.51046188340801 144.31106043738453 1821.32 4.037 89.35173550724637 276
60 14.2 90.88155633802818 224.6275990580518 1857.259 4.037 89.86956312625247 499
70 2.3 36.98182608695654 57.718907632747005 1857.259 4.037 90.09374882995317 641
80 3.8 96.84989473684209 85.94629612416469 1857.259 4.037 88.25402861445781 664
90 37.4 88.2919518716577 88.48960289978318 1857.259 3.805 88.71933190883189 702
100 41.1 127.36345255474443 322.12543177642465 2534.296 3.805 88.57078159851298 1076
110 17.9 136.72825698324021 413.00024842592785 2534.296 3.805 99.29289845326154 1487
120 3.9 43.18246153846152 57.85041106200881 2534.296 3.805 103.31506482593034 1666
130 5.7 97.01052631578942 92.59493307896726 2534.296 3.805 101.93959765395891 1705
140 59.5 117.26669411764695 161.53512691830053 2694.818 3.805 101.78014415437 1762
150 80.9 129.17402348578457 329.1924158898524 3370.079 3.805 105.68956173101395 2357
160 33.9 201.7197286135691 591.2357995360876 3370.079 3.805 111.69048704990512 3166
170 5.9 111.50437288135596 442.43740634614255 3370.079 3.805 120.39802282453623 3505
180 0 0 0 3370.079 3.805 120.25079349046003 3564
190 15.8 151.3620316455696 148.52932239828584 3370.079 3.805 120.25079349046003 3564
200 116.3 303.97159157351666 563.4226054085706 3602.644 3.805 121.57147474476075 3722
210 127.2 1416.6499827044013 2225.576234350099 9341.254 3.805 164.9965179119753 4885
220 109.3 978.0784373284528 2124.8352708388347 22614.817 3.805 423.58076465811234 6157
230 40.1 1094.279209476309 3228.8470112544696 22614.817 3.805 507.1760689655168 7250
240 6.8 121.31800000000003 555.8907642799925 22614.817 3.805 537.946995556136 7651
250 18.1 252.58722651933718 290.4576601248309 22614.817 3.805 534.2767310532448 7719
260 100.3 641.020208374876 1393.133423729163 22614.817 3.805 527.8228322784806 7900
270 161.5 2629.4592631578953 4362.429723850525 22614.817 0.685 540.5754963495448 8903
280 151.1 3728.9040502978187 5915.45737400846 22614.817 0.678 861.315873169804 10518
290 113.5 5587.461676651984 7026.487778789822 22614.817 0.678 1221.5225184138333 12029
300 116.6 4578.48251200686 6731.135757579008 22614.817 0.678 1597.9537661045276 13164
310 101.3 2326.3499526159894 4150.3036415918805 22614.817 0.678 1840.4727136078156 14330
320 12.9 950.2966046511629 6714.923233672921 59804.957 0.678 1872.5520750830995 15343
330 9.9 17880.64247474748 22372.092653119213 60018.511 0.678 1864.8626389607027 15472
340 19.5 6896.042235897434 13476.510816247013 60018.511 0.678 1966.6905372166202 15571
350 2.3 5337.822782608696 16869.863913944293 60018.511 0.678 2027.6586699860454 15766
360 1 30052.327899999997 29951.41042933424 60018.511 0.678 2032.4806203686103 15789
370 3.8 56849.40097368423 13377.826705833686 60018.511 0.678 2050.215823406544 15799
377 0.7 60008.37328571428 9.527073568284388 60031.444 0.678 2181.703418008461 15837
