10 0.1 852 0 852 852 0 0
20 0.1 2011.0 0.0 2011 852 852.0 1
30 0.1 721.0 0.0 2011 721 1431.5 2
40 0.1 83.0 0.0 2011 83 1194.6666666666667 3
50 0.1 1749.0 0.0 2011 83 916.75 4
60 0.1 3756.0 0.0 3756 83 1083.2 5
70 0.1 2255.0 0.0 3756 83 1528.6666666666667 6
80 0.1 214.0 0.0 3756 83 1632.4285714285713 7
90 0.1 1939.0 0.0 3756 83 1455.125 8
100 0.1 7242.0 0.0 7242 83 1508.888888888889 9
110 0.1 6696.0 0.0 7242 83 2082.2 10
120 0.1 2135.0 0.0 7242 83 2501.6363636363635 11
130 0.1 344.0 0.0 7242 83 2471.0833333333335 12
140 0.1 2226.0 0.0 7242 83 2307.4615384615386 13
150 0.1 13670.0 0.0 13670 83 2301.6428571428573 14
160 0.1 13643.0 0.0 13670 83 3059.5333333333333 15
170 0.1 4970.0 0.0 13670 83 3721.0 16
180 0.1 467.0 0.0 13670 83 3794.470588235294 17
190 0.1 11.0 0.0 13670 11 3609.6111111111113 18
200 0.1 7121.0 0.0 13670 11 3420.2105263157896 19
210 0.1 22339.0 0.0 22339 11 3605.25 20
220 0.1 30033.0 0.0 30033 11 4497.333333333333 21
230 0.1 22592.0 0.0 30033 11 5658.045454545455 22
240 0.1 5229.0 0.0 30033 11 6394.304347826087 23
250 0.1 439.0 0.0 30033 11 6345.75 24
260 0.1 10024.0 0.0 30033 11 6109.48 25
270 0.1 14541.0 0.0 30033 11 6260.038461538462 26
280 0.1 32187.0 0.0 32187 11 6566.740740740741 27
290 0.1 28368.0 0.0 32187 11 7481.75 28
300 0.1 35341.0 0.0 35341 11 8201.965517241379 29
310 0.1 31236.0 0.0 35341 11 9106.6 30
320 0.1 17141.0 0.0 35341 11 9820.451612903225 31
330 0.1 1408.0 0.0 35341 11 10049.21875 32
340 0.1 4337.0 0.0 35341 11 9787.363636363636 33
350 0.1 2562.0 0.0 35341 11 9627.058823529413 34
360 0.1 130.0 0.0 35341 11 9425.2 35
370 0.1 47.0 0.0 35341 11 9167.0 36
377 0.1 89.0 0.0 35341 11 8920.513513513513 37
