0 3.1 93.84745161290323 78.49947225786802 198.87 4.998 0 0
10 10.9 78.06378899082569 77.78766451158232 254.181 4.556 93.84745161290323 31
20 6.1 117.76375409836064 317.7409563794173 1821.32 4.037 81.55874285714286 140
30 1.4 28.78271428571428 50.58489655933248 1821.32 4.037 92.54633333333332 201
40 6.3 89.77633333333335 82.75846020532012 1821.32 4.037 88.39428372093022 215
50 22.3 90.51046188340801 144.31106043738453 1821.32 4.037 88.70748201438849 278
60 14.4 89.61632638888888 223.28837280548805 1857.259 4.037 89.51000598802393 501
70 2.4 35.43412500000001 56.688579847349985 1857.259 4.037 89.5337426356589 645
80 3.8 96.84989473684209 85.94629612416469 1857.259 4.037 87.59294917787741 669
90 37.4 88.2919518716577 88.48960289978318 1857.259 3.805 88.09049363507778 707
100 41.3 126.7461912832929 321.4601512914761 2534.296 3.805 88.16019333950042 1081
110 18.6 131.57648924731166 405.94651055863727 2534.296 3.805 98.82687148594373 1494
120 4.4 38.25540909090909 55.258614376698254 2534.296 3.805 102.45272202380947 1680
130 5.8 95.33384482758616 92.52923186397904 2534.296 3.805 100.81427552204173 1724
140 59.5 117.26669411764695 161.53512691830053 2694.818 3.805 100.63590011223341 1782
150 81.1 128.85502096177555 328.8419470215114 3370.079 3.805 104.79884602440045 2377
160 35 195.37619714285688 582.909579768569 3370.079 3.805 110.91853168130486 3188
170 7.1 92.6289295774647 405.3095781354632 3370.079 3.805 119.27358620689648 3538
180 0 0 0 3370.079 3.805 118.74940482128005 3609
190 15.9 150.40862893081754 148.528602515651 3370.079 3.805 118.74940482128005 3609
200 116.3 303.97159157351666 563.4226054085706 3602.644 3.805 120.08534341825896 3768
210 127.2 1416.6499827044013 2225.576234350099 9341.254 3.805 163.45579699858035 4931
220 109.5 976.291611872145 2123.301212920271 22614.817 3.805 420.4383867483473 6203
230 41.9 1047.2626133651543 3166.502627908427 22614.817 3.805 503.8392200602901 7298
240 9.3 88.65036559139783 478.1557914754586 22614.817 3.805 533.3447794479715 7717
250 18.3 249.8250765027324 290.0379229594434 22614.817 3.805 528.0494426376436 7810
260 100.3 641.020208374876 1393.133423729163 22614.817 3.805 521.6794865507314 7993
270 161.6 2627.8320823019835 4361.5699785343595 22614.817 0.685 534.9852606714092 8996
280 151.4 3721.5148989432 5911.64624296176 22614.817 0.678 853.6848897474558 10612
290 113.5 5587.461676651984 7026.487778789822 22614.817 0.678 1211.7497614217389 12126
300 117.7 4535.691774851323 6714.076650331925 22614.817 0.678 1586.2639778297269 13261
310 101.6 2319.4802086614136 4146.093619768926 22614.817 0.678 1826.7042408228297 14438
320 12.9 950.2966046511629 6714.923233672921 59804.957 0.678 1859.101056101981 15454
330 10.5 16858.88205714286 22116.400909068718 60018.511 0.678 1851.5777438875705 15583
340 24.6 5466.337365853662 12319.794648246489 60018.511 0.678 1952.0218382840394 15688
350 3.9 3147.881717948718 13218.39945343436 60018.511 0.678 2006.2782472072306 15934
360 1.3 23117.138076923082 29161.40737993713 60018.511 0.678 2009.0656093407633 15973
370 3.9 55391.718897435894 15972.505777967674 60018.511 0.678 2026.2309378831485 15986
377 0.7 60008.37328571428 9.527073568284388 60031.444 0.678 2156.1063843993766 16025
