10 0.1 225 0 225 225 0 0
20 0.1 511.0 0.0 511 225 225.0 1
30 0.1 199.0 0.0 511 199 368.0 2
40 0.1 46.0 0.0 511 46 311.6666666666667 3
50 0.1 755.0 0.0 755 46 245.25 4
60 0.1 974.0 0.0 974 46 347.2 5
70 0.1 949.0 0.0 974 46 451.6666666666667 6
80 0.1 88.0 0.0 974 46 522.7142857142857 7
90 0.1 516.0 0.0 974 46 468.37499999999994 8
100 0.1 1901.0 0.0 1901 46 473.6666666666667 9
110 0.1 1705.0 0.0 1901 46 616.4 10
120 0.1 1005.0 0.0 1901 46 715.3636363636364 11
130 0.1 155.0 0.0 1901 46 739.5 12
140 0.1 583.0 0.0 1901 46 694.5384615384615 13
150 0.1 3452.0 0.0 3452 46 686.5714285714286 14
160 0.1 3397.0 0.0 3452 46 870.9333333333333 15
170 0.1 1418.0 0.0 3452 46 1028.8125 16
180 0.1 223.0 0.0 3452 46 1051.7058823529412 17
190 0.1 11.0 0.0 3452 11 1005.6666666666666 18
200 0.1 1786.0 0.0 3452 11 953.3157894736842 19
210 0.1 7044.0 0.0 7044 11 994.95 20
220 0.1 7549.0 0.0 7549 11 1283.0 21
230 0.1 6159.0 0.0 7549 11 1567.8181818181818 22
240 0.1 1626.0 0.0 7549 11 1767.4347826086957 23
250 0.1 276.0 0.0 7549 11 1761.5416666666667 24
260 0.1 3286.0 0.0 7549 11 1702.12 25
270 0.1 6438.0 0.0 7549 11 1763.0384615384614 26
280 0.1 9246.0 0.0 9246 11 1936.1851851851852 27
290 0.1 8102.0 0.0 9246 11 2197.25 28
300 0.1 8695.0 0.0 9246 11 2400.862068965517 29
310 0.1 7958.0 0.0 9246 11 2610.6666666666665 30
320 0.1 4914.0 0.0 9246 11 2783.1612903225805 31
330 0.1 502.0 0.0 9246 11 2849.75 32
340 0.1 872.0 0.0 9246 11 2778.6060606060605 33
350 0.1 819.0 0.0 9246 11 2722.529411764706 34
360 0.1 104.0 0.0 9246 11 2668.1428571428573 35
370 0.1 47.0 0.0 9246 11 2596.9166666666665 36
377 0.1 122.0 0.0 9246 11 2528.0 37
