0 512.09765625 512.09765625
10 1955.79921875 2467.896875
20 985.86875 3453.765625
30 61.3640625 3515.1296875
40 1166.759375 4681.8890625
50 3649.6515625 8331.540625
60 2383.05625 10714.596875
70 274.52109375 10989.11796875
80 842.28046875 11831.3984375
90 6536.5828125 18367.98125
100 7178.58984375 25546.57109375
110 2567.2890625 28113.86015625
120 404.6859375 28518.54609375
130 1329.3109375 29847.85703125
140 11406.3265625 41254.18359375
150 14738.003125 55992.18671875
160 5991.5359375 61983.72265625
170 469.11875 62452.84140625
180 0 62452.84140625
190 4611.9078125 67064.74921875
200 20910.41875 87975.16796875
210 29219.87265625 117195.040625
220 24505.37421875 141700.41484375
230 6550.690625 148251.10546875
240 300.39140625 148551.496875
250 6259.38671875 154810.88359375
260 13110.77890625 167921.6625
270 26481.434375 194403.096875
280 33030.66953125 227433.76640625
290 32578.5390625 260012.30546875
300 33819.671875 293831.97734375
310 22263.68671875 316095.6640625
320 1231.8421875 317327.50625
330 3176.30703125 320503.81328125
340 3880.57109375 324384.384375
350 39.63984375 324424.02421875
360 10.3984375 324434.42265625
370 12.8484375 324447.27109375
377 1.79921875 324449.0703125
