0 10.80859375 10.80859375
10 47.853125 58.66171875
20 27.3484375 86.01015625
30 6.153125 92.16328125
40 21.90390625 114.0671875
50 95.16953125 209.23671875
60 65.76171875 274.9984375
70 10.59296875 285.59140625
80 8.40234375 293.99375
90 153.0328125 447.0265625
100 186.5234375 633.55
110 80.9078125 714.4578125
120 19.196875 733.6546875
130 13.56953125 747.22421875
140 234.84140625 982.065625
150 371.09453125 1353.16015625
160 153.14609375 1506.30625
170 30.50859375 1536.81484375
180 0 1536.81484375
190 38.94296875 1575.7578125
200 512.640625 2088.3984375
210 570.14296875 2658.54140625
220 452.63046875 3111.171875
230 164.19296875 3275.36484375
240 39.4828125 3314.84765625
250 47.02734375 3361.875
260 547.49453125 3909.36953125
270 583.96875 4493.33828125
280 710.22890625 5203.5671875
290 429.7703125 5633.3375
300 427.05390625 6060.39140625
310 367.5203125 6427.91171875
320 57.03671875 6484.9484375
330 31.95703125 6516.90546875
340 90.2609375 6607.16640625
350 16.03515625 6623.2015625
360 3.353125 6626.5546875
370 1.23515625 6627.78984375
377 0 6627.78984375
