20 0.3 8.781333333333334 3.0772039617520024 13.077 6.03 0 0
30 0 0 0 13.077 6.03 8.781333333333334 3
40 0 0 0 13.077 6.03 8.781333333333334 3
50 0.4 6.88025 0.5523071496006542 13.077 5.926 8.781333333333334 3
60 0.2 7.827 0.40199999999999947 13.077 5.926 7.695 7
70 0.1 7.059 0.0 13.077 5.926 7.724333333333334 9
80 0 0 0 13.077 5.926 7.6578 10
90 0.9 8.918777777777777 5.181323442643196 23.534 5.926 7.6578 10
100 1.3 9.225461538461538 5.206121406063688 23.534 5.926 8.255105263157894 19
110 0.3 7.0793333333333335 0.3653394160077572 23.534 5.926 8.649312499999999 32
120 0 0 0 23.534 5.926 8.514742857142856 35
130 0 0 0 23.534 5.926 8.514742857142856 35
140 1 8.838599999999998 2.129036458119024 23.534 5.926 8.514742857142856 35
150 1.9 10.701157894736838 5.426249623365041 24.557 5.599 8.586711111111109 45
160 1.2 7.9005833333333335 1.499307254386357 24.557 5.599 9.214437499999997 64
170 0 0 0 24.557 5.599 9.006986842105261 76
180 0 0 0 24.557 5.599 9.006986842105261 76
190 0 0 0 24.557 5.599 9.006986842105261 76
200 1 30.484199999999998 22.41524193846678 80.8 5.599 9.006986842105261 76
210 3.3 54.83439393939394 41.314945491504936 175.974 5.599 11.504337209302323 86
220 3.6 28.103416666666664 18.594691938792938 175.974 5.599 23.520235294117647 119
230 0.3 23.685000000000002 9.343882740417214 175.974 5.599 24.58471612903226 155
240 0 0 0 175.974 5.599 24.567632911392405 158
250 0 0 0 175.974 5.599 24.567632911392405 158
260 0.1 566.961 0.0 566.961 5.599 24.567632911392405 158
270 1.8 652.9023888888888 700.5102393557411 2039.118 0.849 27.978911949685536 159
280 2.2 597.4025 367.1851745745475 2039.118 0.849 91.53045197740113 177
290 3.5 519.1246000000001 617.3369114406634 2116.836 0.849 147.45600502512565 199
300 8 73.87741249999998 52.62991801596638 2116.836 0.849 203.04746153846156 234
310 4.3 44.023581395348835 35.369740920100085 2116.836 0.849 170.13789490445862 314
320 0 0 0 2116.836 0.849 154.9476554621849 357
330 0 0 0 2116.836 0.849 154.9476554621849 357
340 0 0 0 2116.836 0.849 154.9476554621849 357
350 0 0 0 2116.836 0.849 154.9476554621849 357
360 0 0 0 2116.836 0.849 154.9476554621849 357
370 0 0 0 2116.836 0.849 154.9476554621849 357
377 0 0 0 2116.836 0.849 154.9476554621849 357
