10 0.7 64.46957142857143 4.367022125533365 72.678 60.56 0 0
20 0.1 61.653 0.0 72.678 60.56 64.46957142857143 7
30 0 0 0 72.678 60.56 64.11749999999999 8
40 0.3 61.44499999999999 0.2967906108128523 72.678 60.56 64.11749999999999 8
50 0.7 65.82271428571428 6.978749165743625 77.309 60.56 63.38863636363635 11
60 0.8 67.995875 13.839902469286951 101.775 59.787 64.33522222222221 18
70 0 0 0 101.775 59.787 65.46157692307692 26
80 0 0 0 101.775 59.787 65.46157692307692 26
90 1.3 66.69069230769232 5.243907210125134 101.775 59.787 65.46157692307692 26
100 1.6 73.0835 14.553233575394852 112.112 59.787 65.87128205128205 39
110 0.6 79.089 9.725979933490848 112.112 59.787 67.96938181818182 55
120 0 0 0 112.112 59.787 69.06311475409835 61
130 0 0 0 112.112 59.787 69.06311475409835 61
140 1.3 90.26207692307692 35.91742985164625 210.174 59.787 69.06311475409835 61
150 4.3 79.58444186046513 18.177095971786855 210.174 59.787 72.78725675675675 74
160 1 74.17169999999999 10.929107631000797 210.174 59.64 75.28536752136753 117
170 0 0 0 210.174 59.64 75.19767716535434 127
180 0 0 0 210.174 59.64 75.19767716535434 127
190 0 0 0 210.174 59.64 75.19767716535434 127
200 2.2 258.54622727272726 171.3949798320539 837.986 59.64 75.19767716535434 127
210 6.2 612.9369677419356 289.32736346344547 1478.486 59.64 102.26927516778524 149
220 5 384.0740999999999 163.16127939866732 1478.486 59.64 252.32328909952614 211
230 0.2 200.62099999999998 62.191999999999986 1478.486 59.64 277.56290804597705 261
240 0 0 0 1478.486 59.64 276.9777984790875 263
250 0 0 0 1478.486 59.64 276.9777984790875 263
260 0.6 1176.0558333333333 758.7136660063569 2128.973 59.64 276.9777984790875 263
270 7.6 1128.0310789473688 1474.8948688935318 4560.97 0.886 297.0315836431227 269
280 7.8 2157.2155512820514 582.816390983289 4560.97 0.886 480.0923420289856 345
290 6.9 2516.647797101449 729.5341072690156 4560.97 0.886 789.3491040189126 423
300 3.2 1095.2943125 228.29256025868398 4560.97 0.886 1031.5922134146342 492
310 0 0 0 4560.97 0.886 1035.4824179389313 524
320 0 0 0 4560.97 0.886 1035.4824179389313 524
330 0 0 0 4560.97 0.886 1035.4824179389313 524
340 0 0 0 4560.97 0.886 1035.4824179389313 524
350 0 0 0 4560.97 0.886 1035.4824179389313 524
360 0 0 0 4560.97 0.886 1035.4824179389313 524
370 0 0 0 4560.97 0.886 1035.4824179389313 524
377 0 0 0 4560.97 0.886 1035.4824179389313 524
