0 0.8 178.602 9.386149476755627 199.034 163.972 0 0
10 0.6 170.32000000000002 7.472010951990554 199.034 162.591 178.602 8
20 0 0 0 199.034 162.591 175.0525714285714 14
30 0 0 0 199.034 162.591 175.0525714285714 14
40 1.4 188.75435714285715 40.63499107491182 301.433 162.563 175.0525714285714 14
50 1.7 182.37070588235298 21.506293871561535 301.433 162.562 181.9034642857143 28
60 0 0 0 301.433 162.562 182.07997777777783 45
70 0 0 0 301.433 162.562 182.07997777777783 45
80 1.2 192.55999999999997 27.158351014620408 301.433 162.562 182.07997777777783 45
90 4.2 205.35635714285715 44.6601333389035 321.925 162.562 184.28629824561406 57
100 1.6 216.98193750000004 40.322821801786056 321.925 162.562 193.22511111111112 99
110 0 0 0 321.925 162.562 196.53040869565217 115
120 0 0 0 321.925 162.562 196.53040869565217 115
130 2.1 204.13400000000001 22.6222722933459 321.925 162.562 196.53040869565217 115
140 7.8 262.13884615384626 87.79742774371141 530.799 162.562 197.70449264705883 136
150 2.1 301.2212380952381 77.88912023597254 530.799 162.562 221.18991121495333 214
160 0 0 0 530.799 162.562 228.3416468085107 235
170 0 0 0 530.799 162.562 228.3416468085107 235
180 0 0 0 530.799 162.562 228.3416468085107 235
190 5.9 305.798372881356 82.05833214800191 537.87 162.562 228.3416468085107 235
200 15.8 946.6153037974681 783.9536230941225 3511.571 162.562 243.88568367346946 294
210 8 5205.329474999999 1674.0814283266961 8281.393 162.562 489.53010840707964 452
220 0 0 0 8281.393 162.562 1198.6728703007518 532
230 0 0 0 8281.393 162.562 1198.6728703007518 532
240 0 0 0 8281.393 162.562 1198.6728703007518 532
250 5.8 555.6596034482759 171.19747497049644 8281.393 162.562 1198.6728703007518 532
260 10.5 3059.959333333333 2037.2148090885714 8510.122 162.562 1135.4613966101695 590
270 24.8 8342.082411290323 5497.52730663651 15593.716 1.759 1426.2128834532373 695
280 15 15761.385253333334 1773.6932439293453 19724.177 1.759 3245.020564156946 943
290 1.8 20298.33266666666 957.7829229464745 22133.276 1.759 4962.728435498628 1093
300 0 0 0 22133.276 1.759 5211.190070207021 1111
310 0 0 0 22133.276 1.759 5211.190070207021 1111
320 0 0 0 22133.276 1.759 5211.190070207021 1111
330 0 0 0 22133.276 1.759 5211.190070207021 1111
340 0 0 0 22133.276 1.759 5211.190070207021 1111
350 0 0 0 22133.276 1.759 5211.190070207021 1111
360 0 0 0 22133.276 1.759 5211.190070207021 1111
370 0 0 0 22133.276 1.759 5211.190070207021 1111
377 0 0 0 22133.276 1.759 5211.190070207021 1111
