10 0.4 9.965250000000001 0.26158973125870266 10.396 9.741 0 0
20 0.5 9.334 0.20526178407097675 10.396 9.027 9.965250000000001 4
30 0.1 9.715 0.0 10.396 9.027 9.614555555555556 9
40 0 0 0 10.396 9.027 9.624600000000001 10
50 0.6 20.781499999999998 27.08410298649991 81.338 8.202 9.624600000000001 10
60 0.9 9.088555555555557 0.44004800523758797 81.338 8.202 13.8084375 16
70 0.3 9.091666666666667 0.11303785010143978 81.338 8.202 12.109280000000002 25
80 0 0 0 81.338 8.202 11.785964285714286 28
90 0.2 9.02 0.9470000000000005 81.338 8.073 11.785964285714286 28
100 1.2 10.961416666666665 4.085398235552509 81.338 8.073 11.601566666666667 30
110 1.4 10.756928571428572 6.042081245780484 81.338 8.073 11.418666666666667 42
120 0.4 9.24075 0.157029256828147 81.338 8.073 11.253232142857144 56
130 0.1 9.474 0.0 81.338 8.073 11.119066666666667 60
140 0.9 10.207 1.2242997091308068 81.338 8.07 11.092098360655738 61
150 3.3 11.037212121212118 2.7230818743472494 81.338 8.07 10.978299999999999 70
160 1.6 10.7186875 2.5392564787440732 81.338 8.07 10.997174757281552 103
170 0.3 8.063333333333333 0.17084365822457592 81.338 7.822 10.959731092436973 119
180 0 0 0 81.338 7.822 10.888508196721311 122
190 0 0 0 81.338 7.822 10.888508196721311 122
200 0.8 65.07724999999999 53.79939144114458 161.776 7.822 10.888508196721311 122
210 2.2 118.98359090909092 76.92506045417252 294.716 7.822 14.223199999999999 130
220 7.7 47.64558441558442 29.671083023733985 294.716 7.822 29.385888157894737 152
230 4.4 20.248863636363634 15.19333548361809 294.716 7.822 35.52561135371179 229
240 0.1 9.362 0.0 294.716 7.822 33.06342490842491 273
250 0 0 0 294.716 7.822 32.97692335766423 274
260 0 0 0 294.716 7.822 32.97692335766423 274
270 1 480.55820000000006 610.934510184324 1517.972 0.862 32.97692335766423 274
280 0.3 760.3093333333333 279.403723345906 1517.972 0.862 48.73682746478873 284
290 2 674.6021000000002 484.35401362803833 1763.136 0.862 56.17486759581882 287
300 5.1 143.38341176470584 119.67562341664981 1763.136 0.862 96.46328664495115 307
310 18.4 63.73265217391308 55.60184488375224 1763.136 0.862 103.14743854748605 358
320 1.5 30.933733333333333 14.70734467974722 1763.136 0.862 89.76677306273064 542
330 0 0 0 1763.136 0.862 88.18240035906645 557
340 0 0 0 1763.136 0.862 88.18240035906645 557
350 0 0 0 1763.136 0.862 88.18240035906645 557
360 0 0 0 1763.136 0.862 88.18240035906645 557
370 0 0 0 1763.136 0.862 88.18240035906645 557
377 0 0 0 1763.136 0.862 88.18240035906645 557
