10 0.8 65.80825 6.199337520050027 75.379 57.25 0 0
20 0.8 68.81037500000001 15.693683497967424 101.481 54.131 65.80825 8
30 0 0 0 101.481 54.131 67.3093125 16
40 0.2 58.700500000000005 3.002500000000003 101.481 54.131 67.3093125 16
50 1.1 62.78954545454546 6.449445027056575 101.481 54.131 66.35277777777779 18
60 1.8 63.77127777777778 8.975863268947425 101.481 53.973 65.00120689655174 29
70 0.4 57.47925 2.6383835368459985 101.481 53.973 64.53017021276597 47
80 0.1 55.466 0.0 101.481 53.973 63.977156862745105 51
90 1.5 79.67566666666667 31.97345135090813 192.138 53.973 63.81348076923078 52
100 3.3 70.92878787878789 16.136427062672325 192.138 53.973 67.36471641791046 67
110 1.7 61.95447058823529 6.8601545182190184 192.138 53.973 68.54086000000001 100
120 0.5 61.78340000000001 5.2296610062221065 192.138 53.973 67.58386324786325 117
130 0 0 0 192.138 53.973 67.34613934426228 122
140 1.2 71.88558333333333 10.396580082398355 192.138 53.973 67.34613934426228 122
150 6.9 81.1365652173913 19.099034758581773 192.138 53.973 67.7526567164179 134
160 4.5 74.63820000000005 19.211232351702773 192.138 53.973 72.30186699507388 203
170 0.6 59.71016666666666 4.31009135311796 192.138 53.973 72.72579838709677 248
180 0 0 0 192.138 53.973 72.41834251968503 254
190 0 0 0 192.138 53.973 72.41834251968503 254
200 2.2 282.8867272727273 193.20628619694682 806.944 53.973 72.41834251968503 254
210 8.3 570.8696024096384 221.69967129652332 1112.819 53.973 89.1948079710145 276
220 13.7 313.39776642335767 151.09875065013952 1112.819 53.973 200.55694707520888 359
230 2.9 142.82758620689657 84.16599881740979 1112.819 53.973 231.72467338709677 496
240 0.1 56.526 0.0 1112.819 53.973 226.8141676190476 525
250 0 0 0 1112.819 53.973 226.49042585551328 526
260 0.3 1465.2660000000003 235.31527032897796 1786.621 53.973 226.49042585551328 526
270 5 1198.9146200000005 1549.638090676386 5398.863 0.834 233.51561814744795 529
280 14.9 2070.1783422818794 583.7847971685036 5398.863 0.834 316.8834075993091 579
290 13.9 2449.1824460431653 704.0529253953757 5398.863 0.834 675.7308598901099 728
300 15 1104.1204799999998 303.0164686441913 5398.863 0.834 960.0558546712803 867
310 3.1 571.2117741935482 314.10497402000857 5398.863 0.834 981.3043244837758 1017
320 0 0 0 5398.863 0.834 969.1737242366411 1048
330 0 0 0 5398.863 0.834 969.1737242366411 1048
340 0 0 0 5398.863 0.834 969.1737242366411 1048
350 0 0 0 5398.863 0.834 969.1737242366411 1048
360 0 0 0 5398.863 0.834 969.1737242366411 1048
370 0 0 0 5398.863 0.834 969.1737242366411 1048
377 0 0 0 5398.863 0.834 969.1737242366411 1048
