340 0.1 1
350 0 1
360 0.3 4
370 0.2 6
380 0.1 7
390 0.2 9
400 0.5 14
410 2 34
420 1.4 48
430 0.2 50
440 0 50
450 0 50
460 0 50
470 0 50
480 0 50
490 2.1 71
500 3.9 110
510 1.5 125
520 0.2 127
530 0 127
540 0 127
550 0.8 135
560 2.3 158
570 0.3 161
580 0 161
590 0 161
600 0.1 162
610 0 162
620 0.3 165
630 0.7 172
640 0.7 179
650 0.1 180
660 0 180
670 0 180
680 0.1 181
690 0 181
700 0 181
710 0 181
720 0.1 182
730 0 182
740 0 182
750 0 182
760 0 182
770 0 182
780 0 182
790 0 182
800 0 182
810 0 182
820 0 182
830 0 182
840 0 182
843 0 182
