10 0.1 293 0 293 293 0 0
20 0.1 542.0 0.0 542 293 293.0 1
30 0.1 498.0 0.0 542 293 417.5 2
40 0.1 92.0 0.0 542 92 444.3333333333333 3
50 0.1 98.0 0.0 542 92 356.25 4
60 0.1 57.0 0.0 542 57 304.6 5
70 0.1 433.0 0.0 542 57 263.3333333333333 6
80 0.1 1467.0 0.0 1467 57 287.57142857142856 7
90 0.1 462.0 0.0 1467 57 435.0 8
100 0.1 489.0 0.0 1467 57 438.0 9
110 0.1 104.0 0.0 1467 57 443.1 10
120 0.1 585.0 0.0 1467 57 412.27272727272725 11
130 0.1 408.0 0.0 1467 57 426.6666666666667 12
140 0.1 72.0 0.0 1467 57 425.2307692307692 13
150 0.1 962.0 0.0 1467 57 400.0 14
160 0.1 1250.0 0.0 1467 57 437.46666666666664 15
170 0.1 938.0 0.0 1467 57 488.25 16
180 0.1 304.0 0.0 1467 57 514.7058823529412 17
190 0.1 85.0 0.0 1467 57 503.0 18
200 0.1 169.0 0.0 1467 57 481.0 19
210 0.1 73.0 0.0 1467 57 465.4 20
220 0.1 34.0 0.0 1467 34 446.7142857142857 21
230 0.1 92.0 0.0 1467 34 427.95454545454544 22
240 0.1 104.0 0.0 1467 34 413.3478260869565 23
250 0.1 70.0 0.0 1467 34 400.4583333333333 24
260 0.1 55.0 0.0 1467 34 387.24 25
270 0.1 645.0 0.0 1467 34 374.46153846153845 26
280 0.1 1553.0 0.0 1553 34 384.48148148148147 27
290 0.1 1105.0 0.0 1553 34 426.2142857142857 28
300 0.1 984.0 0.0 1553 34 449.62068965517244 29
310 0.1 546.0 0.0 1553 34 467.43333333333334 30
320 0.1 512.0 0.0 1553 34 469.96774193548384 31
330 0.1 148.0 0.0 1553 34 471.28125 32
340 0.1 451.0 0.0 1553 34 461.4848484848485 33
350 0.1 441.0 0.0 1553 34 461.1764705882353 34
360 0.1 230.0 0.0 1553 34 460.6 35
370 0.1 70.0 0.0 1553 34 454.19444444444446 36
380 0.1 46.0 0.0 1553 34 443.81081081081084 37
390 0.1 8.0 0.0 1553 8 433.3421052631579 38
400 0.1 24.0 0.0 1553 8 422.43589743589746 39
410 0.1 54.0 0.0 1553 8 412.475 40
420 0.1 186.0 0.0 1553 8 403.7317073170732 41
430 0.1 96.0 0.0 1553 8 398.54761904761904 42
440 0.1 46.0 0.0 1553 8 391.51162790697674 43
450 0.1 4.0 0.0 1553 4 383.65909090909093 44
460 0.1 61.0 0.0 1553 4 375.22222222222223 45
470 0.1 167.0 0.0 1553 4 368.39130434782606 46
480 0.1 800.0 0.0 1553 4 364.1063829787234 47
490 0.1 2918.0 0.0 2918 4 373.1875 48
500 0.1 3224.0 0.0 3224 4 425.1224489795918 49
510 0.1 2553.0 0.0 3224 4 481.1 50
520 0.1 984.0 0.0 3224 4 521.7254901960785 51
530 0.1 205.0 0.0 3224 4 530.6153846153846 52
540 0.1 89.0 0.0 3224 4 524.4716981132076 53
550 0.1 20.0 0.0 3224 4 516.4074074074075 54
560 0.1 222.0 0.0 3224 4 507.38181818181823 55
570 0.1 370.0 0.0 3224 4 502.28571428571433 56
580 0.1 237.0 0.0 3224 4 499.9649122807018 57
590 0.1 37.0 0.0 3224 4 495.43103448275866 58
600 0.1 68.0 0.0 3224 4 487.6610169491526 59
610 0.1 19.0 0.0 3224 4 480.66666666666674 60
620 0.1 341.0 0.0 3224 4 473.0983606557378 61
630 0.1 72.0 0.0 3224 4 470.96774193548396 62
640 0.1 177.0 0.0 3224 4 464.6349206349207 63
650 0.1 86.0 0.0 3224 4 460.14062500000006 64
660 0.1 39.0 0.0 3224 4 454.3846153846154 65
670 0.1 25.0 0.0 3224 4 448.0909090909091 66
680 0.1 19.0 0.0 3224 4 441.7761194029851 67
690 0.1 18.0 0.0 3224 4 435.5588235294118 68
700 0.1 58.0 0.0 3224 4 429.5072463768116 69
710 0.1 77.0 0.0 3224 4 424.20000000000005 70
720 0.1 13.0 0.0 3224 4 419.30985915492965 71
730 0.1 30.0 0.0 3224 4 413.66666666666674 72
740 0.1 5.0 0.0 3224 4 408.4109589041097 73
750 0.1 14.0 0.0 3224 4 402.95945945945954 74
760 0.1 30.0 0.0 3224 4 397.7733333333334 75
770 0.1 50.0 0.0 3224 4 392.9342105263159 76
780 0.1 38.0 0.0 3224 4 388.48051948051955 77
790 0.1 38.0 0.0 3224 4 383.98717948717956 78
800 0.1 202.0 0.0 3224 4 379.60759493670895 79
810 0.1 117.0 0.0 3224 4 377.3875000000001 80
820 0.1 10.0 0.0 3224 4 374.1728395061729 81
830 0.1 2.0 0.0 3224 2 369.73170731707324 82
840 0.1 8.0 0.0 3224 2 365.3012048192772 83
843 0.1 7.0 0.0 3224 2 361.04761904761915 84
