0 0.2 1814.7459999999999 376.50299999999993 2191.249 1438.243 0 0
10 0.3 4295.305666666667 1414.595725144663 5863.298 1438.243 1814.7459999999999 2
20 0.4 12316.18175 876.521669323233 13223.66 1438.243 3303.0818 5
30 0.5 13557.6786 442.8664846296681 14207.883 1438.243 7308.9039999999995 9
40 0 0 0 14207.883 1438.243 9540.609214285712 14
50 0 0 0 14207.883 1438.243 9540.609214285712 14
60 0 0 0 14207.883 1438.243 9540.609214285712 14
70 0.3 4238.674 675.8487073840319 14207.883 1438.243 9540.609214285712 14
80 0.4 12750.7785 2063.8206639934224 14966.388 1438.243 8604.973588235292 17
90 0.9 17960.459777777774 1619.5098657531312 20044.713 1438.243 9394.650714285714 21
100 0.2 17792.6735 2862.513500000001 20655.187 1438.243 11964.393433333333 30
110 0.1 18104.265 0.0 20655.187 1438.243 12328.660937499999 32
120 0 0 0 20655.187 1438.243 12503.679242424241 33
130 0 0 0 20655.187 1438.243 12503.679242424241 33
140 0.1 2026.795 0.0 20655.187 1438.243 12503.679242424241 33
150 0.1 6924.351 0.0 20655.187 1438.243 12195.535588235292 34
160 0.2 12701.088 1581.0390000000002 20655.187 1438.243 12044.930314285713 35
170 0.3 22787.978 2443.7141903542374 26240.834 1438.243 12080.398297297297 37
180 0.1 27723.05 0.0 27723.05 1438.243 12883.466775 40
190 1.7 36083.66535294119 2062.386160898777 40220.616 1438.243 13245.407829268293 41
200 0.7 38141.57357142858 1066.4020511670913 40220.616 1438.243 19939.379862068967 58
210 0.1 35507.878 0.0 40220.616 1438.243 21899.616107692313 65
220 0 0 0 40220.616 1438.243 22105.8018939394 66
230 0 0 0 40220.616 1438.243 22105.8018939394 66
240 0 0 0 40220.616 1438.243 22105.8018939394 66
250 0 0 0 40220.616 1438.243 22105.8018939394 66
260 0 0 0 40220.616 1438.243 22105.8018939394 66
270 0 0 0 40220.616 1438.243 22105.8018939394 66
280 0.2 8872.694 217.74600000000055 40220.616 1438.243 22105.8018939394 66
290 0.2 13846.0975 8.772499999999582 40220.616 1438.243 21716.592838235298 68
300 0.1 23232.042 0.0 40220.616 1438.243 21491.721542857147 70
310 0.4 34144.0815 2144.6421809394574 40220.616 1438.243 21516.233098591554 71
320 0.5 43932.7858 2335.496317770112 47020.625 1438.243 22189.71834666667 75
330 0 0 0 47020.625 1438.243 23548.660062500003 80
340 0.7 59744.78028571429 621.8178642532628 60004.111 1438.243 23548.660062500003 80
350 2.5 59997.82464 1.9669520356131225 60004.111 1438.243 26460.991574712643 87
360 0.7 59998.310999999994 1.2302292469287115 60004.111 1438.243 33946.8918125 112
370 0 0 0 60004.111 1438.243 35479.32823529412 119
380 0 0 0 60004.111 1438.243 35479.32823529412 119
390 0 0 0 60004.111 1438.243 35479.32823529412 119
400 0 0 0 60004.111 1438.243 35479.32823529412 119
410 0 0 0 60004.111 1438.243 35479.32823529412 119
420 0 0 0 60004.111 1438.243 35479.32823529412 119
430 0 0 0 60004.111 1438.243 35479.32823529412 119
440 0 0 0 60004.111 1438.243 35479.32823529412 119
450 0 0 0 60004.111 1438.243 35479.32823529412 119
460 0 0 0 60004.111 1438.243 35479.32823529412 119
470 0 0 0 60004.111 1438.243 35479.32823529412 119
480 0.4 1.2810000000000001 0.8115968826948512 60004.111 0.747 35479.32823529412 119
490 3.9 1.6886666666666663 2.0223145071457025 60004.111 0.574 34325.57060162601 123
500 5.6 287.7509285714285 2126.2331945112705 60004.111 0.574 26062.41383950617 162
510 0.8 3214.4178749999996 8502.683540890774 60004.111 0.566 19441.399513761466 218
520 0.3 34430.395 2021.2401744018487 60004.111 0.566 18866.993084070797 226
530 0.2 47805.6715 739.7325000000037 60004.111 0.566 19070.880445414845 229
540 0.1 52871.971 0.0 60004.111 0.566 19319.666515151515 231
550 0.9 60000.07800000001 0.9678443401009483 60004.111 0.566 19464.288517241377 232
560 1 59999.919200000004 1.984874242866421 60004.111 0.566 20978.07318672199 241
570 0.1 59996.98 0.0 60004.111 0.566 22532.728406374503 251
580 0 0 0 60004.111 0.566 22681.396071428575 252
590 0 0 0 60004.111 0.566 22681.396071428575 252
600 0.1 60002.13 0.0 60004.111 0.566 22681.396071428575 252
610 0 0 0 60004.111 0.566 22828.908853754943 253
620 0 0 0 60004.111 0.566 22828.908853754943 253
630 0 0 0 60004.111 0.566 22828.908853754943 253
640 0 0 0 60004.111 0.566 22828.908853754943 253
650 0 0 0 60004.111 0.566 22828.908853754943 253
660 0 0 0 60004.111 0.566 22828.908853754943 253
670 0 0 0 60004.111 0.566 22828.908853754943 253
680 0 0 0 60004.111 0.566 22828.908853754943 253
690 0 0 0 60004.111 0.566 22828.908853754943 253
700 0 0 0 60004.111 0.566 22828.908853754943 253
710 0 0 0 60004.111 0.566 22828.908853754943 253
720 0 0 0 60004.111 0.566 22828.908853754943 253
730 0 0 0 60004.111 0.566 22828.908853754943 253
740 0 0 0 60004.111 0.566 22828.908853754943 253
750 0 0 0 60004.111 0.566 22828.908853754943 253
760 0 0 0 60004.111 0.566 22828.908853754943 253
770 0 0 0 60004.111 0.566 22828.908853754943 253
780 0 0 0 60004.111 0.566 22828.908853754943 253
790 0 0 0 60004.111 0.566 22828.908853754943 253
800 0 0 0 60004.111 0.566 22828.908853754943 253
810 0 0 0 60004.111 0.566 22828.908853754943 253
820 0 0 0 60004.111 0.566 22828.908853754943 253
830 0 0 0 60004.111 0.566 22828.908853754943 253
840 0 0 0 60004.111 0.566 22828.908853754943 253
843 0 0 0 60004.111 0.566 22828.908853754943 253
