0 0.1 0.07523633642326907 0 0.07523633642326907 0.07523633642326907 0 0
10 0.1 0.012491802254770305 0.0 0.07523633642326907 0.012491802254770305 0.07523633642326907 1
20 0.1 0.03122983073431742 0.0 0.07523633642326907 0.012491802254770305 0.04386406933901969 2
30 0.1 0.010411569335845992 0.0 0.07523633642326907 0.010411569335845992 0.039652656470785606 3
40 0.1 0.0031235683644996043 0.0 0.07523633642326907 0.0031235683644996043 0.0323423846870507 4
50 0.1 0.004163934084923436 0.0 0.07523633642326907 0.0031235683644996043 0.026498621422540482 5
60 0.1 0.043728135932033986 0.0 0.07523633642326907 0.0031235683644996043 0.02277617353293764 6
70 0.1 0.030194179811546668 0.0 0.07523633642326907 0.0031235683644996043 0.025769311018522832 7
80 0.1 0.008327694789985947 0.0 0.07523633642326907 0.0031235683644996043 0.026322419617650812 8
90 0.1 0.00520583886887533 0.0 0.07523633642326907 0.0031235683644996043 0.02432300574791027 9
100 0.1 0.06038458735463452 0.0 0.07523633642326907 0.0031235683644996043 0.022411289060006775 10
110 0.1 0.10098276005663363 0.0 0.10098276005663363 0.0031235683644996043 0.025863407086791114 11
120 0.1 0.09057499505481348 0.0 0.10098276005663363 0.0031235683644996043 0.03212335316761133 12
130 0.1 0.04268165729752238 0.0 0.10098276005663363 0.0031235683644996043 0.036619633312780724 13
136 0.1 0.014572859090861777 0.0 0.10098276005663363 0.0031235683644996043 0.037052635025976555 14
