10 0.1 357 0 357 357 0 0
20 0.1 863.0 0.0 863 357 357.0 1
30 0.1 158.0 0.0 863 158 610.0 2
40 0.1 62.0 0.0 863 62 459.3333333333333 3
50 0.1 141.0 0.0 863 62 360.0 4
60 0.1 1137.0 0.0 1137 62 316.2 5
70 0.1 919.0 0.0 1137 62 453.0 6
80 0.1 200.0 0.0 1137 62 519.5714285714286 7
90 0.1 372.0 0.0 1137 62 479.625 8
100 0.1 1737.0 0.0 1737 62 467.6666666666667 9
110 0.1 1637.0 0.0 1737 62 594.6 10
120 0.1 1099.0 0.0 1737 62 689.3636363636364 11
130 0.1 761.0 0.0 1737 62 723.5 12
136 0.1 81.0 0.0 1737 62 726.3846153846154 13
