0 0.4 1641.2540000000001 490.17726245869466 2293.137 949.525 0 0
10 1.5 4691.722866666665 1901.600952396791 8029.564 949.525 1641.2540000000001 4
20 0.4 5801.4185 2678.8715026393575 10434.311 949.525 4049.518894736841 19
30 0 0 0 10434.311 949.525 4354.197086956521 23
40 0.2 1402.7245 296.6595 10434.311 949.525 4354.197086956521 23
50 2.5 3562.66288 2007.1789847221562 10434.311 949.525 4118.079279999999 25
60 1.8 4608.8817222222215 2777.0670482707874 10434.311 595.01 3840.3710799999994 50
70 0.2 6093.684499999999 5535.8405 11629.525 557.844 4043.800367647058 68
80 0 0 0 11629.525 557.844 4102.368485714284 70
90 1.8 2265.878055555556 1368.0372614978353 11629.525 344.714 4102.368485714284 70
100 7.3 4711.434931506851 2656.7764026688246 11629.525 344.714 3726.7227159090894 88
110 2.9 5492.282620689655 2861.1999986096553 11629.525 344.714 4173.207136645962 161
120 0 0 0 11629.525 344.714 4374.5397105263155 190
130 0 0 0 11629.525 344.714 4374.5397105263155 190
136 0 0 0 11629.525 344.714 4374.5397105263155 190
