10 0.2 7.616 0.11699999999999999 7.733 7.499 0 0
20 0.2 14.223500000000001 7.361500000000001 21.585 6.862 7.616 2
30 0 0 0 21.585 6.862 10.91975 4
40 0 0 0 21.585 6.862 10.91975 4
50 0.2 44.1225 37.0085 81.131 6.862 10.91975 4
60 0.5 13.9108 7.189222055271348 81.131 6.862 21.987333333333336 6
70 0 0 0 81.131 6.862 18.316181818181818 11
80 0 0 0 81.131 6.862 18.316181818181818 11
90 0.1 12.251 0.0 81.131 6.862 18.316181818181818 11
100 0.4 335.47125 152.9837772091783 494.027 6.862 17.810750000000002 12
110 1.1 161.26127272727274 118.46283706415804 494.027 6.862 97.225875 16
120 0.7 29.84314285714286 24.08236490183857 494.027 6.862 123.31437037037038 27
130 0.1 7.705 0.0 494.027 6.862 104.07029411764707 34
136 0 0 0 494.027 6.862 101.31700000000001 35
