0 0.1 12.465 0 12.465 12.465 0 0
10 0 0 0 12.465 12.465 12.465 1
20 0 0 0 12.465 12.465 12.465 1
30 0 0 0 12.465 12.465 12.465 1
40 0 0 0 12.465 12.465 12.465 1
50 0.2 6.4225 0.022499999999999964 12.465 6.4 12.465 1
60 0.3 10.339666666666666 2.4196162689337517 13.744 6.4 8.436666666666667 3
70 0.3 6.588666666666668 0.0300037034751083 13.744 6.4 9.388166666666667 6
80 0 0 0 13.744 6.4 8.455 9
90 0 0 0 13.744 6.4 8.455 9
100 0.3 28.887333333333334 14.224207753763379 43.06 6.4 8.455 9
110 1 56.17279999999998 46.46678148053726 155.132 6.4 13.563083333333333 12
120 0.3 55.345 62.20790410122066 155.132 6.4 32.93113636363636 22
130 0 0 0 155.132 6.4 35.6208 25
136 0 0 0 155.132 6.4 35.6208 25
