0 0.1 170.146 0 170.146 170.146 0 0
10 0.6 236.75900000000001 51.097992762273314 310.738 170.146 170.146 1
20 0.3 193.91466666666668 19.708757517633856 310.738 166.203 227.24285714285716 7
30 0.1 168.373 0.0 310.738 166.203 217.24439999999998 10
40 0 0 0 310.738 166.203 212.80154545454545 11
50 0.1 205.618 0.0 310.738 166.203 212.80154545454545 11
60 1.1 249.76954545454544 59.225642257331316 365.089 166.203 212.20291666666665 12
70 0.3 210.6786666666667 9.661277773784503 365.089 166.203 230.1695652173913 23
80 0 0 0 365.089 166.203 227.92061538461536 26
90 0.2 1075.71 28.069999999999936 1103.78 166.203 227.92061538461536 26
100 0 0 0 1103.78 166.203 288.477 28
110 1.7 9295.395411764704 1061.5578347072571 12038.788 166.203 288.477 28
120 2.8 5330.992464285714 2279.221297840331 12038.788 166.203 3691.0906222222216 45
130 0 0 0 12038.788 166.203 4320.09406849315 73
136 0 0 0 12038.788 166.203 4320.09406849315 73
