0 0.1 128.964 0 128.964 128.964 0 0
10 0 0 0 128.964 128.964 128.964 1
20 0 0 0 128.964 128.964 128.964 1
30 0 0 0 128.964 128.964 128.964 1
40 0 0 0 128.964 128.964 128.964 1
50 0.2 135.2635 6.924499999999995 142.188 128.339 128.964 1
60 0.3 126.36000000000001 2.336929752189106 142.188 124.284 133.16366666666667 3
70 0.2 125.525 0.48499999999999943 142.188 124.284 129.76183333333333 6
80 0.1 124.628 0.0 142.188 124.284 128.70262499999998 8
90 0 0 0 142.188 124.284 128.24988888888888 9
100 0.3 352.193 103.50146669492177 488.947 124.284 128.24988888888888 9
110 0.4 311.18975 79.26496848979062 488.947 124.284 184.23566666666662 12
120 0.8 194.94350000000003 91.04207068026301 488.947 124.284 215.97418749999997 16
130 0.1 126.36 0.0 488.947 124.284 208.96395833333335 24
136 0 0 0 488.947 124.284 205.6598 25
