10 0.1 14.742 0 14.742 14.742 0 0
20 0.4 10.416 1.124380051406107 14.742 9.162 14.742 1
30 0.2 9.733 0.3340000000000001 14.742 9.162 11.281200000000002 5
40 0 0 0 14.742 9.162 10.838857142857146 7
50 0.1 10.306 0.0 14.742 9.162 10.838857142857146 7
60 1.1 13.737454545454547 6.245485764114115 31.854 8.15 10.772250000000001 8
70 0.3 8.767333333333335 0.6043257032061069 31.854 8.01 12.488947368421053 19
80 0 0 0 31.854 8.01 11.981454545454547 22
90 0 0 0 31.854 8.01 11.981454545454547 22
100 0.1 56.765 0.0 56.765 8.01 11.981454545454547 22
110 1.6 328.90524999999997 138.06238872675462 606.839 8.01 13.928565217391306 23
120 0.5 92.5936 74.98495276147074 606.839 8.01 143.1497692307692 39
130 0 0 0 606.839 8.01 137.40474999999998 44
136 0 0 0 606.839 8.01 137.40474999999998 44
