0 0.3 55.16166666666667 5.552805917331845 59.972 47.381 0 0
10 1.5 58.77373333333333 13.296216877827401 95.686 46.835 55.16166666666667 3
20 0.5 59.930600000000005 11.286037685565297 95.686 46.835 58.171722222222215 18
30 0 0 0 95.686 46.835 58.554086956521736 23
40 0 0 0 95.686 46.835 58.554086956521736 23
50 1.9 88.95610526315791 53.49045430029621 207.277 46.835 58.554086956521736 23
60 2.6 80.94930769230766 34.829586258026744 209.231 46.835 72.30738095238095 42
70 0.2 61.032 6.786 209.231 46.835 75.61164705882351 68
80 0 0 0 209.231 46.835 75.1950857142857 70
90 0.7 181.94314285714287 146.84668399527501 506.245 46.835 75.1950857142857 70
100 4.5 2772.9528888888885 887.3387264293463 4149.485 46.835 84.89945454545453 77
110 5.9 2968.3689491525433 561.2050869702347 4496.122 46.835 1076.3945737704917 122
120 0.9 1942.5693333333338 852.937891584011 4496.122 46.835 1693.1155027624313 181
130 0 0 0 4496.122 46.835 1704.9317368421057 190
136 0 0 0 4496.122 46.835 1704.9317368421057 190
