10 0.2 10.1105 0.12349999999999994 10.234 9.987 0 0
20 0.6 11.736833333333335 2.8491206489410423 18.079 9.987 10.1105 2
30 0.1 10.209 0.0 18.079 9.987 11.330250000000001 8
40 0.2 10.285 0.009999999999999787 18.079 9.987 11.205666666666668 9
50 0 0 0 18.079 9.987 11.038272727272728 11
60 0.7 18.832857142857144 14.628573609095818 52.986 9.396 11.038272727272728 11
70 0.7 11.46285714285714 1.2387296982417602 52.986 9.396 14.069500000000001 18
80 0.1 10.35 0.0 52.986 9.396 13.33964 25
90 0 0 0 52.986 9.396 13.224653846153846 26
100 0.1 141.979 0.0 141.979 9.396 13.224653846153846 26
110 0.6 353.09116666666665 195.0896199916137 771.513 9.396 17.993333333333336 27
120 2.9 54.98434482758621 102.67795810983598 771.513 9.03 78.92021212121213 33
130 1.1 10.288727272727273 0.6878490969429918 771.513 9.03 67.72440322580645 62
136 0 0 0 771.513 9.03 59.06971232876713 73
