0 2.1 1.8913333333333335 1.8872446363575437 10.278 1.05 0 0
10 0.9 1.3522222222222222 0.20437208864540174 10.278 0.962 1.8913333333333335 21
20 0 0 0 10.278 0.962 1.7296000000000002 30
30 0 0 0 10.278 0.962 1.7296000000000002 30
40 2.3 1.7071304347826088 1.1199118095848606 10.278 0.962 1.7296000000000002 30
50 3.3 1.5991515151515152 0.8400762996087741 10.278 0.962 1.7198490566037739 53
60 0 0 0 10.278 0.962 1.6735348837209307 86
70 0 0 0 10.278 0.962 1.6735348837209307 86
80 5.5 1.7907272727272727 1.87362862774637 14.77 0.901 1.6735348837209307 86
90 6.3 1.4737936507936509 0.5959447390682961 14.77 0.901 1.7192482269503548 141
100 0 0 0 14.77 0.901 1.6434460784313727 204
110 0 0 0 14.77 0.901 1.6434460784313727 204
120 5.6 1.427107142857143 0.22417090726333183 14.77 0.901 1.6434460784313727 204
130 16 1.2851624999999989 0.3060960814740199 14.77 0.733 1.59685 260
140 2.4 1.487125 0.6091877319089193 14.77 0.733 1.4781119047619042 420
150 0 0 0 14.77 0.733 1.4785990990990987 444
160 0 0 0 14.77 0.733 1.4785990990990987 444
170 11.4 1.5045175438596494 1.0463722395626236 14.77 0.733 1.4785990990990987 444
180 33.5 1.2416208955223897 1.1587415315232343 21.347 0.641 1.4838942652329747 558
190 3.1 1.1825161290322581 0.6006461505137206 21.347 0.634 1.3930078387458014 893
200 0 0 0 21.347 0.634 1.3859458874458879 924
210 0 0 0 21.347 0.634 1.3859458874458879 924
220 23.3 1.2354935622317602 0.6390550166740242 21.347 0.634 1.3859458874458879 924
230 60.5 1.1540033057851227 0.9793932444436199 21.347 0.589 1.3556473638720834 1157
240 8.6 1.3837093023255818 1.3233535876025135 21.347 0.589 1.286410896708286 1762
250 0 0 0 21.347 0.589 1.290938852813853 1848
260 0 0 0 21.347 0.589 1.290938852813853 1848
270 0 0 0 21.347 0.589 1.290938852813853 1848
280 101.1 1.0840534124629109 0.3784834947549313 21.347 0.589 1.290938852813853 1848
290 81 1.0349049382716067 1.150572540075424 31.918 0.589 1.217779993004548 2859
300 0 0 0 31.918 0.589 1.1774069228672674 3669
310 0 0 0 31.918 0.589 1.1774069228672674 3669
320 0 0 0 31.918 0.589 1.1774069228672674 3669
330 0 0 0 31.918 0.589 1.1774069228672674 3669
340 0 0 0 31.918 0.589 1.1774069228672674 3669
350 79.8 1.2715764411027586 1.3840407410834454 31.918 0.589 1.1774069228672674 3669
360 246.9 1.0556654515998407 0.5799151973810587 31.918 0.494 1.1942296843519153 4467
370 40.1 1.1169675810473814 0.6341863178373164 31.918 0.494 1.1449051326412936 6936
380 0 0 0 31.918 0.494 1.1433782199809202 7337
390 0 0 0 31.918 0.494 1.1433782199809202 7337
400 0 0 0 31.918 0.494 1.1433782199809202 7337
410 0 0 0 31.918 0.494 1.1433782199809202 7337
420 0 0 0 31.918 0.494 1.1433782199809202 7337
430 415.5 1.1162558363417603 1.3003407735388244 31.918 0.485 1.1433782199809202 7337
440 324.8 2.153390394088676 1.9926583531789712 31.918 0.485 1.1335719631047707 11492
450 0 0 0 31.918 0.485 1.3582917910447792 14740
460 0 0 0 31.918 0.485 1.3582917910447792 14740
470 0 0 0 31.918 0.485 1.3582917910447792 14740
480 0 0 0 31.918 0.485 1.3582917910447792 14740
490 0 0 0 31.918 0.485 1.3582917910447792 14740
497 0 0 0 31.918 0.485 1.3582917910447792 14740
