0 0 0
10 1.1 11
20 1.3 24
30 0.6 30
40 0 30
50 1.5 45
60 2.8 73
70 1.3 86
80 0.1 87
90 2.7 114
100 5.9 173
110 2.9 202
120 0.2 204
130 1.8 222
140 11.3 335
150 7.9 414
160 2.5 439
170 0.5 444
180 4.7 491
190 21.7 708
200 17.7 885
210 3.2 917
220 0.7 924
230 7.5 999
240 43.4 1433
250 33.3 1766
260 7.3 1839
270 0.9 1848
280 3 1878
290 52 2398
300 83.3 3231
310 38.1 3612
320 5.2 3664
330 0.5 3669
340 0 3669
350 0 3669
360 32.8 3997
370 167.8 5675
380 135 7025
390 27.3 7298
400 3.6 7334
410 0.3 7337
420 0 7337
430 6.8 7405
440 180.5 9210
450 338.1 12591
460 177.9 14370
470 32.8 14698
480 3.6 14734
490 0.6 14740
497 0 14740
