10 0.1 471 0 471 471 0 0
20 0.1 992.0 0.0 992 471 471.0 1
30 0.1 406.0 0.0 992 406 731.5 2
40 0.1 66.0 0.0 992 66 623.0 3
50 0.1 567.0 0.0 992 66 483.75 4
60 0.1 1411.0 0.0 1411 66 500.4 5
70 0.1 905.0 0.0 1411 66 652.1666666666666 6
80 0.1 239.0 0.0 1411 66 688.2857142857143 7
90 0.1 974.0 0.0 1411 66 632.125 8
100 0.1 3065.0 0.0 3065 66 670.1111111111111 9
110 0.1 2026.0 0.0 3065 66 909.6 10
120 0.1 506.0 0.0 3065 66 1011.0909090909091 11
130 0.1 649.0 0.0 3065 66 969.0 12
140 0.1 4946.0 0.0 4946 66 944.3846153846154 13
150 0.1 7085.0 0.0 7085 66 1230.2142857142858 14
160 0.1 1655.0 0.0 7085 66 1620.5333333333333 15
170 0.1 266.0 0.0 7085 66 1622.6875 16
180 0.1 1546.0 0.0 7085 66 1542.8823529411766 17
190 0.1 10153.0 0.0 10153 66 1543.0555555555557 18
200 0.1 13273.0 0.0 13273 66 1996.2105263157894 19
210 0.1 4236.0 0.0 13273 66 2560.05 20
220 0.1 557.0 0.0 13273 66 2639.8571428571427 21
230 0.1 3066.0 0.0 13273 66 2545.181818181818 22
240 0.1 20154.0 0.0 20154 66 2567.8260869565215 23
250 0.1 28218.0 0.0 28218 66 3300.5833333333335 24
260 0.1 8704.0 0.0 28218 66 4297.28 25
270 0.1 1089.0 0.0 28218 66 4466.7692307692305 26
280 0.1 83.0 0.0 28218 66 4341.666666666667 27
290 0.1 20434.0 0.0 28218 66 4189.571428571429 28
300 0.1 63208.0 0.0 63208 66 4749.724137931035 29
310 0.1 39803.0 0.0 63208 66 6698.333333333334 30
320 0.1 8419.0 0.0 63208 66 7766.225806451614 31
330 0.1 473.0 0.0 63208 66 7786.625000000001 32
340 0.1 310.0 0.0 63208 66 7565.000000000001 33
350 0.1 16.0 0.0 63208 16 7351.617647058824 34
360 0.1 11081.0 0.0 63208 16 7142.028571428572 35
370 0.1 103198.0 0.0 103198 16 7251.444444444445 36
380 0.1 157814.0 0.0 157814 16 9844.594594594595 37
390 0.1 53693.0 0.0 157814 16 13738.526315789473 38
400 0.1 3678.0 0.0 157814 16 14763.0 39
410 0.1 491.0 0.0 157814 16 14485.875 40
420 0.1 17.0 0.0 157814 16 14144.536585365853 41
430 0.1 1.0 0.0 157814 1 13808.166666666666 42
440 0.1 95120.0 0.0 157814 1 13487.06976744186 43
450 0.1 375437.0 0.0 375437 1 15342.363636363636 44
460 0.1 388939.0 0.0 388939 1 23344.466666666667 45
470 0.1 99255.0 0.0 388939 1 31292.17391304348 46
480 0.1 3828.0 0.0 388939 1 32738.191489361703 47
490 0.1 341.0 0.0 388939 1 32135.895833333332 48
497 0.1 26.0 0.0 388939 1 31487.020408163266 49
