10 0.1 282 0 282 282 0 0
20 0.1 547.0 0.0 547 282 282.0 1
30 0.1 225.0 0.0 547 225 414.5 2
40 0.1 49.0 0.0 547 49 351.3333333333333 3
50 0.1 401.0 0.0 547 49 275.75 4
60 0.1 843.0 0.0 843 49 300.8 5
70 0.1 506.0 0.0 843 49 391.1666666666667 6
80 0.1 391.0 0.0 843 49 407.57142857142856 7
90 0.1 981.0 0.0 981 49 405.5 8
100 0.1 1981.0 0.0 1981 49 469.44444444444446 9
110 0.1 1171.0 0.0 1981 49 620.6 10
120 0.1 258.0 0.0 1981 49 670.6363636363636 11
130 0.1 572.0 0.0 1981 49 636.25 12
140 0.1 3319.0 0.0 3319 49 631.3076923076923 13
150 0.1 4214.0 0.0 4214 49 823.2857142857143 14
160 0.1 926.0 0.0 4214 49 1049.3333333333333 15
170 0.1 145.0 0.0 4214 49 1041.625 16
180 0.1 1293.0 0.0 4214 49 988.8823529411765 17
190 0.1 7504.0 0.0 7504 49 1005.7777777777778 18
200 0.1 7891.0 0.0 7891 49 1347.7894736842106 19
210 0.1 2328.0 0.0 7891 49 1674.95 20
220 0.1 254.0 0.0 7891 49 1706.047619047619 21
230 0.1 2780.0 0.0 7891 49 1640.0454545454545 22
240 0.1 15115.0 0.0 15115 49 1689.608695652174 23
250 0.1 17297.0 0.0 17297 49 2249.0 24
260 0.1 5245.0 0.0 17297 49 2850.92 25
270 0.1 635.0 0.0 17297 49 2943.0 26
280 0.1 51.0 0.0 17297 49 2857.5185185185187 27
290 0.1 16877.0 0.0 17297 49 2757.285714285714 28
300 0.1 42226.0 0.0 42226 49 3244.1724137931033 29
310 0.1 23258.0 0.0 42226 49 4543.566666666667 30
320 0.1 4593.0 0.0 42226 49 5147.258064516129 31
330 0.1 349.0 0.0 42226 49 5129.9375 32
340 0.1 590.0 0.0 42226 49 4985.060606060606 33
350 0.1 17.0 0.0 42226 17 4855.794117647059 34
360 0.1 10759.0 0.0 42226 17 4717.542857142857 35
370 0.1 73398.0 0.0 73398 17 4885.361111111111 36
380 0.1 91598.0 0.0 91598 17 6737.054054054054 37
390 0.1 30204.0 0.0 91598 17 8970.236842105263 38
400 0.1 2649.0 0.0 91598 17 9514.692307692309 39
410 0.1 213.0 0.0 91598 17 9343.050000000001 40
420 0.1 15.0 0.0 91598 15 9120.365853658537 41
430 0.1 1.0 0.0 91598 1 8903.57142857143 42
440 0.1 78823.0 0.0 91598 1 8696.534883720931 43
450 0.1 215638.0 0.0 215638 1 10290.318181818184 44
460 0.1 194670.0 0.0 215638 1 14853.600000000002 45
470 0.1 51940.0 0.0 215638 1 18762.652173913048 46
480 0.1 2684.0 0.0 215638 1 19468.553191489365 47
490 0.1 252.0 0.0 215638 1 19118.875000000004 48
497 0.1 22.0 0.0 215638 1 18733.836734693883 49
