10 1.1 10754.767909090908 2726.8990546682903 16948.934 5566.457 0 0
20 1.3 14293.219307692307 3642.2849966776753 20183.552 5566.457 10754.767909090908 11
30 0.6 24208.8195 4766.300058196531 33221.069 5566.457 12671.42908333333 24
40 0 0 0 33221.069 5566.457 14978.907166666666 30
50 1.5 10016.504066666666 3584.5460453868063 33221.069 3984.724 14978.907166666666 30
60 2.8 14413.100464285713 4249.224329893949 33221.069 3984.724 13324.772799999999 45
70 1.3 19153.711538461535 3541.4063418950614 33221.069 3984.724 13742.213547945204 73
80 0.1 5588.534 0.0 33221.069 3984.724 14560.23068604651 86
90 2.7 10532.72674074074 2614.81758836433 33221.069 3984.724 14457.107735632182 87
100 5.9 14631.507440677968 3994.423495166736 33221.069 3984.724 13527.649078947368 114
110 2.9 21231.298241379314 3983.694775454906 33221.069 3984.724 13904.109445086704 173
120 0.2 30603.1335 109.21350000000166 33221.069 3984.724 14956.03258910891 202
130 1.8 9231.429111111112 2292.459382733503 33221.069 3984.724 15109.435539215687 204
140 11.3 13062.989876106194 3907.259173497052 33221.069 3984.724 14632.840423423424 222
150 7.9 17427.46778481012 4200.499933593863 33221.069 3984.724 14103.308746268656 335
160 2.5 25856.625479999995 4186.6000238636925 37070.265 3984.724 14737.62894927536 414
170 0.5 35147.7318 4135.024261330586 42749.442 3984.724 15370.829207289291 439
180 4.7 8909.503638297872 2451.6906201649385 42749.442 3661.109 15593.542074324321 444
190 21.7 12543.362912442402 3761.4092826253095 42749.442 3570.507 14953.725767820772 491
200 17.7 18660.60802259887 4551.143795770535 42749.442 3570.507 14214.95636158192 708
210 3.2 27066.783000000003 4265.868091551602 42749.442 3570.507 15104.08669378531 885
220 0.7 35722.274999999994 2605.647383754207 42749.442 3570.507 15521.541744820064 917
230 7.5 8484.082773333334 2306.9934222356715 42749.442 3570.507 15674.577602813853 924
240 43.4 12877.573831797228 3684.656792488643 42749.442 3570.507 15134.750663663664 999
250 33.3 17731.089243243256 4310.828741823054 42749.442 3570.507 14451.139536636425 1433
260 7.3 26864.794205479448 3949.8201826547524 42749.442 3570.507 15069.61249943375 1766
270 0.9 37210.964555555554 5699.033990361586 46243.083 3570.507 15537.827977705276 1839
280 3 6171.444033333333 1187.3467133077145 46243.083 3570.507 15643.378967532468 1848
290 52 11028.899657692296 2907.1160669922688 46243.083 3090.05 15492.070102768903 1878
300 83.3 15063.967710684286 4207.351169605509 46243.083 3090.05 14524.243317347788 2398
310 38.1 22407.47301049866 4371.0919092232325 46243.083 3090.05 14663.392317548749 3231
320 5.2 31576.14411538461 5075.173725759441 47772.437 3090.05 15480.25132751938 3612
330 0.5 40271.6712 2528.168472886679 47772.437 3090.05 15708.68648717249 3664
340 0 0 0 47772.437 3090.05 15742.160164895067 3669
350 0 0 0 47772.437 3090.05 15742.160164895067 3669
360 32.8 8717.336439024393 2405.985900671069 47772.437 1865.319 15742.160164895067 3669
370 167.8 12928.683255065547 3696.0666226334347 47772.437 1865.319 15165.69226845134 3997
380 135 18124.006838518493 4409.592786988538 47772.437 1865.319 14504.247136387663 5675
390 27.3 26760.85217582418 4417.6648065913205 47772.437 1865.319 15199.859321138782 7025
400 3.6 34965.318999999996 3761.2184844082312 47772.437 1865.319 15632.327264318983 7298
410 0.3 44678.844666666664 3455.8538431772376 48918.039 1865.319 15727.226051131707 7334
420 0 0 0 48918.039 1865.319 15739.06397614828 7337
430 6.8 6212.902044117647 1306.6326197264218 48918.039 1865.319 15739.06397614828 7337
440 180.5 11063.071194459832 2998.906477787423 48918.039 1865.319 15651.585379068189 7405
450 338.1 15718.249866903248 4116.860671280705 48918.039 1865.319 14752.316312486419 9210
460 177.9 22509.76094603705 4591.888596116065 48918.039 1865.319 15011.693752521627 12591
470 32.8 31192.260664634156 4148.421510337748 48918.039 1865.319 15939.951340361848 14370
480 3.6 40851.33097222222 4684.250779448293 55310.959 1865.319 16280.321285821183 14698
490 0.6 49372.046333333325 2418.279091463923 55310.959 1865.319 16340.356330528011 14734
497 0 0 0 55310.959 1865.319 16353.802065942993 14740
