0 272.26015625 272.26015625
10 821.98203125 1094.2421875
20 477.090625 1571.3328125
30 60.13671875 1631.46953125
40 225.053125 1856.52265625
50 1186.3109375 3042.83359375
60 909.3015625 3952.13515625
70 159.1578125 4111.29296875
80 380.6265625 4491.91953125
90 2457.4453125 6949.36484375
100 2264.80546875 9214.1703125
110 556.61953125 9770.78984375
120 230.35625 10001.14609375
130 3388.46484375 13389.6109375
140 7071.796875 20461.4078125
150 2029.75390625 22491.16171875
160 351.61640625 22842.778125
170 484.6609375 23327.4390625
180 7187.3671875 30514.80625
190 13223.7296875 43738.5359375
200 5384.71875 49123.2546875
210 639.09453125 49762.34921875
220 1020.45703125 50782.80625
230 14379.27421875 65162.08046875
240 28143.44140625 93305.521875
250 10878.88984375 104184.41171875
260 1307.30078125 105491.7125
270 185.86953125 105677.58203125
280 9734.575 115412.15703125
290 53966.28359375 169378.440625
300 48035.4078125 217413.8484375
310 10893.08359375 228306.93203125
320 759.259375 229066.19140625
330 23.3890625 229089.58046875
340 0 229089.58046875
350 3293.9296875 232383.51015625
360 71699.1359375 304082.64609375
370 163418.63671875 467501.2828125
380 73889.3328125 541390.615625
390 5287.940625 546678.55625
400 652.3328125 547330.8890625
410 10.184375 547341.0734375
420 0 547341.0734375
430 47250.49453125 594591.56796875
440 313959.45078125 908551.01875
450 409681.80703125 1318232.82578125
460 187635.85625 1505868.68203125
470 6872.440625 1512741.12265625
480 328.6078125 1513069.73046875
490 25.534375 1513095.26484375
497 0 1513095.26484375
