0 0.7 2366.0534285714284 792.7656956366396 3959.827 1333.567 0 0
10 2.1 3475.755238095238 1978.1161132737452 7936.927 1023.23 2366.0534285714284 7
20 0.2 7073.099 3922.3369999999995 10995.436 1023.23 3198.3297857142857 28
30 0 0 0 10995.436 1023.23 3456.6477333333332 30
40 1.4 2966.7110714285714 1627.6786831899356 10995.436 421.942 3456.6477333333332 30
50 2.8 3759.566714285714 2236.4418918764986 10995.436 339.464 3300.758795454545 44
60 1.4 5698.787285714286 2687.5201025090937 11069.925 339.464 3479.184097222222 72
70 0 0 0 11069.925 339.464 3840.5148488372092 86
80 2.3 2417.5606086956523 1530.2385274479195 11069.925 238.613 3840.5148488372092 86
90 7.2 3383.0456249999993 2077.781547730639 11069.925 193.832 3540.2584495412843 109
100 2.3 6837.33504347826 3541.179469371512 14001.412 193.832 3477.720751381215 181
110 0 0 0 14001.412 193.832 3856.5007941176464 204
120 0.5 1398.9764 673.5474295868406 14001.412 193.832 3856.5007941176464 204
130 12.9 3169.223604651163 2040.5563829318348 14001.412 141.947 3797.708344497607 209
140 10.3 4382.8063203883485 2487.8472257719577 14001.412 141.947 3557.8428668639053 338
150 0.2 7049.336499999999 5707.6355 14001.412 141.947 3750.5214058956913 441
160 0.1 15282.249 0.0 15282.249 141.947 3765.414476297968 443
170 0.5 1418.5130000000001 656.875677528404 15282.249 141.947 3791.3532927927927 444
180 27.3 3135.3755970695993 2032.4995210865602 15282.249 141.947 3764.929681514476 449
190 19.2 5205.9231666666665 3398.0653312087934 17313.866 141.947 3526.8849930747933 722
200 1 8847.222600000001 4364.26211599155 18222.489 141.947 3879.593230853392 914
210 0 0 0 18222.489 141.947 3933.3554534632035 924
220 4 1212.3399249999998 686.3744869273038 18222.489 141.947 3933.3554534632035 924
230 46.8 3225.619371794869 2036.95963934146 18222.489 141.947 3820.4502448132785 964
240 38.6 4626.262398963727 2935.485057343617 18222.489 141.947 3626.050210893854 1432
250 3 9883.439 3263.682784438892 18222.489 141.947 3838.4164950495033 1818
260 0 0 0 18222.489 141.947 3936.5499772727258 1848
270 0 0 0 18222.489 141.947 3936.5499772727258 1848
280 40.8 2351.2612475490187 1434.6023021914843 18222.489 141.947 3936.5499772727258 1848
290 111.1 3805.2600513051307 2372.365714952419 18222.489 141.947 3649.848824024821 2256
300 29.1 6521.945831615118 3237.3025303270547 18222.489 141.947 3701.129451737451 3367
310 1.1 14009.132000000001 5683.447491718273 22135.523 141.947 3925.5300986878065 3658
320 0 0 0 22135.523 141.947 3955.761666121558 3669
330 0 0 0 22135.523 141.947 3955.761666121558 3669
340 0 0 0 22135.523 141.947 3955.761666121558 3669
350 8.6 1311.8231162790698 633.8083507841734 22135.523 141.947 3955.761666121558 3669
360 186.8 3168.183385438979 2039.0298390699807 22135.523 141.947 3895.208080159786 3755
370 162.3 4722.577686999384 2919.17160728481 22135.523 141.947 3653.6853823581732 5623
380 8.9 9857.236 4109.0184481561 22135.523 141.947 3893.1019170576888 7246
390 0.2 21363.783 5184.848000000001 26548.631 141.947 3965.468370143151 7335
400 0 0 0 26548.631 141.947 3970.210993730409 7337
410 0 0 0 26548.631 141.947 3970.210993730409 7337
420 0 0 0 26548.631 141.947 3970.210993730409 7337
430 171.8 2443.313370197907 1553.7210717973828 26548.631 141.947 3970.210993730409 7337
440 448.1 3857.344104664133 2457.1064300329476 26548.631 141.947 3680.5135760353414 9055
450 116.3 6785.376664660368 3437.064349096455 26548.631 141.947 3739.0521102245857 13536
460 3.8 12926.807657894735 4956.501220508083 26548.631 141.947 3980.080442547112 14699
470 0.3 20928.88566666667 4887.619256437796 26548.631 141.947 4003.149970550315 14737
480 0 0 0 26548.631 141.947 4006.5948285617364 14740
490 0 0 0 26548.631 141.947 4006.5948285617364 14740
497 0 0 0 26548.631 141.947 4006.5948285617364 14740
