20 0.1 53.076 0 53.076 53.076 0 0
30 0 0 0 53.076 53.076 53.076 1
40 0.1 11.607 0.0 53.076 11.607 53.076 1
50 0.3 16.409333333333333 2.8001853906879486 53.076 11.607 32.341499999999996 2
60 0.2 14.9155 1.708499999999999 53.076 11.607 22.782199999999996 5
70 0 0 0 53.076 11.607 20.53457142857142 7
80 0.2 10.9175 1.6595000000000009 53.076 9.258 20.53457142857142 7
90 0.5 10.418800000000001 0.6823791907729897 53.076 9.258 18.397444444444442 9
100 0.2 10.805 1.8349999999999995 53.076 8.97 15.54792857142857 14
110 0.1 10.689 0.0 53.076 8.97 14.9550625 16
120 0 0 0 53.076 8.97 14.704117647058823 17
130 0.8 9.89175 1.464468226865984 53.076 7.127 14.704117647058823 17
140 1.4 9.810214285714286 1.1699509866761466 53.076 7.127 13.164159999999999 25
150 0.1 10.946 0.0 53.076 7.127 11.960179487179488 39
160 0 0 0 53.076 7.127 11.934825 40
170 0 0 0 53.076 7.127 11.934825 40
180 0.9 8.912666666666667 0.987679097683048 53.076 7.127 11.934825 40
190 3.6 9.418666666666665 2.4011543057454676 53.076 7.074 11.37973469387755 49
200 0.5 8.9588 1.374398399300581 53.076 7.074 10.549164705882351 85
210 0 0 0 53.076 7.074 10.46081111111111 90
220 0.1 9.648 0.0 53.076 7.074 10.46081111111111 90
230 3 8.924166666666666 2.500227217452224 53.076 5.499 10.45187912087912 91
240 4.4 8.671659090909088 2.161787201948486 53.076 5.499 10.073107438016526 121
250 2 7.92215 0.9371621671301076 53.076 5.499 9.699387878787876 165
260 0.1 10.475 0.0 53.076 5.499 9.507254054054052 185
270 0 0 0 53.076 5.499 9.51245698924731 186
280 1.5 7.771933333333333 1.3796432614588776 53.076 5.093 9.51245698924731 186
290 9.1 9.152747252747254 3.6349286571695236 53.076 5.093 9.382567164179104 201
300 7.8 8.128820512820514 1.6433094792848455 53.076 5.093 9.310945205479452 292
310 0.5 9.8606 4.001193302003791 53.076 5.093 9.061740540540542 370
320 0.2 7.7299999999999995 0.3099999999999996 53.076 5.093 9.072392 375
330 0 0 0 53.076 5.093 9.065270557029178 377
340 0 0 0 53.076 5.093 9.065270557029178 377
350 0 0 0 53.076 5.093 9.065270557029178 377
360 7.9 10.285569620253169 5.925095114727758 53.076 5.093 9.065270557029178 377
370 22.3 11.525654708520179 17.582086596506453 214.776 5.093 9.27668201754386 456
380 5.9 10.93761016949152 12.326114096195887 214.776 5.093 10.015298969072166 679
390 0.3 7.205666666666666 0.6200603913240131 214.776 5.093 10.089033875338753 738
400 0 0 0 214.776 5.093 10.077360323886639 741
410 0 0 0 214.776 5.093 10.077360323886639 741
420 0 0 0 214.776 5.093 10.077360323886639 741
430 4.4 10.017272727272728 5.353313270403142 214.776 5.093 10.077360323886639 741
440 40.4 30.922316831683176 43.72299866054381 499.531 5.093 10.073992356687897 785
450 32.3 70.0169690402477 64.80862926608529 499.531 5.093 17.15786375105131 1189
460 3.9 30.896128205128196 31.69063026145391 499.531 5.093 28.449855158730166 1512
470 0.2 8.341 0.08999999999999986 499.531 5.093 28.511366860090273 1551
480 0 0 0 499.531 5.093 28.485390856406962 1553
490 0 0 0 499.531 5.093 28.485390856406962 1553
497 0 0 0 499.531 5.093 28.485390856406962 1553
