10 0.4 40.40975 17.13298150315642 57.906 22.847 0 0
20 0.2 48.748 12.311 61.059 22.847 40.40975 4
30 0 0 0 61.059 22.847 43.189166666666665 6
40 0.2 43.522000000000006 31.750000000000004 75.272 11.772 43.189166666666665 6
50 0.8 32.61725 22.91019329223348 78.046 10.539 43.272375 8
60 0.2 13.6125 0.12349999999999994 78.046 10.539 37.9448125 16
70 0 0 0 78.046 10.539 35.24122222222222 18
80 0.4 14.92575 5.110584378278085 78.046 10.539 35.24122222222222 18
90 0.8 11.507874999999999 0.9752951396244113 78.046 9.832 31.5475 22
100 0.8 11.599375 1.7253454681237026 78.046 8.816 26.203599999999998 30
110 0.1 15.258 0.0 78.046 8.816 23.12902631578947 38
120 0 0 0 78.046 8.816 22.927205128205127 39
130 1 11.6476 1.266630980199048 78.046 8.816 22.927205128205127 39
140 2.9 54.070931034482754 145.68338452011824 625.218 8.816 20.62524489795918 49
150 0.5 11.4272 0.714140434368479 625.218 8.816 33.06017948717948 78
160 0.1 10.696 0.0 625.218 8.816 31.756987951807222 83
170 0 0 0 625.218 8.816 31.506261904761896 84
180 3.3 12.060787878787878 9.470541780789063 625.218 6.773 31.506261904761896 84
190 5 11.2509 6.52660023978794 625.218 6.773 26.02164102564102 117
200 1.7 16.68 13.62808736742312 625.218 6.773 21.599263473053888 167
210 0 0 0 625.218 6.773 21.144766304347822 184
220 0 0 0 625.218 6.773 21.144766304347822 184
230 4.5 11.545133333333338 8.055152723843568 625.218 6.575 21.144766304347822 184
240 9.8 10.208581632653058 2.4716979577522253 625.218 6.575 19.25837554585153 229
250 2.7 9.734370370370371 1.8007475227259278 625.218 6.575 16.546204892966358 327
260 0.1 11.691 0.0 625.218 6.575 16.026658192090395 354
270 0 0 0 625.218 6.575 16.014445070422536 355
280 2 13.358700000000002 10.248649150497835 625.218 6.575 16.014445070422536 355
290 18.8 13.584840425531917 18.45429068617527 625.218 6.575 15.872805333333332 375
300 14 10.058207142857146 3.9797201148832215 625.218 6.468 15.10879573712256 563
310 1.4 9.928571428571427 1.5699312411824975 625.218 6.468 14.102988620199149 703
320 0.2 11.308 1.0510000000000002 625.218 6.468 14.02147977684798 717
330 0 0 0 625.218 6.468 14.01393184979138 719
340 0 0 0 625.218 6.468 14.01393184979138 719
350 0.1 13.088 0.0 625.218 6.468 14.01393184979138 719
360 20.9 15.007770334928232 19.47712521218124 625.218 6.468 14.012645833333336 720
370 40.9 14.171229828850864 16.89993858139012 625.218 6.468 14.236522066738429 929
380 12.7 12.688141732283462 11.204018502744148 625.218 6.468 14.216563527653216 1338
390 0.8 10.449125 1.099680003171377 625.218 6.468 14.08406552901024 1465
400 0 0 0 625.218 6.468 14.064323828920573 1473
410 0 0 0 625.218 6.468 14.064323828920573 1473
420 0 0 0 625.218 6.468 14.064323828920573 1473
430 11.1 15.256675675675686 23.426185228570233 625.218 6.468 14.064323828920573 1473
440 68.8 43.66364389534877 62.933945613886436 686.645 6.468 14.147878787878792 1584
450 59.3 77.12161888701516 65.5320805031316 686.645 6.468 23.085751320422517 2272
460 8.2 33.51353658536586 30.298702148488275 686.645 6.468 34.270138568935415 2865
470 0.7 10.050428571428572 0.9201581940301444 686.645 6.468 34.249086189345086 2947
480 0 0 0 686.645 6.468 34.191743398781306 2954
490 0 0 0 686.645 6.468 34.191743398781306 2954
497 0 0 0 686.645 6.468 34.191743398781306 2954
