10 0.4 91.595 30.25726656524016 143.869 71.121 0 0
20 0.3 68.80266666666667 19.89836838090556 143.869 40.758 91.595 4
30 0 0 0 143.869 40.758 81.82685714285715 7
40 0.1 21.978 0.0 143.869 21.978 81.82685714285715 7
50 0.6 30.629833333333334 12.449603653887497 143.869 13.817 74.34575 8
60 0.8 16.812125 3.445367376547093 143.869 13.542 55.61035714285714 14
70 0.4 20.590000000000003 3.3226904008649396 143.869 13.542 41.50190909090909 22
80 0 0 0 143.869 13.542 38.2846923076923 26
90 2.3 23.477478260869567 27.671107562361648 145.725 9.354 38.2846923076923 26
100 2.1 15.813761904761902 3.6624321336765884 145.725 9.354 31.334367346938777 49
110 0.3 15.301666666666668 0.4019040792140451 145.725 9.354 26.678185714285714 70
120 0 0 0 145.725 9.354 26.210657534246575 73
130 1.5 15.77346666666667 3.978837131066758 145.725 9.354 26.210657534246575 73
140 3.7 15.710513513513513 3.7177011323231515 145.725 9.354 24.43159090909091 88
150 1.7 16.868235294117643 4.579953744043476 145.725 9.354 21.850152 125
160 0.2 17.0965 1.3495 145.725 9.354 21.253725352112674 142
170 0 0 0 145.725 9.354 21.19598611111111 144
180 3.4 14.414882352941175 1.775615746797942 145.725 9.354 21.19598611111111 144
190 7.5 17.097319999999993 7.161285160565338 145.725 9.354 19.90071910112359 178
200 2.6 23.91446153846154 12.229090982101685 145.725 9.354 19.069671936758887 253
210 0.1 18.406 0.0 145.725 9.354 19.521157706093184 279
220 0 0 0 145.725 9.354 19.517174999999995 280
230 5.4 17.637277777777776 6.22518828933345 145.725 9.354 19.517174999999995 280
240 14.9 20.653046979865774 19.645509755706296 223.701 9.354 19.213239520958076 334
250 6.6 20.385212121212124 6.099181995613072 223.701 9.354 19.657403726708072 483
260 0.2 28.89 10.955999999999996 223.701 9.354 19.744899817850637 549
270 0 0 0 223.701 9.354 19.778094373865702 551
280 1.7 22.517882352941182 6.239383509161338 223.701 9.354 19.778094373865702 551
290 23.2 27.432862068965502 16.97279207488214 223.701 9.354 19.86009507042254 568
300 24.8 29.759439516129046 14.346575936760834 223.701 9.354 22.0561975 800
310 6.8 30.126705882352933 10.938634839356734 223.701 9.354 23.879102099236643 1048
320 0.4 39.790000000000006 9.830641357510707 223.701 9.354 24.25978046594982 1116
330 0 0 0 223.701 9.354 24.315245535714286 1120
340 0 0 0 223.701 9.354 24.315245535714286 1120
350 0 0 0 223.701 9.354 24.315245535714286 1120
360 18.1 42.55822099447517 33.26753069673707 306.06 9.354 24.315245535714286 1120
370 61.6 50.397211038961046 31.88969093916908 363.317 9.354 26.85327671022291 1301
380 29.5 51.15412881355931 20.773522869194966 363.317 9.354 34.418776734480964 1917
390 1.8 51.97994444444444 20.01378248294638 363.317 9.354 36.65066139240506 2212
400 0.1 46.22 0.0 363.317 9.354 36.77439551569506 2230
410 0 0 0 363.317 9.354 36.77862931420887 2231
420 0 0 0 363.317 9.354 36.77862931420887 2231
430 4.2 70.58571428571429 37.87771127198793 363.317 9.354 36.77862931420887 2231
440 78.5 240.23700000000014 267.5981176306554 1694.472 9.354 37.40330928288605 2273
450 104.2 1103.8784520153554 1027.9437547440496 3045.898 9.354 89.47147383911056 3058
460 29.9 737.9139297658867 743.9987185649536 3045.898 9.354 347.2792960975611 4100
470 1.3 85.63107692307692 28.610133023274596 3045.898 9.354 373.83072948397376 4399
480 0.1 67.817 0.0 3045.898 9.354 372.9815464641887 4412
490 0 0 0 3045.898 9.354 372.9123951960119 4413
497 0 0 0 3045.898 9.354 372.9123951960119 4413
