0 0.2 85.795 10.391000000000005 96.186 75.404 0 0
10 0.6 80.96533333333333 9.364394546484156 96.186 62.322 85.795 2
20 0.2 66.29849999999999 44.143499999999996 110.442 22.155 82.17275000000001 8
30 0 0 0 110.442 22.155 78.9979 10
40 0.1 38.038 0.0 110.442 22.155 78.9979 10
50 0.7 27.157857142857143 7.4285932994183534 110.442 15.721 75.27427272727273 11
60 0.5 35.193 27.577952186484044 110.442 15.721 56.562333333333335 18
70 0 0 0 110.442 15.721 51.91682608695652 23
80 0.1 34.167 0.0 110.442 15.721 51.91682608695652 23
90 1.6 23.0309375 7.783423326762702 110.442 12.613 51.177249999999994 24
100 1.3 21.941615384615382 6.458246041224666 110.442 12.613 39.918724999999995 40
110 0.1 16.793 0.0 110.442 12.613 35.50924528301886 53
120 0 0 0 110.442 12.613 35.16264814814814 54
130 2.6 17.962384615384618 3.600203648907861 110.442 12.613 35.16264814814814 54
140 4.4 17.54461363636364 3.183161615980316 110.442 11.217 29.572562499999997 80
150 0.7 18.266857142857145 1.8867006294868618 110.442 11.217 25.30458064516129 124
160 0 0 0 110.442 11.217 24.928519083969466 131
170 0 0 0 110.442 11.217 24.928519083969466 131
180 5 16.85064 9.903835561558967 110.442 10.91 24.928519083969466 131
190 8.5 15.381035294117652 3.73489182596973 110.442 10.593 22.69706077348066 181
200 1.6 20.789687500000003 9.729036127224719 110.442 10.593 20.35923308270677 266
210 0 0 0 110.442 10.593 20.383656028368797 282
220 0 0 0 110.442 10.593 20.383656028368797 282
230 8.8 14.804693181818179 3.796546131796978 110.442 10.291 20.383656028368797 282
240 14.8 14.959290540540534 5.34718946794732 110.442 9.853 19.05676756756757 370
250 3.6 14.592 2.4929776929964254 110.442 9.853 17.886059845559846 518
260 0 0 0 110.442 9.853 17.672005415162452 554
270 0.1 15.961 0.0 110.442 9.853 17.672005415162452 554
280 5.1 15.303725490196072 5.113960362704334 110.442 9.853 17.66892252252252 555
290 28.8 17.020277777777764 16.048745928396663 160.742 9.853 17.46987128712871 606
300 15.2 14.753210526315788 4.005408170657942 160.742 9.465 17.32503579418344 894
310 1.4 14.132571428571428 1.7978943920314006 160.742 9.465 16.95130975143403 1046
320 0 0 0 160.742 9.465 16.914081132075466 1060
330 0 0 0 160.742 9.465 16.914081132075466 1060
340 0 0 0 160.742 9.465 16.914081132075466 1060
350 0.4 13.309 1.4771222021214088 160.742 9.465 16.914081132075466 1060
360 38.9 20.1541105398458 21.28761226980928 160.742 9.465 16.900528195488718 1064
370 60 24.013251666666655 29.75953665787933 361.368 9.465 17.77158362009636 1453
380 9.6 18.041020833333345 15.746598630722326 361.368 9.465 19.595743789576233 2053
390 0.6 16.015 1.7695472113886463 361.368 9.465 19.526291298278274 2149
400 0 0 0 361.368 9.465 19.5165150812065 2155
410 0 0 0 361.368 9.465 19.5165150812065 2155
420 0 0 0 361.368 9.465 19.5165150812065 2155
430 24.6 26.168853658536598 35.32580749672478 361.368 9.465 19.5165150812065 2155
440 111.9 75.46774709562125 106.2455079680716 1308.51 9.465 20.19809579341941 2401
450 70.9 81.14360366713687 78.50029146643611 1308.51 9.465 37.768192329545506 3520
460 5.3 28.307056603773567 21.116967349820843 1308.51 9.465 45.04016363206438 4229
470 0 0 0 1308.51 9.465 44.83305137786087 4282
480 0 0 0 1308.51 9.465 44.83305137786087 4282
490 0 0 0 1308.51 9.465 44.83305137786087 4282
497 0 0 0 1308.51 9.465 44.83305137786087 4282
