20 0.1 170.886 0 170.886 170.886 0 0
30 0 0 0 170.886 170.886 170.886 1
40 0 0 0 170.886 170.886 170.886 1
50 0.2 125.3605 0.9244999999999948 170.886 124.436 170.886 1
60 0.4 143.28775 26.07493424128813 188.103 124.145 140.53566666666666 3
70 0 0 0 188.103 124.145 142.1082857142857 7
80 0.1 122.599 0.0 188.103 122.599 142.1082857142857 7
90 0.3 121.983 0.9590505721806376 188.103 120.817 139.669625 8
100 0.5 120.9016 1.9700068629322078 188.103 119.033 134.846 11
110 0.1 122.421 0.0 188.103 119.033 130.48837500000002 16
120 0 0 0 188.103 119.033 130.01382352941178 17
130 0.5 124.16959999999999 0.7501116183608945 188.103 119.033 130.01382352941178 17
140 1.5 161.91286666666667 146.9496715758456 711.703 118.749 128.6855909090909 22
150 0.3 120.71633333333334 2.1269944888399617 711.703 118.118 142.1561081081081 37
160 0 0 0 711.703 118.118 140.548125 40
170 0 0 0 711.703 118.118 140.548125 40
180 0.7 128.12857142857143 8.766255347428938 711.703 118.118 140.548125 40
190 3.2 123.94684374999997 2.6010254841765654 711.703 117.948 138.69840425531916 47
200 1 129.03680000000003 20.763514446258856 711.703 113.417 132.72308860759495 79
210 0.1 133.63 0.0 711.703 113.417 132.3088988764045 89
220 0 0 0 711.703 113.417 132.32357777777776 90
230 2 127.27785000000002 6.049191047363273 711.703 113.417 132.32357777777776 90
240 4.6 127.47456521739129 4.86065098812447 711.703 113.417 131.40617272727272 110
250 2.7 122.57677777777778 2.217753924387421 711.703 113.417 130.24685256410254 156
260 0.3 120.50366666666666 0.7260653475334606 711.703 113.417 129.11520218579233 183
270 0 0 0 711.703 113.417 128.97630645161286 186
280 0.9 127.16755555555554 3.240860451968864 711.703 113.417 128.97630645161286 186
290 7.4 128.2890945945947 3.195435787092319 711.703 113.417 128.89282564102558 195
300 9 128.63628888888886 12.835147738615973 711.703 113.417 128.72674349442377 269
310 1.6 122.75531250000002 2.0924464962917786 711.703 113.417 128.70406685236765 359
320 0.2 118.01050000000001 0.7744999999999997 711.703 113.417 128.4502533333333 375
330 0 0 0 711.703 113.417 128.39487002652518 377
340 0 0 0 711.703 113.417 128.39487002652518 377
350 0 0 0 711.703 113.417 128.39487002652518 377
360 5.2 135.44773076923067 18.6863910446525 711.703 113.417 128.39487002652518 377
370 20.4 133.72503921568614 18.568480545881386 711.703 113.417 129.2497622377622 429
380 9.9 129.79026262626266 7.7402500763320825 711.703 113.417 130.69203159557654 633
390 0.9 121.58333333333333 3.8483194023134617 711.703 113.417 130.5700710382513 732
400 0 0 0 711.703 113.417 130.4609203778677 741
410 0 0 0 711.703 113.417 130.4609203778677 741
420 0 0 0 711.703 113.417 130.4609203778677 741
430 2.1 131.51523809523812 3.5809382104582808 711.703 113.417 130.4609203778677 741
440 32.2 173.58910869565196 84.34057078867936 854.235 113.417 130.4899763779527 762
450 38.2 179.81453141361226 61.37214014755309 854.235 113.417 143.29248616236154 1084
460 8.3 140.96474698795174 22.490109488739748 854.235 113.417 152.80914461118675 1466
470 0.4 122.36200000000001 2.143562805238034 854.235 113.417 152.1744867656551 1549
480 0 0 0 854.235 113.417 152.09769993560835 1553
490 0 0 0 854.235 113.417 152.09769993560835 1553
497 0 0 0 854.235 113.417 152.09769993560835 1553
