10 0.3 102.26299999999999 9.991136905611228 112.063 88.548 0 0
20 0.3 80.07566666666666 27.30338738854373 117.859 54.29 102.26299999999999 3
30 0.1 21.984 0.0 117.859 21.984 91.16933333333333 6
40 0 0 0 117.859 21.984 81.28571428571429 7
50 0.4 54.0915 36.76110964388861 117.859 17.514 81.28571428571429 7
60 0.9 41.962111111111106 15.728689162337465 117.859 17.514 71.39690909090909 11
70 0.6 30.3565 9.89222116530627 117.859 17.514 58.15124999999999 20
80 0 0 0 117.859 17.514 51.73707692307691 26
90 0.9 27.27188888888889 13.532521580289005 117.859 14.964 51.73707692307691 26
100 2.4 22.604541666666663 7.974121356922691 117.859 14.964 45.44602857142857 35
110 1.3 25.61723076923077 9.917396270841426 117.859 13.862 36.154576271186436 59
120 0.1 18.298 0.0 117.859 13.862 34.251999999999995 72
130 0.6 25.307999999999996 6.604281994786919 117.859 13.862 34.033452054794516 73
140 3 25.267533333333336 38.538773305796276 229.068 11.673 33.37075949367088 79
150 2.3 19.097521739130432 5.570822895029807 229.068 11.673 31.140513761467886 109
160 0.9 22.25633333333333 5.815271408589246 229.068 11.673 29.042113636363634 132
170 0.3 20.145666666666667 2.7709234722180427 229.068 11.673 28.608978723404253 141
180 1.3 19.134384615384615 9.11569049275826 229.068 11.673 28.43265972222222 144
190 6.2 14.427661290322575 2.865411730498037 229.068 10.898 27.66273885350318 157
200 5.1 17.678058823529405 8.711372831212248 229.068 10.898 23.915821917808213 219
210 0.9 17.56811111111111 1.7891525271569495 229.068 10.898 22.737577777777773 270
220 0.1 17.429 0.0 229.068 10.898 22.57082078853046 279
230 2.1 15.282761904761903 3.68327808066417 229.068 10.898 22.55245714285714 280
240 12 15.512066666666666 6.025514418887588 229.068 10.03 22.04526910299003 301
250 10.4 15.581644230769236 4.045139804368917 229.068 10.03 20.183073634204273 421
260 2.5 18.49244 5.125321290065629 229.068 10.03 19.27155238095238 525
270 0.1 27.038 0.0 229.068 10.03 19.23613818181818 550
280 0.6 13.705 1.919689905514256 229.068 10.03 19.250297640653354 551
290 13.9 19.045223021582732 20.460634836189744 229.068 10.03 19.19056373429084 557
300 26.6 15.938319548872176 14.588857339011813 229.068 9.376 19.161537356321837 696
310 13.1 15.216251908396952 3.10880969181147 229.068 9.376 18.270294178794177 962
320 2.2 18.68886363636364 3.7553066367409214 229.068 9.376 17.90425617566331 1093
330 0.5 19.5242 1.414389536160389 229.068 9.376 17.91973721973094 1115
340 0 0 0 229.068 9.376 17.926899999999996 1120
350 0 0 0 229.068 9.376 17.926899999999996 1120
360 7.2 23.077333333333332 27.817175746290275 229.068 9.376 17.926899999999996 1120
370 48.1 21.76170062370063 24.342252732167037 321.707 9.376 18.237999999999996 1192
380 45 17.369722222222247 18.043152725758926 321.707 9.022 19.25109025702331 1673
390 9.5 16.023926315789474 2.9567825623279127 321.707 9.022 18.852307583608106 2123
400 1.2 18.14166666666667 1.2649568064650358 321.707 9.022 18.731164111812447 2218
410 0.1 16.305 0.0 321.707 9.022 18.727991928251125 2230
420 0 0 0 321.707 9.022 18.726905871806366 2231
430 1.7 24.45947058823529 33.80363442541026 321.707 9.022 18.726905871806366 2231
440 46.9 83.75377185501068 102.57431186476488 1024.484 9.022 18.770257117437726 2248
450 99.9 83.6093143143144 80.31010966513321 1191.011 9.022 29.9875071770335 2717
460 59.5 33.40288571428574 31.27736200078446 1191.011 9.022 44.4030575888052 3716
470 9 15.49883333333334 3.3629520505717054 1191.011 9.022 42.88482463465556 4311
480 1 18.6269 2.2897568189657167 1191.011 9.022 42.32478391274712 4401
490 0.2 19.924500000000002 0.5825000000000022 1191.011 9.022 42.271059396962166 4411
497 0 0 0 1191.011 9.022 42.26093179243147 4413
