10 0.3 76.66233333333334 31.27109426007063 104.67 33.019 0 0
20 0.2 85.4935 27.6765 113.17 33.019 76.66233333333334 3
30 0.1 43.088 0.0 113.17 33.019 80.19480000000001 5
40 0 0 0 113.17 33.019 74.01033333333335 6
50 0.4 32.00925000000001 5.9493082108342685 113.17 24.997 74.01033333333335 6
60 0.7 37.77814285714286 7.005542936613455 113.17 24.997 57.20990000000002 10
70 0.1 36.868 0.0 113.17 24.997 49.20858823529413 17
80 0 0 0 113.17 24.997 48.52300000000001 18
90 0.7 36.21071428571428 6.302428867718622 113.17 24.997 48.52300000000001 18
100 0.8 30.667999999999996 4.2169407157322 113.17 24.997 45.07556 25
110 0.6 35.857499999999995 3.950703682046194 113.17 24.997 41.58281818181819 33
120 0 0 0 113.17 24.997 40.702000000000005 39
130 0.2 28.938 2.7560000000000002 113.17 24.997 40.702000000000005 39
140 1.5 46.20346666666668 53.249007046600305 231.401 20.936 40.12814634146342 41
150 2.6 31.41573076923077 3.6604083794623063 231.401 20.936 41.7554642857143 56
160 0.2 34.8685 6.158499999999998 231.401 20.936 38.47701219512196 82
170 0 0 0 231.401 20.936 38.39109523809525 84
180 1.2 26.84358333333334 3.75471433574587 231.401 20.484 38.39109523809525 84
190 4 26.874725 6.841464229196481 231.401 19.444 36.94765625000001 96
200 4.1 30.077390243902446 6.211068314211917 231.401 19.268 33.985029411764714 136
210 0.5 28.169600000000003 3.5359218090902402 231.401 19.268 33.07987005649718 177
220 0.2 37.728 0.22299999999999898 231.401 19.268 32.94497252747253 182
230 1.1 25.367636363636368 3.7732211768708677 231.401 19.268 32.996961956521744 184
240 7.8 25.777666666666658 7.1891023505607174 231.401 18.723 32.566589743589745 195
250 6.7 27.314298507462688 4.641765503073175 231.401 18.629 30.626897435897437 273
260 1.4 31.886500000000005 4.343596218243919 231.401 18.629 29.974120588235298 340
270 0.1 34.331 0.0 231.401 18.629 30.04975141242938 354
280 0.3 24.768 4.930628965963674 231.401 18.629 30.061811267605638 355
290 9.2 34.187608695652166 27.36248436627615 231.401 18.625 30.017449720670395 358
300 16.7 26.66175449101798 8.029484977978454 231.401 18.431 30.870015555555558 450
310 9.3 28.50705376344085 5.875530816313841 231.401 18.431 29.730988654781207 617
320 0.7 31.388714285714286 4.603492454160233 231.401 18.431 29.570670422535215 710
330 0.2 28.1125 1.3384999999999998 231.401 18.431 29.588419804741985 717
340 0 0 0 231.401 18.431 29.58431432545202 719
350 0 0 0 231.401 18.431 29.58431432545202 719
360 5.6 38.64441071428571 31.192703187362348 231.401 18.431 29.58431432545202 719
370 32.5 42.66784000000003 49.57315738165876 357.18 18.431 30.238979354838712 775
380 29.3 31.86473037542662 23.371753066432415 357.18 18.431 33.91114272727274 1100
390 7 30.32997142857143 6.298445284289107 357.18 18.431 33.48070567121322 1393
400 0.9 32.706444444444436 4.903884109359102 357.18 18.431 33.32995283663706 1463
410 0.1 38.425 0.0 357.18 18.431 33.326140625000015 1472
420 0 0 0 357.18 18.431 33.32960217243722 1473
430 1 40.833600000000004 38.74611561485873 357.18 18.431 33.32960217243722 1473
440 36.8 138.67683423913041 181.28282769562887 1403.004 18.431 33.380202292650054 1483
450 67.2 119.44472172619061 131.78432657345144 1416.544 18.431 54.31437871420855 1851
460 36.1 43.51626592797782 29.65625473719355 1416.544 18.431 71.66181847007535 2523
470 6.3 29.742031746031735 5.052397343798995 1416.544 18.431 68.13874479889047 2884
480 0.6 35.55533333333334 9.858459542725504 1416.544 18.431 67.31791245334243 2947
490 0.1 35.993 0.0 1416.544 18.431 67.25337622756524 2953
497 0 0 0 1416.544 18.431 67.24279383886261 2954
