0 0.2 141.3045 15.986499999999996 157.291 125.318 0 0
10 0.9 147.33355555555556 22.854158800295757 173.888 108.387 141.3045 2
20 0.8 101.27924999999999 26.906392427033026 173.888 72.715 146.23736363636363 11
30 0.1 124.399 0.0 173.888 72.715 127.30763157894735 19
40 0 0 0 173.888 72.715 127.16219999999998 20
50 1.3 97.60084615384615 16.97280122316133 173.888 72.188 127.16219999999998 20
60 1.1 95.31590909090909 24.622494679956024 173.888 66.732 115.51681818181817 33
70 0.2 92.343 18.619 173.888 66.732 110.46659090909088 44
80 0 0 0 173.888 66.732 109.67860869565214 46
90 2 83.11245 13.132689939517345 173.888 64.214 109.67860869565214 46
100 3.1 81.72012903225809 12.88050749286197 173.888 63.843 101.62825757575754 66
110 1.1 85.3939090909091 12.805367720072748 173.888 63.843 95.26586597938143 97
120 0 0 0 173.888 63.843 94.26038888888888 108
130 2.1 75.66799999999999 7.113522796155823 173.888 63.843 94.26038888888888 108
140 9.6 76.66256249999999 8.821588226018433 173.888 60.933 91.23372093023255 129
150 3 73.59953333333334 8.079079521551664 173.888 60.933 85.01669333333334 225
160 0.6 81.22383333333333 8.022738298458675 173.888 60.933 83.67349803921569 255
170 0.1 70.944 0.0 173.888 60.933 83.61718390804599 261
180 4.6 79.65317391304352 25.164503436996803 196.9 60.346 83.56881297709924 262
190 15.6 72.73315384615383 8.428825963166936 196.9 58.099 82.98400974025975 308
200 8.8 75.5771363636364 12.638595632014923 196.9 57.771 79.53760129310345 464
210 1.2 74.12058333333333 5.426602781027511 196.9 57.771 78.90622282608696 552
220 0 0 0 196.9 57.771 78.80440070921986 564
230 8.7 76.77857471264369 20.859362277769243 198.131 57.771 78.80440070921986 564
240 29.7 75.81720875420879 23.287181471192387 303.782 57.771 78.53366820276499 651
250 14 70.84692142857138 7.540859216928854 303.782 56.809 77.68262552742618 948
260 1.9 74.86373684210527 7.475620754665795 303.782 56.809 76.80303125 1088
270 0.3 81.251 7.946662821587435 303.782 56.809 76.76974616079494 1107
280 2.9 83.96706896551724 32.02853177266303 303.782 56.809 76.78185765765765 1110
290 41.6 89.41815865384623 40.416041319401344 321.986 56.809 76.96479982440736 1139
300 44.3 77.21123927765234 23.22488416116225 321.986 56.773 80.29637363344054 1555
310 11.5 71.6268260869565 10.6481127466517 321.986 56.103 79.61233233233233 1998
320 0.7 80.17314285714285 16.618795069168538 321.986 56.103 79.17772124940842 2113
330 0 0 0 321.986 56.103 79.18100801886793 2120
340 0 0 0 321.986 56.103 79.18100801886793 2120
350 0.1 81.546 0.0 321.986 56.103 79.18100801886793 2120
360 39.1 117.42172890025574 70.06940928649037 444.688 56.103 79.18212305516266 2121
370 116.8 108.61666866438374 63.94518643321326 597.445 56.103 85.1342273089172 2512
380 57.3 79.09414659685855 26.02402367419216 597.445 56.103 92.58735000000006 3680
390 5.2 72.50996153846155 11.314549137761892 597.445 56.103 90.7694319304021 4253
400 0.5 82.9902 4.688650910443217 597.445 56.103 90.54887619047622 4305
410 0 0 0 597.445 56.103 90.540107424594 4310
420 0 0 0 597.445 56.103 90.540107424594 4310
430 13.9 160.0766474820145 102.57796051867427 624.437 56.103 90.540107424594 4310
440 149.5 327.6927311036798 237.47251389195182 2061.076 56.103 92.71263587322997 4449
450 203.5 476.5596746928757 365.87706686252403 2196.706 56.103 151.81345053835827 5944
460 54 218.154459259259 199.54784724116087 2196.706 56.103 234.63818623887752 7979
470 4.4 71.5215909090909 10.679679264672744 2196.706 56.103 233.59332034276366 8519
480 0.1 70.294 0.0 2196.706 56.103 232.76053322433768 8563
490 0 0 0 2196.706 56.103 232.74156235404058 8564
497 0 0 0 2196.706 56.103 232.74156235404058 8564
