0 2.1 21
10 0.9 30
20 0 30
30 0 30
40 2.5 55
50 3.1 86
60 0 86
70 0 86
80 5.9 145
90 5.9 204
100 0 204
110 0 204
120 6 264
130 15.9 423
140 2.1 444
150 0 444
160 0 444
170 12.1 565
180 33.1 896
190 2.8 924
200 0 924
210 0 924
220 23.4 1158
230 60.5 1763
240 8.5 1848
250 0 1848
260 0 1848
270 0 1848
280 105 2898
290 77.1 3669
300 0 3669
310 0 3669
320 0 3669
330 0 3669
340 0 3669
350 87.1 4540
360 245.8 6998
370 33.9 7337
380 0 7337
390 0 7337
400 0 7337
410 0 7337
420 0 7337
430 420.9 11546
440 319.4 14740
450 0 14740
460 0 14740
470 0 14740
480 0 14740
490 0 14740
497 0 14740
