0 21 21
10 19 27
20 6 27
30 0 27
40 25 27
50 41 47
60 13 47
70 0 47
80 58 58
90 90 105
100 31 105
110 2 105
120 60 105
130 201 201
140 109 212
150 30 212
160 5 212
170 121 212
180 405 406
190 216 425
200 39 425
210 7 425
220 234 425
230 764 764
240 415 804
250 82 804
260 9 804
270 0 804
280 1020 1020
290 1271 1573
300 438 1573
310 57 1573
320 5 1573
330 0 1573
340 0 1573
350 871 1573
360 3001 3001
370 1662 3186
380 312 3186
390 39 3186
400 3 3186
410 0 3186
420 0 3186
430 4141 4141
440 5530 6529
450 2149 6529
460 370 6529
470 42 6529
480 6 6529
490 0 6529
497 0 6529
