0 0.1 0.005919968209210138 0 0.005919968209210138 0.005919968209210138 0 0
10 0.1 0.013532222303184235 0.0 0.013532222303184235 0.005919968209210138 0.005919968209210138 1
20 0.1 0.009369241820131376 0.0 0.013532222303184235 0.005919968209210138 0.009726095256197186 2
30 0.1 0.005204700885840091 0.0 0.013532222303184235 0.005204700885840091 0.009607144110841915 3
40 0.1 0.0031229830734317418 0.0 0.013532222303184235 0.0031229830734317418 0.008506533304591458 4
50 0.1 0.0 0.0 0.013532222303184235 0.0 0.007429823258359515 5
60 0.1 0.0062459661468634835 0.0 0.013532222303184235 0.0 0.006191519381966263 6
70 0.1 0.0010410160316468872 0.0 0.013532222303184235 0.0 0.006199297491237294 7
80 0.1 0.0010410918971817643 0.0 0.013532222303184235 0.0 0.005554512308788493 8
85 0.1 0.004163804051381342 0.0 0.013532222303184235 0.0 0.005053021151943301 9
