0 3.1 48.01216129032259 76.29195689738239 380.754 5.596 0 0
10 10.7 33.28359813084111 47.085137095142954 380.754 0.963 48.01216129032259 31
20 6.7 40.276194029850735 55.97168236966538 380.754 0.87 36.5921884057971 138
30 1.1 29.556818181818183 20.313648335397925 380.754 0.87 37.79622926829268 205
40 0.4 96.1685 116.31784452417438 380.754 0.87 37.376629629629626 216
50 0 0 0 380.754 0.87 38.44557272727272 220
60 0.4 15022.237499999997 25985.45476148083 60030.363 0.87 38.44557272727272 220
70 0.3 20007.760666666665 28280.985558457025 60030.363 0.87 306.0132857142857 224
80 1.5 16014.153400000003 26530.950206141013 60034.404 0.87 566.3888017621144 227
85 0.6 10017.833500000002 22353.65163555369 60034.404 0.87 1523.8948719008265 242
