0 0.3 29.48933333333333 19.23952940057411 56.308 12.104 0 0
10 1.3 13.120538461538462 2.2299734601864873 56.308 11.307 29.48933333333333 3
20 1.2 16.799916666666665 5.76559774955921 56.308 11.307 16.189687499999998 16
30 0.1 44.389 0.0 56.308 11.307 16.451214285714283 28
40 0 0 0 56.308 11.307 17.414586206896548 29
50 0 0 0 56.308 11.307 17.414586206896548 29
60 0 0 0 56.308 11.307 17.414586206896548 29
70 0 0 0 56.308 11.307 17.414586206896548 29
80 0 0 0 56.308 11.307 17.414586206896548 29
85 0 0 0 56.308 11.307 17.414586206896548 29
