0 0.1 731.09765625 0 731.09765625 731.09765625 0 0
10 0.1 727.8515625 0.0 731.09765625 727.8515625 731.09765625 1
20 0.1 715.63671875 0.0 731.09765625 715.63671875 729.474609375 2
30 0.1 704.6328125 0.0 731.09765625 704.6328125 724.8619791666666 3
40 0.1 687.8515625 0.0 731.09765625 687.8515625 719.8046875 4
50 0.1 670.76953125 0.0 731.09765625 670.76953125 713.4140625 5
60 0.1 660.1328125 0.0 731.09765625 660.1328125 706.306640625 6
70 0.1 657.6328125 0.0 731.09765625 657.6328125 699.7103794642857 7
80 0.1 654.77734375 0.0 731.09765625 654.77734375 694.45068359375 8
90 0.1 652.390625 0.0 731.09765625 652.390625 690.0425347222222 9
100 0.1 656.22265625 0.0 731.09765625 652.390625 686.27734375 10
110 0.1 667.33984375 0.0 731.09765625 652.390625 683.5450994318181 11
