0 2.9 43.153275862068966 42.39203116225774 160.127 5.45 0 0
10 14.2 172.06050000000005 422.55233963038125 2252.054 5.45 43.153275862068966 29
20 16.3 1199.133165644172 1686.0126297187198 6016.9 5.45 150.19904093567257 171
30 22.9 2506.351698689955 2080.339068866034 10383.137 5.45 662.1040179640721 334
40 21 4027.284828571427 1887.6414116885926 11634.74 5.45 1412.2509431616336 563
50 17.8 7253.80696067416 2251.909466145483 15459.433 5.45 2122.6741203104775 773
60 17 9016.785699999997 2111.2301653306 16509.704 5.45 3083.0754300736057 951
70 15.6 9175.454134615391 2641.940024758533 16509.704 5.45 3982.924445138268 1121
80 20 7691.679910000006 3448.337693412472 16509.704 5.45 4617.25070321065 1277
90 23.5 5368.634604255314 3528.227220214312 16509.704 5.45 5033.55797562627 1477
100 29.7 2136.9120336700353 3075.424540930791 16509.704 2.338 5079.55272313084 1712
110 4.1 17.113951219512195 9.57010694680212 16509.704 2.338 4644.52819113987 2009
111 0 0 0 16509.704 2.338 4551.979906341463 2050
