10 0.7 11979.551714285715 2330.15343755585 15362.509 7308.438 0 0
20 0.3 16425.65466666667 3800.543948029924 20637.27 7308.438 11979.551714285715 7
30 0.4 23509.04 3438.821809874932 29105.415 7308.438 13313.3826 10
40 0.5 29705.841999999997 1621.9482852630044 32546.778 7308.438 16226.427571428572 14
50 0.2 43645.9965 246.8784999999989 43892.875 7308.438 19773.64189473684 19
60 0.9 47255.33322222222 4737.451977184237 55446.571 7308.438 22047.199476190475 21
70 0.8 54842.97875 6348.927459176684 66742.543 7308.438 29609.6396 30
80 1.6 63938.0911875 2945.572274638055 69908.941 7308.438 34921.92152631579 38
90 4.2 65577.46997619046 7450.333938561114 82761.857 7308.438 43519.305129629625 54
100 9.3 68224.68480645164 4881.589581906334 87082.176 7308.438 53169.75225 96
110 1.6 71033.642625 4814.720493371582 87082.176 7308.438 60577.73493650795 189
111 0 0 0 87082.176 7308.438 61393.80578048782 205
