0 0.7 7.3768571428571414 1.7667082731591472 11.046 5.556 0 0
10 2.3 10.216739130434782 5.422762437511548 26.701 5.556 7.3768571428571414 7
20 3.4 20.735735294117646 36.39666021387194 182.241 5.556 9.5541 30
30 4.6 227.66510869565212 248.7942842524835 1124.641 5.556 15.494343749999999 64
40 4.7 2425.8322127659576 1185.049539580446 4427.135 5.556 104.22029999999997 110
50 4.1 4344.2793658536575 554.7752669850902 5067.478 5.556 799.2251401273885 157
60 0.7 5407.530000000001 403.26476125670644 6108.305 5.556 1533.302025252525 198
70 0 0 0 6108.305 5.556 1665.5927365853659 205
80 0 0 0 6108.305 5.556 1665.5927365853659 205
90 0 0 0 6108.305 5.556 1665.5927365853659 205
100 0 0 0 6108.305 5.556 1665.5927365853659 205
110 0 0 0 6108.305 5.556 1665.5927365853659 205
111 0 0 0 6108.305 5.556 1665.5927365853659 205
