0 1.1 42.38400000000001 16.21928822561134 85.54 31.853 0 0
10 3.1 92.08151612903224 71.08725271277362 296.877 31.853 42.38400000000001 11
20 3.3 1346.5363333333335 1472.714451443807 4446.883 31.853 79.0655 42
30 5.7 2793.4220350877195 782.3129843351716 5057.138 31.853 636.7526666666669 75
40 5.1 4158.450882352941 1210.7172806331102 6660.413 31.853 1568.0417121212122 132
50 2.2 7651.881181818183 927.9901348674127 9320.937 31.853 2289.9590218579233 183
60 0 0 0 9320.937 31.853 2865.384814634146 205
70 0 0 0 9320.937 31.853 2865.384814634146 205
80 0 0 0 9320.937 31.853 2865.384814634146 205
90 0 0 0 9320.937 31.853 2865.384814634146 205
100 0 0 0 9320.937 31.853 2865.384814634146 205
110 0 0 0 9320.937 31.853 2865.384814634146 205
111 0 0 0 9320.937 31.853 2865.384814634146 205
