0 0.1 375589.91015625 0 375589.91015625 375589.91015625 0 0
10 0.1 375587.9140625 0.0 375589.91015625 375587.9140625 375589.91015625 1
20 0.1 375583.65625 0.0 375589.91015625 375583.65625 375588.912109375 2
30 0.1 375580.98046875 0.0 375589.91015625 375580.98046875 375587.16015625 3
40 0.1 375581.8359375 0.0 375589.91015625 375580.98046875 375585.615234375 4
50 0.1 375555.0078125 0.0 375589.91015625 375555.0078125 375584.859375 5
60 0.1 375561.59375 0.0 375589.91015625 375555.0078125 375579.8841145833 6
70 0.1 375570.6640625 0.0 375589.91015625 375555.0078125 375577.27120535716 7
80 0.1 375572.0859375 0.0 375589.91015625 375555.0078125 375576.4453125 8
90 0.1 375530.19921875 0.0 375589.91015625 375530.19921875 375575.9609375 9
100 0.1 375523.78125 0.0 375589.91015625 375523.78125 375571.384765625 10
110 0.1 375555.12109375 0.0 375589.91015625 375523.78125 375567.05717329547 11
120 0.1 375562.453125 0.0 375589.91015625 375523.78125 375566.0625 12
130 0.1 375563.07421875 0.0 375589.91015625 375523.78125 375565.78485576925 13
140 0.1 375489.015625 0.0 375589.91015625 375489.015625 375565.59123883926 14
150 0.1 375453.83984375 0.0 375589.91015625 375453.83984375 375560.4861979167 15
160 0.1 375500.37109375 0.0 375589.91015625 375453.83984375 375553.82080078125 16
170 0.1 375520.65234375 0.0 375589.91015625 375453.83984375 375550.67670036765 17
180 0.1 375530.45703125 0.0 375589.91015625 375453.83984375 375549.00868055556 18
190 0.1 375393.9765625 0.0 375589.91015625 375393.9765625 375548.0322779605 19
200 0.1 375335.765625 0.0 375589.91015625 375335.765625 375540.3294921875 20
210 0.1 375428.46484375 0.0 375589.91015625 375335.765625 375530.58835565473 21
220 0.1 375470.96484375 0.0 375589.91015625 375335.765625 375525.9463778409 22
230 0.1 375454.90234375 0.0 375589.91015625 375335.765625 375523.5558763587 23
240 0.1 375251.80859375 0.0 375589.91015625 375251.80859375 375520.6953125 24
250 0.1 375159.51171875 0.0 375589.91015625 375159.51171875 375509.93984375 25
260 0.1 375312.5234375 0.0 375589.91015625 375159.51171875 375496.4618389423 26
270 0.1 375396.578125 0.0 375589.91015625 375159.51171875 375489.64930555556 27
280 0.1 375408.27734375 0.0 375589.91015625 375159.51171875 375486.3253348214 28
284 0.1 375422.12109375 0.0 375589.91015625 375159.51171875 375483.6340247845 29
