10 0.1 177 0 177 177 0 0
20 0.1 263.0 0.0 263 177 177.0 1
30 0.1 241.0 0.0 263 177 220.0 2
40 0.1 117.0 0.0 263 117 227.0 3
50 0.1 823.0 0.0 823 117 199.5 4
60 0.1 701.0 0.0 823 117 324.2 5
70 0.1 210.0 0.0 823 117 387.0 6
80 0.1 228.0 0.0 823 117 361.7142857142857 7
90 0.1 1527.0 0.0 1527 117 345.0 8
100 0.1 1692.0 0.0 1692 117 476.3333333333333 9
110 0.1 567.0 0.0 1692 117 597.9 10
120 0.1 92.0 0.0 1692 92 595.0909090909091 11
130 0.1 344.0 0.0 1692 92 553.1666666666666 12
140 0.1 2840.0 0.0 2840 92 537.0769230769231 13
150 0.1 3384.0 0.0 3384 92 701.5714285714286 14
160 0.1 1256.0 0.0 3384 92 880.4 15
170 0.1 218.0 0.0 3384 92 903.875 16
180 0.1 709.0 0.0 3384 92 863.5294117647059 17
190 0.1 6327.0 0.0 6327 92 854.9444444444445 18
200 0.1 7899.0 0.0 7899 92 1142.9473684210527 19
210 0.1 3050.0 0.0 7899 92 1480.75 20
220 0.1 421.0 0.0 7899 92 1555.4761904761904 21
230 0.1 1544.0 0.0 7899 92 1503.909090909091 22
240 0.1 14813.0 0.0 14813 92 1505.6521739130435 23
250 0.1 20039.0 0.0 20039 92 2060.125 24
260 0.1 7820.0 0.0 20039 92 2779.28 25
270 0.1 1188.0 0.0 20039 92 2973.153846153846 26
280 0.1 177.0 0.0 20039 92 2907.037037037037 27
284 0.1 36.0 0.0 20039 36 2809.535714285714 28
