10 0.2 44.339999999999996 36.230999999999995 80.571 8.109 0 0
20 0.2 12.456 2.685 80.571 8.109 44.339999999999996 2
30 0.1 12.746 0.0 80.571 8.109 28.397999999999996 4
40 0.2 28.0255 17.115499999999997 80.571 8.109 25.267599999999995 5
50 0.3 9.439333333333332 2.47726103231416 80.571 5.936 26.055571428571422 7
60 0.1 12.095 0.0 80.571 5.936 21.070699999999995 10
70 0 0 0 80.571 5.936 20.254727272727266 11
80 0.1 9.607 0.0 80.571 5.936 20.254727272727266 11
90 0.3 9.501 3.095918065237946 80.571 5.936 19.36741666666666 12
100 0.3 11.797333333333334 5.527918555437983 80.571 5.936 17.39413333333333 15
110 0.1 7.04 0.0 80.571 5.936 16.46133333333333 18
120 0 0 0 80.571 5.936 15.965473684210522 19
130 0.6 7.738333333333334 0.7619130892402076 80.571 5.936 15.965473684210522 19
140 1.2 8.076083333333333 0.6814217316676133 80.571 5.936 13.990959999999998 25
150 0.2 7.836 0.75 80.571 5.936 12.07262162162162 37
160 0.1 7.557 0.0 80.571 5.936 11.855358974358975 39
170 0 0 0 80.571 5.936 11.747900000000001 40
180 0.9 8.201333333333332 2.3853581142741094 80.571 5.936 11.747900000000001 40
190 2.7 9.312962962962963 3.5014806865993506 80.571 5.936 11.09648979591837 49
200 1.6 7.4123125 1.566560791940022 80.571 5.187 10.462868421052633 76
210 0 0 0 80.571 5.187 9.93233695652174 92
220 0 0 0 80.571 5.187 9.93233695652174 92
230 1.2 8.138166666666665 0.7837646153165004 80.571 5.187 9.93233695652174 92
240 3.4 11.103088235294118 6.320015773284705 80.571 5.187 9.725317307692308 104
250 2.6 8.977307692307692 3.039271430524488 80.571 5.187 10.06476811594203 138
260 0.2 6.9285 0.05950000000000055 80.571 5.187 9.892365853658537 164
270 0 0 0 80.571 5.187 9.856656626506025 166
280 0 0 0 80.571 5.187 9.856656626506025 166
284 0 0 0 80.571 5.187 9.856656626506025 166
