10 0.2 280.661 5.406999999999982 286.068 275.254 0 0
20 0.2 306.51 20.826999999999998 327.337 275.254 280.661 2
30 0 0 0 327.337 275.254 293.5855 4
40 0.3 268.406 11.184314224245794 327.337 252.589 293.5855 4
50 1 255.3499 10.181104944454715 327.337 237.703 282.79428571428576 7
60 0.3 277.13899999999995 8.032033656967993 327.337 237.703 266.6505294117647 17
70 0 0 0 327.337 237.703 268.22380000000004 20
80 0.6 245.82883333333336 11.617805908986819 327.337 230.221 268.22380000000004 20
90 2.8 243.5759642857143 14.876598004157264 327.337 221.44 263.05573076923076 26
100 0.9 265.83377777777775 15.848280003259935 327.337 221.44 252.95511111111114 54
110 0 0 0 327.337 221.44 254.79492063492066 63
120 0 0 0 327.337 221.44 254.79492063492066 63
130 1 254.99650000000003 44.952738444392914 358.345 217.463 254.79492063492066 63
140 3.8 242.16860526315787 26.06804004759718 358.345 215.775 254.82253424657537 73
150 1.8 260.90161111111115 28.999458454979795 358.345 215.775 250.49055855855858 111
160 0.2 269.12649999999996 15.900500000000008 358.345 215.775 251.9432635658915 129
170 0 0 0 358.345 215.775 252.2056030534351 131
180 1.5 263.3556666666667 45.57258477003715 392.009 215.775 252.2056030534351 131
190 7.1 285.25452112676055 68.76723402610915 570.137 215.775 253.35115753424657 146
200 4.5 259.65913333333344 37.9653612907579 570.137 215.775 263.7895852534562 217
210 0.3 317.7323333333333 31.39611769347004 570.137 215.775 263.0801564885496 262
220 0 0 0 570.137 215.775 263.6988603773585 265
230 2.8 392.1698571428572 136.43223484513007 759.717 215.775 263.6988603773585 265
240 13.6 520.7526029411762 260.7700126708816 1699.906 215.775 275.97595221843005 293
250 8.9 538.077921348315 232.0605720334176 1699.906 215.775 353.5741445221444 429
260 0.8 299.17600000000004 40.87330596795421 1699.906 215.775 385.2746003861004 518
270 0 0 0 1699.906 215.775 383.96511596958175 526
280 0 0 0 1699.906 215.775 383.96511596958175 526
284 0 0 0 1699.906 215.775 383.96511596958175 526
