10 0.2 24.525 5.340999999999998 29.866 19.184 0 0
20 0.2 20.0795 8.174500000000002 29.866 11.905 24.525 2
30 0 0 0 29.866 11.905 22.30225 4
40 0.3 20.425666666666668 11.343282309611954 36.348 10.772 22.30225 4
50 0.8 14.516250000000001 4.917351567409026 36.348 9.852 21.497999999999998 7
60 0.5 15.389599999999998 2.726496843937289 36.348 9.852 17.7744 15
70 0 0 0 36.348 9.852 17.178199999999997 20
80 0.3 10.453333333333333 0.319004005547824 36.348 9.852 17.178199999999997 20
90 2.8 11.84217857142857 2.1226389076802397 36.348 9.838 16.30104347826087 23
100 1.2 14.221333333333332 9.287461792952666 44.828 9.263 13.853039215686271 51
110 0 0 0 44.828 9.263 13.923190476190474 63
120 0 0 0 44.828 9.263 13.923190476190474 63
130 0.6 11.307666666666668 1.2737940266080006 44.828 9.263 13.923190476190474 63
140 3.3 10.607484848484853 0.8172350324449384 44.828 8.639 13.695753623188404 69
150 2.4 11.174875 1.1922096191700795 44.828 8.425 12.696607843137256 102
160 0.5 12.0266 0.45345191586319306 44.828 8.425 12.40675396825397 126
170 0 0 0 44.828 8.425 12.392244274809162 131
180 0.7 11.288142857142857 2.722379916206272 44.828 8.425 12.392244274809162 131
190 6.1 12.469131147540985 5.527546841154852 44.828 8.425 12.336239130434786 138
200 6 11.245133333333333 5.574479956213154 52.548 8.261 12.376974874371863 199
210 0.6 10.836666666666666 0.7674300547208778 52.548 8.261 12.114772200772203 259
220 0 0 0 52.548 8.261 12.085833962264154 265
230 1.5 17.832466666666665 23.2273387508963 104.336 8.261 12.085833962264154 265
240 11.8 19.512203389830496 20.681391185855013 143.475 8.261 12.393689285714288 280
250 11.2 17.068642857142844 15.297708057124778 143.475 8.261 14.504203517587937 398
260 1.4 10.578857142857144 0.5986137387024002 143.475 8.261 15.067374509803916 510
270 0.2 12.27 0.3220000000000005 143.475 8.261 14.947452290076331 524
280 0 0 0 143.475 8.261 14.937271863117866 526
284 0 0 0 143.475 8.261 14.937271863117866 526
