10 0.3 31.169666666666668 14.806360712732737 42.396 10.249 0 0
20 0.4 11.066500000000001 1.1169804161219663 42.396 9.925 31.169666666666668 3
30 0.1 12.283 0.0 42.396 9.925 19.682142857142857 7
40 0.1 7.325 0.0 42.396 7.325 18.75725 8
50 0.5 8.5744 0.9481220596526588 42.396 7.325 17.487 9
60 0.4 9.74675 0.4631000836752242 42.396 7.325 14.303928571428571 14
70 0 0 0 42.396 7.325 13.291222222222222 18
80 0.3 8.049 0.3840234367847877 42.396 7.325 13.291222222222222 18
90 1.1 8.536909090909091 0.6628893304789347 42.396 7.325 12.542333333333334 21
100 0.5 8.994600000000002 0.39241641148147616 42.396 7.325 11.16546875 32
110 0.1 9.911 0.0 42.396 7.325 10.872108108108108 37
120 0 0 0 42.396 7.325 10.846815789473686 38
130 0.3 7.831 0.5103809035090038 42.396 7.325 10.846815789473686 38
140 2.7 8.953777777777777 4.940195582672991 42.396 6.304 10.626146341463416 41
150 1.9 9.138368421052633 3.3627185150759127 42.396 6.304 9.962117647058825 68
160 0 0 0 42.396 6.304 9.7822183908046 87
170 0 0 0 42.396 6.304 9.7822183908046 87
180 0.9 10.111444444444443 5.162764485796584 42.396 6.304 9.7822183908046 87
190 5.2 10.822173076923074 7.545011948099716 47.149 6.304 9.813083333333337 96
200 3.2 8.950406250000004 4.030664979716242 47.149 6.304 10.16762837837838 148
210 0.2 7.487 0.1120000000000001 47.149 6.304 9.951233333333334 180
220 0.1 11.823 0.0 47.149 6.304 9.924153846153846 182
230 1.2 20.672833333333333 34.08355978286632 133.137 6.304 9.934530054644808 183
240 7.2 15.985361111111107 20.853286918044006 133.137 6.304 10.595348717948717 195
250 6.9 10.841217391304347 3.7472819013777423 133.137 6.304 12.048835205992509 267
260 1.2 8.171083333333334 0.5509238390094303 133.137 6.304 11.80084226190476 336
270 0 0 0 133.137 6.304 11.675678160919539 348
280 0 0 0 133.137 6.304 11.675678160919539 348
284 0 0 0 133.137 6.304 11.675678160919539 348
