20 0.4 118.84125 23.486401431200562 142.203 89.287 0 0
30 0.2 99.54499999999999 6.224999999999998 142.203 89.287 118.84125 4
40 0.9 88.61277777777778 20.909956324827007 142.203 62.772 112.40916666666665 6
50 2 71.39169999999999 9.07107376830329 142.203 57.784 98.13133333333332 15
60 0.8 74.49525000000001 11.88134297701653 142.203 57.784 82.85154285714285 35
70 0.1 79.876 0.0 142.203 57.784 81.29688372093023 43
80 0.9 69.69811111111112 6.689178930588725 142.203 57.784 81.2645909090909 44
90 4.4 68.58747727272727 9.100997676300597 142.203 56.449 79.3004716981132 53
100 2.6 67.6465769230769 8.33254089594191 142.203 55.607 74.44096907216495 97
110 0.4 68.91300000000001 7.8822832034886945 142.203 55.607 73.00475609756097 123
120 0.1 64.467 0.0 142.203 55.607 72.87588188976378 127
130 0.9 67.02211111111109 3.022634739003724 142.203 55.607 72.8101875 128
140 7.6 66.66848684210524 7.5464214741569 142.203 54.588 72.42994890510948 137
150 5.3 64.60720754716979 5.940970832163903 142.203 54.588 70.3742159624413 213
160 0.7 65.62914285714285 8.265358611675108 142.203 54.588 69.22515037593983 266
170 0.1 83.299 0.0 142.203 54.588 69.13294505494504 273
180 2.2 76.44631818181819 19.845890470840015 142.203 54.588 69.18464598540143 274
190 14.2 77.17299999999997 25.486987507574675 216.678 54.588 69.72436486486484 296
200 11.1 67.50935135135134 13.760144472482082 216.678 54.588 72.13921917808217 438
210 1.2 64.59575 5.894418336089944 216.678 54.588 71.2031256830601 549
220 0.1 67.148 0.0 216.678 54.588 71.06179144385024 561
230 5.9 90.08749152542376 26.599623831527044 216.678 54.588 71.0548274021352 562
240 24.6 111.50811788617888 53.19439855641556 367.632 54.588 72.86308373590981 621
250 25.5 89.88824705882352 38.37568713792091 367.632 54.588 83.82811072664359 867
260 4.8 72.01266666666668 21.713151787696674 367.632 54.588 85.20541443850267 1122
270 0.2 57.8555 0.049500000000001876 367.632 54.588 84.66417350427349 1170
280 0 0 0 367.632 54.588 84.61842491467576 1172
284 0 0 0 367.632 54.588 84.61842491467576 1172
