0 1.9 19
10 7 89
20 4.9 138
30 0.8 146
40 4.3 189
50 10.4 293
60 7.8 371
70 1.7 388
80 0.8 396
90 13.4 530
100 28.9 819
110 18.3 1002
120 2.5 1027
130 7 1097
140 43 1527
150 49.9 2026
160 18.7 2213
170 3 2243
180 0.6 2249
190 14.1 2390
200 87.8 3268
210 95.8 4226
220 43.3 4659
230 11.7 4776
240 4.3 4819
250 0.6 4825
260 61.3 5438
270 56 5998
280 73.6 6734
290 64.9 7383
300 76.5 8148
310 66.3 8811
320 53.5 9346
330 16.7 9513
340 4.3 9556
350 2 9576
360 2.1 9597
370 4.4 9641
380 3.2 9673
390 2.8 9701
400 0.9 9710
402 0 9710
