0 1 10
10 5.3 63
20 2.5 88
30 0.5 93
40 2.4 117
50 7.3 190
60 4.9 239
70 0.8 247
80 0.3 250
90 7.8 328
100 22.2 550
110 10.6 656
120 0.9 665
130 2 685
140 28.5 970
150 34.1 1311
160 10.2 1413
170 1 1423
180 0.3 1426
190 2.9 1455
200 58.8 2043
210 71.2 2755
220 19.9 2954
230 5.1 3005
240 3.1 3036
250 0.5 3041
260 34.5 3386
270 49.3 3879
280 58.2 4461
290 41.7 4878
300 42.7 5305
310 36.5 5670
320 19.8 5868
330 6.5 5933
340 0.5 5938
350 0 5938
360 0 5938
370 0 5938
380 0 5938
390 0 5938
400 0 5938
402 0 5938
