0 1.1 2.7625454545454544 2.5673205474557377 10.869 1.736 0 0
10 1.6 1.8155625000000002 0.19598627782003006 10.869 1.524 2.7625454545454544 11
20 0 0 0 10.869 1.524 2.20137037037037 27
30 0 0 0 10.869 1.524 2.20137037037037 27
40 2.6 2.087230769230769 1.1960853232908242 10.869 1.524 2.20137037037037 27
50 1.9 1.830210526315789 0.1924281353067106 10.869 1.508 2.1453773584905655 53
60 0 0 0 10.869 1.508 2.0622083333333325 72
70 0 0 0 10.869 1.508 2.0622083333333325 72
80 0 0 0 10.869 1.508 2.0622083333333325 72
90 6.7 1.9298059701492536 0.7663967297862403 10.869 1.508 2.0622083333333325 72
100 5.3 1.828377358490566 0.13467210023498438 10.869 1.508 1.9983884892086328 139
110 0 0 0 10.869 1.508 1.951458333333333 192
120 0 0 0 10.869 1.508 1.951458333333333 192
130 4.4 1.7632272727272726 0.15055274878025063 10.869 1.394 1.951458333333333 192
140 14.5 1.8184482758620701 0.61758841255695 10.869 1.176 1.9163644067796608 236
150 3.7 1.969864864864865 1.2401144271998876 10.869 1.176 1.8790997375328087 381
160 0 0 0 10.869 1.176 1.8871339712918662 418
170 0 0 0 10.869 1.176 1.8871339712918662 418
180 0 0 0 10.869 1.176 1.8871339712918662 418
190 11 1.7364727272727276 0.3405047779424731 10.869 1.176 1.8871339712918662 418
200 31.5 1.6897714285714294 0.9872687344914294 17.495 1.156 1.8557462121212125 528
210 5.1 1.7250980392156867 1.3829106737475068 17.495 1.156 1.7937271648873079 843
220 0 0 0 17.495 1.156 1.7898120805369133 894
230 0 0 0 17.495 1.156 1.7898120805369133 894
240 0 0 0 17.495 1.156 1.7898120805369133 894
250 0 0 0 17.495 1.156 1.7898120805369133 894
260 47.6 1.653915966386555 0.5030923045405602 17.495 1.122 1.7898120805369133 894
270 46.3 1.7347624190064808 1.4961562471578567 23.434 1.122 1.7425956204379567 1370
280 0 0 0 23.434 1.122 1.7406170212765963 1833
290 0 0 0 23.434 1.122 1.7406170212765963 1833
300 0.1 1.779 0.0 23.434 1.122 1.7406170212765963 1833
310 0.5 1.4918 0.06428499047211564 23.434 1.122 1.7406379498364237 1834
320 0.7 1.633571428571429 0.0937410676016763 23.434 1.122 1.7399613920609032 1839
330 0 0 0 23.434 1.122 1.7395579631635976 1846
340 0 0 0 23.434 1.122 1.7395579631635976 1846
350 0 0 0 23.434 1.122 1.7395579631635976 1846
360 0 0 0 23.434 1.122 1.7395579631635976 1846
370 0 0 0 23.434 1.122 1.7395579631635976 1846
380 0 0 0 23.434 1.122 1.7395579631635976 1846
390 0 0 0 23.434 1.122 1.7395579631635976 1846
400 0 0 0 23.434 1.122 1.7395579631635976 1846
402 0 0 0 23.434 1.122 1.7395579631635976 1846
