10 0.1 399 0 399 399 0 0
20 0.1 1077.0 0.0 1077 399 399.0 1
30 0.1 781.0 0.0 1077 399 738.0 2
40 0.1 91.0 0.0 1077 91 752.3333333333334 3
50 0.1 709.0 0.0 1077 91 587.0 4
60 0.1 1820.0 0.0 1820 91 611.4 5
70 0.1 1259.0 0.0 1820 91 812.8333333333334 6
80 0.1 310.0 0.0 1820 91 876.5714285714286 7
90 0.1 17.0 0.0 1820 17 805.75 8
100 0.1 2344.0 0.0 2344 17 718.1111111111111 9
110 0.1 6104.0 0.0 6104 17 880.7 10
120 0.1 2713.0 0.0 6104 17 1355.5454545454545 11
130 0.1 215.0 0.0 6104 17 1468.6666666666667 12
140 0.1 1435.0 0.0 6104 17 1372.2307692307693 13
150 0.1 8508.0 0.0 8508 17 1376.7142857142858 14
160 0.1 9860.0 0.0 9860 17 1852.1333333333334 15
170 0.1 2355.0 0.0 9860 17 2352.625 16
180 0.1 239.0 0.0 9860 17 2352.764705882353 17
190 0.1 76.0 0.0 9860 17 2235.3333333333335 18
200 0.1 4118.0 0.0 9860 17 2121.684210526316 19
210 0.1 22144.0 0.0 22144 17 2221.5 20
220 0.1 23760.0 0.0 23760 17 3170.190476190476 21
230 0.1 8140.0 0.0 23760 17 4106.090909090909 22
240 0.1 1714.0 0.0 23760 17 4281.478260869565 23
250 0.1 283.0 0.0 23760 17 4174.5 24
260 0.1 37.0 0.0 23760 17 4018.84 25
270 0.1 20390.0 0.0 23760 17 3865.6923076923076 26
280 0.1 18659.0 0.0 23760 17 4477.7037037037035 27
290 0.1 24718.0 0.0 24718 17 4984.178571428572 28
300 0.1 23329.0 0.0 24718 17 5664.6551724137935 29
310 0.1 24414.0 0.0 24718 17 6253.466666666666 30
320 0.1 20695.0 0.0 24718 17 6839.290322580645 31
330 0.1 16985.0 0.0 24718 17 7272.28125 32
340 0.1 2142.0 0.0 24718 17 7566.606060606061 33
350 0.1 306.0 0.0 24718 17 7407.058823529412 34
360 0.1 191.0 0.0 24718 17 7204.171428571429 35
370 0.1 197.0 0.0 24718 17 7009.361111111111 36
380 0.1 260.0 0.0 24718 17 6825.243243243243 37
390 0.1 210.0 0.0 24718 17 6652.473684210527 38
400 0.1 185.0 0.0 24718 17 6487.282051282052 39
402 0.1 25.0 0.0 24718 17 6329.725 40
