0 123.6390625 123.6390625
10 784.45234375 908.09140625
20 840.878125 1748.96953125
30 166.34375 1915.31328125
40 317.2953125 2232.60859375
50 1561.16640625 3793.775
60 1280.446875 5074.221875
70 173.44296875 5247.66484375
80 84.53359375 5332.1984375
90 1446.0453125 6778.24375
100 4649.946875 11428.190625
110 3278.4171875 14706.6078125
120 315.96796875 15022.57578125
130 756.80546875 15779.38125
140 6195.321875 21974.703125
150 9396.1484375 31370.8515625
160 2774.66640625 34145.51796875
170 146.5609375 34292.07890625
180 27.27421875 34319.353125
190 2534.92578125 36854.27890625
200 17724.66640625 54578.9453125
210 23411.96796875 77990.91328125
220 9718.74296875 87709.65625
230 1695.97421875 89405.63046875
240 111.8265625 89517.45703125
250 11.26875 89528.72578125
260 15803.46015625 105332.1859375
270 14418.7796875 119750.965625
280 25197.7375 144948.703125
290 23638.43203125 168587.13515625
300 23667.54375 192254.67890625
310 20515.18671875 212769.865625
320 19598.634375 232368.5
330 3098.3078125 235466.8078125
340 313.08984375 235779.89765625
350 60.0828125 235839.98046875
360 76.01484375 235915.9953125
370 119.9171875 236035.9125
380 98.34765625 236134.26015625
390 78.5265625 236212.78671875
400 20.97890625 236233.765625
402 0 236233.765625
