0 0.4 2522.2045 407.7364428460498 3100.896 1947.792 0 0
10 2.2 3406.067772727273 2653.510527727971 11847.001 257.961 2522.2045 4
20 0.1 10318.202 0.0 11847.001 257.961 3270.088807692308 26
30 0 0 0 11847.001 257.961 3531.1300370370377 27
40 0.9 2171.379888888889 1546.1555958906913 11847.001 189.586 3531.1300370370377 27
50 2.7 4159.604740740741 2601.236790638261 11847.001 189.586 3191.1925000000006 36
60 0.9 8907.766444444445 2883.0284087793325 13626.531 189.586 3606.226317460318 63
70 0 0 0 13626.531 189.586 4268.918833333334 72
80 0 0 0 13626.531 189.586 4268.918833333334 72
90 2.8 2456.3424285714295 1662.0542078131036 13626.531 189.586 4268.918833333334 72
100 8 3744.898775 2744.8045490738587 14080.04 189.586 3761.397440000001 100
110 1.2 7127.767833333332 1898.569702638842 14080.04 189.586 3754.064700000001 180
120 0 0 0 14080.04 189.586 3964.9211458333343 192
130 0.3 987.0276666666667 183.3856553174817 14080.04 189.586 3964.9211458333343 192
140 11.2 3345.4596607142853 2042.0388934671469 14080.04 189.586 3919.1074000000012 195
150 10 4175.647700000002 2627.546274939235 14080.04 189.586 3709.8287459283397 307
160 1.1 8246.191545454547 3803.924783837785 15023.971 189.586 3824.280577395579 407
170 0 0 0 15023.971 189.586 3940.646655502394 418
180 0 0 0 15023.971 189.586 3940.646655502394 418
190 0.6 1316.874 483.7263823650722 15023.971 189.586 3940.646655502394 418
200 22.6 3216.1372433628344 2007.863817717934 15023.971 189.586 3903.5177971698126 424
210 22.7 4489.418687224673 3038.246253641792 15058.824 189.586 3664.5208661538477 650
220 1.7 8930.39088235294 2948.875028381659 16105.395 189.586 3878.0348973774253 877
230 0 0 0 16105.395 189.586 3974.1087807606286 894
240 0 0 0 16105.395 189.586 3974.1087807606286 894
250 0 0 0 16105.395 189.586 3974.1087807606286 894
260 13.1 2453.727885496184 1328.3211400602597 16105.395 174.631 3974.1087807606286 894
270 21.9 5249.926283105021 2789.323427029808 16105.395 174.631 3779.7966858536606 1025
280 24.8 7125.957120967745 5575.586959715837 22417.862 174.631 4038.6056744373004 1244
290 11.8 12689.867169491525 9439.112445925997 32331.305 174.631 4551.784735254693 1492
300 10.8 19949.318944444432 14173.120483623194 41418.398 174.631 5148.240466459629 1610
310 9.5 19543.832452631577 15164.013684460324 45987.192 174.631 6078.692431315484 1718
320 2 27756.036449999996 14374.439859384083 45987.192 174.631 6784.256856039714 1813
330 0 0 0 45987.192 174.631 7013.081510638299 1833
340 0 0 0 45987.192 174.631 7013.081510638299 1833
350 0 0 0 45987.192 174.631 7013.081510638299 1833
360 0 0 0 45987.192 174.631 7013.081510638299 1833
370 0 0 0 45987.192 174.631 7013.081510638299 1833
380 0 0 0 45987.192 174.631 7013.081510638299 1833
390 0 0 0 45987.192 174.631 7013.081510638299 1833
400 0 0 0 45987.192 174.631 7013.081510638299 1833
402 0 0 0 45987.192 174.631 7013.081510638299 1833
