0 0.2 172.97250000000003 21.291500000000006 194.264 151.681 0 0
10 0.1 158.673 0.0 194.264 151.681 172.97250000000003 2
20 0 0 0 194.264 151.681 168.20600000000002 3
30 0 0 0 194.264 151.681 168.20600000000002 3
40 0.1 109.355 0.0 194.264 109.355 168.20600000000002 3
50 0.6 110.94066666666667 6.738888673628281 194.264 99.773 153.49325000000002 4
60 0 0 0 194.264 99.773 127.96170000000002 10
70 0 0 0 194.264 99.773 127.96170000000002 10
80 0 0 0 194.264 99.773 127.96170000000002 10
90 0.6 115.12716666666665 12.822479874770282 194.264 91.514 127.96170000000002 10
100 0.5 115.6768 3.328231506370919 194.264 91.514 123.14875 16
110 0 0 0 194.264 91.514 121.3697142857143 21
120 0 0 0 194.264 91.514 121.3697142857143 21
130 0.5 144.84240000000003 6.773453878192432 194.264 91.514 121.3697142857143 21
140 1.4 157.00492857142856 17.307998330517123 209.577 91.514 125.88369230769231 26
150 0.3 319.2836666666667 137.79990887837658 509.23 91.514 136.776125 40
160 0 0 0 509.23 91.514 149.5092093023256 43
170 0 0 0 509.23 91.514 149.5092093023256 43
180 0 0 0 509.23 91.514 149.5092093023256 43
190 0.9 229.59833333333336 8.592875808870197 509.23 91.514 149.5092093023256 43
200 2.8 357.4563214285714 138.81671332990894 669.114 91.514 163.37078846153847 52
210 0.7 796.3342857142856 293.68614753543295 1289.366 91.514 231.300725 80
220 0 0 0 1289.366 91.514 276.7631954022989 87
230 0 0 0 1289.366 91.514 276.7631954022989 87
240 0 0 0 1289.366 91.514 276.7631954022989 87
250 0 0 0 1289.366 91.514 276.7631954022989 87
260 2.3 628.1716086956523 297.2177346917267 1648.894 91.514 276.7631954022989 87
270 1.8 5913.236777777776 2395.851125033894 9708.647 91.514 350.2395000000001 110
280 2.4 9127.384041666666 1660.7610243096005 15803.14 91.514 1132.5359921875 128
290 0.6 21850.368 2560.8244021604323 24869.088 91.514 2394.880421052632 152
300 1.1 29147.620272727272 1764.99855405298 32766.648 91.514 3133.696405063291 158
310 0.1 33359.927 0.0 33359.927 91.514 4826.910384615385 169
320 0 0 0 33359.927 91.514 4994.751658823529 170
330 0 0 0 33359.927 91.514 4994.751658823529 170
340 0 0 0 33359.927 91.514 4994.751658823529 170
350 0 0 0 33359.927 91.514 4994.751658823529 170
360 0 0 0 33359.927 91.514 4994.751658823529 170
370 0 0 0 33359.927 91.514 4994.751658823529 170
380 0 0 0 33359.927 91.514 4994.751658823529 170
390 0 0 0 33359.927 91.514 4994.751658823529 170
400 0 0 0 33359.927 91.514 4994.751658823529 170
402 0 0 0 33359.927 91.514 4994.751658823529 170
