10 0.4 135.9155 23.619144189618726 175.977 115.466 0 0
20 0.4 95.73875 14.510896050468418 175.977 78.217 135.9155 4
30 0.1 105.588 0.0 175.977 78.217 115.827125 8
40 0.1 108.439 0.0 175.977 78.217 114.68944444444443 9
50 0.9 107.71444444444445 42.69350834887902 222.274 77.656 114.0644 10
60 0.5 91.55 7.7241353431953765 222.274 77.656 111.05652631578948 19
70 0 0 0 222.274 77.656 106.99266666666666 24
80 0 0 0 222.274 77.656 106.99266666666666 24
90 0.7 93.247 15.08338573208473 222.274 77.606 106.99266666666666 24
100 2.8 85.86482142857145 13.018387331697891 222.274 71.058 103.8888064516129 31
110 1.2 82.94800000000001 14.403686044435528 222.274 71.058 95.33505084745762 59
120 0 0 0 222.274 71.058 93.2414647887324 71
130 0.1 77.232 0.0 222.274 71.058 93.2414647887324 71
140 1.8 89.19172222222223 30.190675640751433 222.274 71.058 93.01911111111112 72
150 3.7 97.9532972972973 29.418961098257757 226.861 71.058 92.25363333333334 90
160 0.3 77.45033333333333 2.660471428567168 226.861 71.058 93.91416535433072 127
170 0 0 0 226.861 71.058 93.53423076923079 130
180 0 0 0 226.861 71.058 93.53423076923079 130
190 0 0 0 226.861 71.058 93.53423076923079 130
200 4.4 99.77004545454544 23.44679169073763 226.861 71.058 93.53423076923079 130
210 7.9 120.66670886075957 68.38897892984758 569.538 71.058 95.11110344827587 174
220 2 106.2603 17.764507716511595 569.538 71.058 103.09091699604745 253
230 0 0 0 569.538 71.058 103.32310622710625 273
240 0 0 0 569.538 71.058 103.32310622710625 273
250 0 0 0 569.538 71.058 103.32310622710625 273
260 0.9 149.096 51.950960589985456 569.538 71.058 103.32310622710625 273
270 1.8 427.9339444444444 165.49706784528175 853.045 71.058 104.78394326241137 282
280 6.4 1089.997671875 2631.9418387937453 13991.508 71.058 124.17294333333336 300
290 6.7 1423.783164179105 4327.601270690161 23089.881 71.058 293.9882802197802 364
300 3.9 6876.243333333333 11811.181191057623 29697.171 71.058 469.61764733178654 431
310 6.1 3987.3778852459013 8891.892721419286 29697.171 71.058 1001.2312680851064 470
320 1.9 230.03194736842102 39.368928943459004 29697.171 71.058 1344.2725932203389 531
330 0 0 0 29697.171 71.058 1305.7806436363635 550
340 0 0 0 29697.171 71.058 1305.7806436363635 550
350 0 0 0 29697.171 71.058 1305.7806436363635 550
360 0 0 0 29697.171 71.058 1305.7806436363635 550
370 0 0 0 29697.171 71.058 1305.7806436363635 550
380 0 0 0 29697.171 71.058 1305.7806436363635 550
390 0 0 0 29697.171 71.058 1305.7806436363635 550
400 0 0 0 29697.171 71.058 1305.7806436363635 550
402 0 0 0 29697.171 71.058 1305.7806436363635 550
