10 0.4 21.927500000000002 7.946900480690569 32.111 10.772 0 0
20 0.2 10.645 0.45299999999999985 32.111 10.192 21.927500000000002 4
30 0 0 0 32.111 10.192 18.166666666666668 6
40 0 0 0 32.111 10.192 18.166666666666668 6
50 0.3 10.546333333333335 0.21944222221096985 32.111 10.192 18.166666666666668 6
60 0.2 17.944 6.59 32.111 10.192 15.626555555555557 9
70 0.1 11.636 0.0 32.111 10.192 16.04790909090909 11
80 0 0 0 32.111 10.192 15.68025 12
90 0 0 0 32.111 10.192 15.68025 12
100 1 11.5031 3.8146550158566117 32.111 8.222 15.68025 12
110 1.2 9.853583333333335 0.7921446057311057 32.111 8.222 13.781545454545453 22
120 0 0 0 32.111 8.222 12.395205882352942 34
130 0 0 0 32.111 8.222 12.395205882352942 34
140 1.5 9.198333333333332 0.5094505100814231 32.111 8.222 12.395205882352942 34
150 2.7 10.624814814814815 1.2908755580795495 32.111 8.222 11.41657142857143 49
160 1 9.836499999999997 0.8702527506420189 32.111 8.222 11.13528947368421 76
170 0.1 9.024 0.0 32.111 8.222 10.984267441860464 86
180 0 0 0 32.111 8.222 10.961735632183908 87
190 0 0 0 32.111 8.222 10.961735632183908 87
200 2.7 10.07574074074074 1.1540373122086742 32.111 8.222 10.961735632183908 87
210 5.3 12.960641509433968 16.73595980650854 133.182 8.222 10.751894736842104 114
220 2.2 21.19668181818182 47.77062673707877 239.779 8.222 11.452874251497006 167
230 0.1 10.839 0.0 239.779 8.222 12.587074074074074 189
240 0 0 0 239.779 8.222 12.577873684210525 190
250 0 0 0 239.779 8.222 12.577873684210525 190
260 0.1 10.25 0.0 239.779 8.222 12.577873684210525 190
270 0.6 674.2546666666667 1434.3241363625664 3881.018 8.222 12.565685863874345 191
280 1.7 531.1845294117649 2044.2901411985388 8707.985 8.222 32.718649746192895 197
290 3.7 25.00856756756757 40.96616927617657 8707.985 8.222 72.31640654205609 214
300 4.9 23.210163265306118 24.443923533844696 8707.985 8.222 65.34274103585658 251
310 4 3364.8929749999998 8862.76189711291 28469.091 8.222 58.46108666666667 300
320 3 2600.735733333334 8067.799350289843 35675.086 8.222 447.4530735294117 340
330 0.7 11.583857142857143 3.45363549357036 35675.086 8.222 622.0435594594594 370
340 0 0 0 35675.086 8.222 610.7087639257294 377
350 0 0 0 35675.086 8.222 610.7087639257294 377
360 0 0 0 35675.086 8.222 610.7087639257294 377
370 0 0 0 35675.086 8.222 610.7087639257294 377
380 0 0 0 35675.086 8.222 610.7087639257294 377
390 0 0 0 35675.086 8.222 610.7087639257294 377
400 0 0 0 35675.086 8.222 610.7087639257294 377
402 0 0 0 35675.086 8.222 610.7087639257294 377
