10 0.2 533.7455 4.774499999999989 538.52 528.971 0 0
20 0.5 544.8824 18.404508160774075 560.282 509.884 533.7455 2
30 0 0 0 560.282 509.884 541.7004285714286 7
40 0 0 0 560.282 509.884 541.7004285714286 7
50 0.8 503.58825 32.79338573458831 560.282 465.8 541.7004285714286 7
60 0.4 493.161 35.097239221910314 560.282 442.912 521.3739333333334 15
70 0 0 0 560.282 442.912 515.4343684210527 19
80 0.2 522.512 0.37299999999996203 560.282 442.912 515.4343684210527 19
90 0.1 476.164 0.0 560.282 442.912 516.1084285714286 21
100 1.1 506.6548181818183 48.39331807523201 569.015 423.276 514.2927727272728 22
110 1.4 494.1086428571429 38.27851210835644 570.85 423.276 511.74678787878787 33
120 0.2 498.22349999999994 14.975499999999997 570.85 423.276 506.49287234042555 47
130 0 0 0 570.85 423.276 506.15534693877555 49
140 1.4 495.6041428571428 41.40298659320043 603.269 423.276 506.15534693877555 49
150 3.8 639.7053684210524 118.67969814044172 938.83 423.276 503.8106349206349 63
160 1.5 567.7823333333332 65.09112076841886 938.83 423.276 554.9393465346534 101
170 0 0 0 938.83 423.276 556.6000775862069 116
180 0 0 0 938.83 423.276 556.6000775862069 116
190 0 0 0 938.83 423.276 556.6000775862069 116
200 2.9 817.9302068965517 298.88035907993395 1815.102 423.276 556.6000775862069 116
210 7.2 1181.6161527777776 210.63258942677763 1885.748 423.276 608.8661034482759 145
220 4.4 1171.4062499999998 98.60994109924508 1885.748 423.276 798.9029861751151 217
230 0.2 807.6265000000001 204.0465 1885.748 423.276 861.7004712643677 261
240 0 0 0 1885.748 423.276 861.2892623574144 263
250 0 0 0 1885.748 423.276 861.2892623574144 263
260 0.2 1306.554 405.87999999999994 1885.748 423.276 861.2892623574144 263
270 0.3 6052.360000000001 1769.621143595054 8531.932 423.276 864.6497509433962 265
280 1.3 9539.115923076923 878.1988064933694 11616.49 423.276 922.7211343283581 268
290 3 10138.9029 2845.4674629252204 25167.854 423.276 1321.344380782918 281
300 9.7 10155.944628865975 3251.206540565245 31884.343 423.276 2171.912726688103 311
310 6.3 12422.324666666666 9933.621511621413 36947.405 423.276 4070.0771740196064 408
320 7 5602.979728571426 1388.1465899778932 36947.405 423.276 5187.256774946921 471
330 2.3 2945.1016956521744 284.23059617721543 36947.405 423.276 5241.047175600738 541
340 0.3 2638.2626666666665 26.220669459205126 36947.405 423.276 5147.418193262411 564
350 0 0 0 36947.405 423.276 5134.142238095237 567
360 0 0 0 36947.405 423.276 5134.142238095237 567
370 0 0 0 36947.405 423.276 5134.142238095237 567
380 0 0 0 36947.405 423.276 5134.142238095237 567
390 0 0 0 36947.405 423.276 5134.142238095237 567
400 0 0 0 36947.405 423.276 5134.142238095237 567
402 0 0 0 36947.405 423.276 5134.142238095237 567
