10 0.1 21.68 0 21.68 21.68 0 0
20 0.6 40.964166666666664 25.884476167622594 88.839 13.709 21.68 1
30 0 0 0 88.839 13.709 38.20928571428571 7
40 0 0 0 88.839 13.709 38.20928571428571 7
50 0.5 29.256600000000002 15.570419719455222 88.839 13.512 38.20928571428571 7
60 0.7 17.158714285714286 3.7309075768422324 88.839 12.816 34.479 12
70 0 0 0 88.839 12.816 28.097842105263158 19
80 0.2 13.8485 0.7605000000000004 88.839 12.816 28.097842105263158 19
90 0.1 12.597 0.0 88.839 12.597 26.740761904761907 21
100 0.6 21.008166666666668 13.459025613773912 88.839 10.473 26.097863636363638 22
110 1.7 11.973588235294116 0.9386479675151995 88.839 10.143 25.007214285714287 28
120 0.4 13.9375 1.206938585844367 88.839 10.143 20.083399999999997 45
130 0 0 0 88.839 10.143 19.581693877551018 49
140 0.8 14.581000000000001 3.992456950300153 88.839 10.143 19.581693877551018 49
150 3.2 22.961468749999998 22.72703833540621 132.213 10.143 18.879842105263155 57
160 2.6 15.815769230769233 4.182498005036007 132.213 10.143 20.347393258426962 89
170 0.1 16.129 0.0 132.213 10.143 19.32285217391304 115
180 0 0 0 132.213 10.143 19.29531896551724 116
190 0 0 0 132.213 10.143 19.29531896551724 116
200 1.7 15.492588235294116 1.1352843675289954 132.213 10.143 19.29531896551724 116
210 7.1 23.34247887323943 30.329811969093043 272.423 10.143 18.80925563909774 133
220 4.9 26.87124489795919 38.811606040067616 292.153 10.143 20.386995098039208 204
230 1 20.8384 5.077579643885461 292.153 10.143 21.642837944664027 253
240 0 0 0 292.153 10.143 21.61225095057034 263
250 0 0 0 292.153 10.143 21.61225095057034 263
260 0.1 40.592 0.0 292.153 10.143 21.61225095057034 263
270 0.1 28.557 0.0 292.153 10.143 21.684143939393934 264
280 0.8 1895.176 4783.88184272349 14551.69 10.143 21.710079245283012 265
290 2.3 838.2891304347824 3657.465175037991 17992.693 10.143 76.61017948717948 273
300 8.2 399.4189878048781 3156.896774729346 28810.604 10.143 135.79469256756755 296
310 8.3 1969.1986265060248 6404.113340654884 28810.604 10.143 192.98303174603174 378
320 5.8 454.5342586206898 3128.8939613546086 28810.604 10.143 512.7788980477225 461
330 4.3 27.131674418604664 5.635976383997142 28810.604 10.143 506.2698631984587 519
340 0.5 28.910800000000005 12.089803148107915 28810.604 10.143 469.6098238434165 562
350 0 0 0 28810.604 10.143 465.72358906525585 567
360 0 0 0 28810.604 10.143 465.72358906525585 567
370 0 0 0 28810.604 10.143 465.72358906525585 567
380 0 0 0 28810.604 10.143 465.72358906525585 567
390 0 0 0 28810.604 10.143 465.72358906525585 567
400 0 0 0 28810.604 10.143 465.72358906525585 567
402 0 0 0 28810.604 10.143 465.72358906525585 567
