0 0.7 143.15914285714285 22.643111594784788 164.584 109.633 0 0
10 0.8 124.291625 14.743791252061833 164.584 105.851 143.15914285714285 7
20 0 0 0 164.584 105.851 133.0964666666667 15
30 0 0 0 164.584 105.851 133.0964666666667 15
40 1.4 126.82449999999997 31.794138567509577 191.826 97.233 133.0964666666667 15
50 0.9 111.19333333333333 4.787019903400819 191.826 97.233 130.06862068965518 29
60 0 0 0 191.826 97.233 125.59815789473686 38
70 0 0 0 191.826 97.233 125.59815789473686 38
80 0 0 0 191.826 97.233 125.59815789473686 38
90 3.6 121.02941666666668 26.110642885798928 226.944 97.233 125.59815789473686 38
100 2.6 126.02684615384618 26.50291219512462 234.969 97.233 123.37552702702703 74
110 0 0 0 234.969 97.233 124.06487000000001 100
120 0 0 0 234.969 97.233 124.06487000000001 100
130 2.6 152.20742307692313 11.747023987026488 234.969 97.233 124.06487000000001 100
140 9.4 164.03882978723396 42.009296765561146 396.204 97.233 129.87206349206352 126
150 2.5 260.48171999999994 48.20168544980145 396.204 97.233 144.47059090909087 220
160 0 0 0 396.204 97.233 156.30846122448975 245
170 0 0 0 396.204 97.233 156.30846122448975 245
180 0 0 0 396.204 97.233 156.30846122448975 245
190 6.7 251.15961194029845 37.77837935058719 433.149 97.233 156.30846122448975 245
200 18 389.4830500000004 166.24353995279426 964.687 97.233 176.67713782051277 312
210 4.2 732.8415714285716 221.371035295641 1091.574 97.233 254.5329593495936 492
220 0 0 0 1091.574 97.233 292.15273782771544 534
230 0 0 0 1091.574 97.233 292.15273782771544 534
240 0 0 0 1091.574 97.233 292.15273782771544 534
250 0 0 0 1091.574 97.233 292.15273782771544 534
260 21 630.6927000000002 322.0525283628071 1972.101 97.233 292.15273782771544 534
270 12.1 5756.52618181818 1995.0626896586746 9551.923 97.233 387.7083723118281 744
280 14.6 9418.383410958904 1939.9961912609015 16753.864 97.233 1138.7221930635835 865
290 4.3 20813.82262790697 2266.3864333532633 25193.291 97.233 2334.400272007913 1011
300 4.5 29711.4384 1990.0976346746702 33163.513 97.233 3088.304599620493 1054
310 1.4 34237.834642857146 678.3446838685036 35259.455 97.233 4178.423818016378 1099
320 0 0 0 35259.455 97.233 4556.529614555256 1113
330 0 0 0 35259.455 97.233 4556.529614555256 1113
340 0 0 0 35259.455 97.233 4556.529614555256 1113
350 0 0 0 35259.455 97.233 4556.529614555256 1113
360 0 0 0 35259.455 97.233 4556.529614555256 1113
370 0 0 0 35259.455 97.233 4556.529614555256 1113
380 0 0 0 35259.455 97.233 4556.529614555256 1113
390 0 0 0 35259.455 97.233 4556.529614555256 1113
400 0 0 0 35259.455 97.233 4556.529614555256 1113
402 0 0 0 35259.455 97.233 4556.529614555256 1113
