10 0.4 15.982249999999999 5.63840608572139 25.672 11.658 0 0
20 0.2 15.015 3.114999999999999 25.672 11.658 15.982249999999999 4
30 0 0 0 25.672 11.658 15.659833333333333 6
40 0 0 0 25.672 11.658 15.659833333333333 6
50 0.2 10.9285 0.45549999999999935 25.672 10.473 15.659833333333333 6
60 0.3 11.421000000000001 0.39501645535344415 25.672 10.473 14.477 8
70 0.1 25.55 0.0 25.672 10.473 13.643545454545455 11
80 0 0 0 25.672 10.473 14.635750000000002 12
90 0 0 0 25.672 10.473 14.635750000000002 12
100 0.6 12.645000000000001 3.266013370048159 25.672 10.473 14.635750000000002 12
110 1.5 12.949066666666665 6.4752685552201035 36.462 9.366 13.972166666666668 18
120 0.1 14.502 0.0 36.462 9.366 13.507121212121213 33
130 0 0 0 36.462 9.366 13.536382352941176 34
140 1 11.049000000000001 1.0059498993488691 36.462 9.366 13.536382352941176 34
150 2.6 16.578884615384617 13.13496138709713 76.949 9.366 12.971068181818184 44
160 1.6 11.6265625 0.8326359475147289 76.949 9.366 14.311114285714288 70
170 0.1 11.758 0.0 76.949 9.366 13.811662790697676 86
180 0 0 0 76.949 9.366 13.78805747126437 87
190 0 0 0 76.949 9.366 13.78805747126437 87
200 1.5 16.128066666666665 6.542128720497294 76.949 9.366 13.78805747126437 87
210 5.2 36.287346153846165 74.58753699819496 392.458 9.366 14.132176470588238 102
220 3.5 28.26748571428572 40.48125776657738 392.458 9.366 21.61314285714286 154
230 0.1 18.286 0.0 392.458 9.366 22.845428571428577 189
240 0 0 0 392.458 9.366 22.821431578947372 190
250 0 0 0 392.458 9.366 22.821431578947372 190
260 0 0 0 392.458 9.366 22.821431578947372 190
270 0.4 309.38525000000004 393.6973734909689 990.975 9.366 22.821431578947372 190
280 1.1 99.13536363636364 38.24836049076359 990.975 9.366 28.72996391752578 194
290 3.5 601.3440857142857 2992.51661921538 18049.711 9.366 32.50781463414634 205
300 4.8 1282.493895833333 5715.073279346313 28964.395 9.366 115.46310416666667 240
310 5 1490.86554 5619.070474172931 28964.395 3.566 309.9682361111111 288
320 2.7 43.800740740740736 20.35817214306969 28964.395 3.566 484.6571863905325 338
330 1.2 33.32166666666666 8.25546618240841 28964.395 3.566 452.04588767123283 365
340 0 0 0 28964.395 3.566 438.7177957559681 377
350 0 0 0 28964.395 3.566 438.7177957559681 377
360 0 0 0 28964.395 3.566 438.7177957559681 377
370 0 0 0 28964.395 3.566 438.7177957559681 377
380 0 0 0 28964.395 3.566 438.7177957559681 377
390 0 0 0 28964.395 3.566 438.7177957559681 377
400 0 0 0 28964.395 3.566 438.7177957559681 377
402 0 0 0 28964.395 3.566 438.7177957559681 377
