10 0.4 42.920500000000004 23.881400686517534 81.275 15.641 0 0
20 0.4 40.1455 30.916495132048844 91.945 15.641 42.920500000000004 4
30 0.1 17.383 0.0 91.945 15.641 41.533 8
40 0.1 30.698 0.0 91.945 15.641 38.849666666666664 9
50 0.9 16.657444444444444 1.3277527473233448 91.945 14.721 38.034499999999994 10
60 0.5 19.173399999999997 5.230865802140214 91.945 14.721 27.90852631578947 19
70 0 0 0 91.945 14.721 26.08870833333333 24
80 0 0 0 91.945 14.721 26.08870833333333 24
90 0.6 18.430000000000003 3.7595838422180017 91.945 14.721 26.08870833333333 24
100 2.9 24.820689655172412 30.203534022617458 177.008 14.721 24.556966666666664 30
110 1.2 16.890833333333337 3.356919392174253 177.008 14.046 24.686593220338985 59
120 0 0 0 177.008 14.046 23.369 71
130 0.1 16.484 0.0 177.008 14.046 23.369 71
140 1.8 16.71905555555556 2.192471929941238 177.008 14.046 23.273375 72
150 3.7 22.91932432432433 15.341887971936908 177.008 14.046 21.962511111111112 90
160 0.3 15.541000000000002 1.1138590575113179 177.008 13.967 22.241267716535436 127
170 0 0 0 177.008 13.967 22.086646153846157 130
180 0 0 0 177.008 13.967 22.086646153846157 130
190 0 0 0 177.008 13.967 22.086646153846157 130
200 4.4 24.290136363636364 19.1375653084699 177.008 13.967 22.086646153846157 130
210 7.9 42.028367088607595 55.357494354600945 360.824 13.967 22.643850574712648 174
220 2 31.041000000000004 13.003227472439294 360.824 13.967 28.696723320158107 253
230 0 0 0 360.824 13.967 28.868465201465202 273
240 0 0 0 360.824 13.967 28.868465201465202 273
250 0 0 0 360.824 13.967 28.868465201465202 273
260 0.9 85.19622222222222 155.33909939639778 523.639 13.967 28.868465201465202 273
270 1.2 467.5681666666667 909.6059028284203 3474.661 13.967 30.666159574468086 282
280 6.1 332.47298360655736 1151.0643572414565 9231.089 13.967 48.49889455782313 294
290 6.5 481.124646153846 2121.4002728793184 17438.946 13.967 97.29444225352113 355
300 4.1 1537.1111951219514 6068.546892544561 28364.44 13.967 156.6967357142857 420
310 6.8 3283.450294117648 8805.410522187338 38142.862 7.715 279.4667852494577 461
320 2.1 1360.9868571428572 5587.493144308937 38142.862 7.715 665.6121134215502 529
330 0 0 0 38142.862 7.715 692.1627854545455 550
340 0 0 0 38142.862 7.715 692.1627854545455 550
350 0 0 0 38142.862 7.715 692.1627854545455 550
360 0 0 0 38142.862 7.715 692.1627854545455 550
370 0 0 0 38142.862 7.715 692.1627854545455 550
380 0 0 0 38142.862 7.715 692.1627854545455 550
390 0 0 0 38142.862 7.715 692.1627854545455 550
400 0 0 0 38142.862 7.715 692.1627854545455 550
402 0 0 0 38142.862 7.715 692.1627854545455 550
