10 0.2 23.114 7.713000000000001 30.827 15.401 0 0
20 0.6 31.64033333333333 23.04829331112296 82.359 15.401 23.114 2
30 0.1 21.222 0.0 82.359 15.401 29.50875 8
40 0 0 0 82.359 15.401 28.587999999999997 9
50 0.3 21.317 4.066483821026056 82.359 15.401 28.587999999999997 9
60 1.1 25.32672727272727 11.620805981208555 82.359 14.909 26.77025 12
70 0.1 19.327 0.0 82.359 14.909 26.07986956521739 23
80 0 0 0 82.359 14.909 25.7985 24
90 0.3 16.896666666666665 0.8300507347278377 82.359 14.909 25.7985 24
100 1.9 18.95605263157895 4.789933056049995 82.359 14.572 24.80940740740741 27
110 2.4 18.49575 4.1863014528539 82.359 14.572 22.391717391304347 46
120 0.1 18.795 0.0 82.359 14.572 21.055957142857142 70
130 0 0 0 82.359 14.572 21.024112676056337 71
140 1.2 26.10675 33.44208410602076 136.986 14.203 21.024112676056337 71
150 3 20.09813333333333 3.8298167295867054 136.986 14.102 21.758951807228915 83
160 1.6 18.463749999999997 4.889351318170949 136.986 13.88 21.318026548672567 113
170 0.1 21.597 0.0 136.986 13.88 20.964007751937984 129
180 0 0 0 136.986 13.88 20.968876923076923 130
190 0 0 0 136.986 13.88 20.968876923076923 130
200 2.4 22.10108333333333 5.0477725278637084 136.986 13.88 20.968876923076923 130
210 7.5 39.39094666666668 57.310152181475004 416.515 13.88 21.145324675324677 154
220 4 27.8693 6.141016276643468 416.515 13.88 27.120965065502187 229
230 0.4 24.45475 1.37619264185651 416.515 13.88 27.232241635687735 269
240 0 0 0 416.515 13.88 27.19154578754579 273
250 0 0 0 416.515 13.88 27.19154578754579 273
260 0.1 104.503 0.0 416.515 13.88 27.19154578754579 273
270 0.5 1101.029 1246.4479209019526 3286.32 13.88 27.473704379562047 274
280 3.3 974.4446060606066 2380.794296636848 8847.807 13.88 46.71304659498209 279
290 6.6 216.07201515151525 75.82995705014635 8847.807 13.88 144.83850000000007 312
300 4.7 765.3351063829788 4076.513566468571 28407.263 1.465 157.27609788359794 378
310 6.4 1327.7463749999997 5395.5311537547195 28407.263 1.133 224.52027058823535 425
320 5.5 100.45618181818188 49.284527365120454 28407.263 1.108 368.90978118609405 489
330 0.6 50.449666666666666 15.919098138888257 28407.263 1.108 341.7683327205882 544
340 0 0 0 28407.263 1.108 338.59031090909093 550
350 0 0 0 28407.263 1.108 338.59031090909093 550
360 0 0 0 28407.263 1.108 338.59031090909093 550
370 0 0 0 28407.263 1.108 338.59031090909093 550
380 0 0 0 28407.263 1.108 338.59031090909093 550
390 0 0 0 28407.263 1.108 338.59031090909093 550
400 0 0 0 28407.263 1.108 338.59031090909093 550
402 0 0 0 28407.263 1.108 338.59031090909093 550
