10 0.4 111.56424999999999 35.892762852523624 166.462 67.554 0 0
20 1.1 96.23754545454545 17.416674655803725 166.462 67.554 111.56424999999999 4
30 0.3 95.10166666666667 12.076090574169923 166.462 67.554 100.32466666666666 15
40 0 0 0 166.462 67.554 99.45416666666667 18
50 0.9 100.29466666666666 41.31723368711361 213.391 67.554 99.45416666666667 18
60 1.8 86.1565 18.299520489315803 213.391 67.554 99.73433333333332 27
70 0.3 78.75433333333332 4.528487189141892 213.391 67.554 94.3032 45
80 0 0 0 213.391 67.554 93.33139583333333 48
90 0.5 79.3678 5.517826978077515 213.391 67.554 93.33139583333333 48
100 3.7 88.96299999999997 22.7754411652172 213.391 67.554 92.01407547169812 53
110 4.7 79.41023404255323 8.022130913418987 213.391 67.554 90.75974444444442 90
120 0.5 79.75280000000001 5.582773661899614 213.391 67.554 86.86611678832116 137
130 0 0 0 213.391 67.554 86.61564788732393 142
140 1.9 99.02994736842105 45.93007326758418 246.002 67.554 86.61564788732393 142
150 6.9 98.05810144927538 25.231944764779747 246.002 67.554 88.08068944099378 161
160 2.9 81.11651724137931 8.929371664270015 246.002 67.554 91.07391304347826 230
170 0.1 89.006 0.0 246.002 67.554 89.95899227799228 259
180 0 0 0 246.002 67.554 89.95532692307692 260
190 0 0 0 246.002 67.554 89.95532692307692 260
200 4.8 110.96597916666667 64.68989612711606 516.792 67.554 89.95532692307692 260
210 14 125.4549785714286 82.57690110224252 670.624 67.554 93.22971428571428 308
220 9 104.13982222222224 19.395614595159152 670.624 67.554 103.300109375 448
230 0.8 94.98275000000001 5.900081816170007 670.624 67.554 103.44058178438662 538
240 0 0 0 670.624 67.554 103.31665750915752 546
250 0 0 0 670.624 67.554 103.31665750915752 546
260 0.4 359.262 396.11470614772685 1044.557 67.554 103.31665750915752 546
270 1.3 585.8664615384615 499.7519910515024 2230.668 67.554 105.1780781818182 550
280 7 938.4472000000001 2274.5603525969054 15352.925 67.554 116.27745470692719 563
290 11.6 683.0218275862069 2054.7121828020113 22639.494 67.554 207.19669984202213 633
300 9.5 680.1618631578947 2875.284922208784 28513.417 67.554 280.8892429906542 749
310 13.6 3171.0984999999996 7871.419762672154 28513.417 67.554 325.8310663507109 844
320 11.2 962.7805982142856 4474.350431336186 31925.338 67.554 720.6845061224489 980
330 0.8 124.72149999999999 12.53468926619244 31925.338 67.554 745.5148745421244 1092
340 0 0 0 31925.338 67.554 741.0000136363635 1100
350 0 0 0 31925.338 67.554 741.0000136363635 1100
360 0 0 0 31925.338 67.554 741.0000136363635 1100
370 0 0 0 31925.338 67.554 741.0000136363635 1100
380 0 0 0 31925.338 67.554 741.0000136363635 1100
390 0 0 0 31925.338 67.554 741.0000136363635 1100
400 0 0 0 31925.338 67.554 741.0000136363635 1100
402 0 0 0 31925.338 67.554 741.0000136363635 1100
