10 2.1 112.35333333333334 18.960283613343254 161.973 88.965 0 0
20 0.5 122.28919999999998 14.758559447317351 161.973 88.965 112.35333333333334 21
30 0.1 124.947 0.0 161.973 88.965 114.26407692307693 26
40 0.3 106.99399999999999 10.90536467371296 161.973 88.965 114.65974074074074 27
50 2.6 120.20492307692305 25.899495637980586 238.011 88.965 113.89316666666667 30
60 1.3 135.77023076923078 45.60597183762711 270.698 88.965 116.82362499999999 56
70 0.3 131.472 11.035581936022528 270.698 88.965 120.39327536231885 69
80 0 0 0 270.698 88.965 120.85488888888888 72
90 1.7 132.23711764705882 38.106473536630546 270.698 88.965 120.85488888888888 72
100 8 136.43871249999995 43.487464873855814 286.878 88.965 123.0290224719101 89
110 2.2 141.05504545454548 23.40502310203997 286.878 88.965 129.37680473372777 169
120 0.1 167.466 0.0 286.878 88.965 130.72194240837692 191
130 0.2 137.4065 2.707500000000003 286.878 88.965 130.9133177083333 192
140 8.8 168.39176136363636 43.10373114175593 369.31 88.965 130.98025773195872 194
150 11.4 260.2043859649125 57.466102367305474 500.028 88.965 142.65476950354605 282
160 2.1 240.53352380952379 30.907231993297756 500.028 88.965 176.4948106060606 396
170 0.1 281.688 0.0 500.028 88.965 179.71978177458035 417
180 0 0 0 500.028 88.965 179.96372488038278 418
190 0 0 0 500.028 88.965 179.96372488038278 418
200 17.2 402.6179302325581 186.28333452820905 1149.716 88.965 179.96372488038278 418
210 24.2 735.3451033057853 173.64904956181226 1341.748 88.965 244.87308644067795 590
220 6.2 849.2368064516129 93.84397390174938 1341.748 88.965 387.53441826923086 832
230 0 0 0 1341.748 88.965 419.55404697986586 894
240 0 0 0 1341.748 88.965 419.55404697986586 894
250 0 0 0 1341.748 88.965 419.55404697986586 894
260 2.9 868.1616551724137 419.62225069067625 2008.432 88.965 419.55404697986586 894
270 8.6 6488.091069767445 1687.1520820018636 9854.099 88.965 433.64897724810413 923
280 17.1 8860.68922222222 2459.9819823237535 16765.885 88.965 949.6866580773047 1009
290 21.3 9564.985497652584 4083.91834010762 24461.638 88.965 2096.1116059322035 1180
300 15.7 11472.039840764328 6327.6934911639755 33060.206 88.965 3238.1576496769567 1393
310 15.5 15246.24591612902 10553.796579364907 37464.961 88.965 4072.1702329032255 1550
320 12.1 8060.759016528924 3273.69514601088 37464.961 88.965 5087.995295014662 1705
330 0.7 4294.389428571429 521.7108814018563 37464.961 88.965 5284.985662102957 1826
340 0 0 0 37464.961 88.965 5281.202697763229 1833
350 0 0 0 37464.961 88.965 5281.202697763229 1833
360 0 0 0 37464.961 88.965 5281.202697763229 1833
370 0 0 0 37464.961 88.965 5281.202697763229 1833
380 0 0 0 37464.961 88.965 5281.202697763229 1833
390 0 0 0 37464.961 88.965 5281.202697763229 1833
400 0 0 0 37464.961 88.965 5281.202697763229 1833
402 0 0 0 37464.961 88.965 5281.202697763229 1833
