10 0.1 36.889 0 36.889 36.889 0 0
20 0.4 24.8265 8.271887042869965 36.889 16.709 36.889 1
30 0.2 35.3805 13.7555 49.136 16.709 27.238999999999997 5
40 0 0 0 49.136 16.709 29.565142857142856 7
50 0.3 45.95766666666666 20.305492956887853 74.272 16.709 29.565142857142856 7
60 0.8 21.153499999999998 7.0713734698430395 74.272 15.602 34.482899999999994 10
70 0.1 19.101 0.0 74.272 15.602 28.558722222222215 18
80 0.2 20.1715 0.027500000000000746 74.272 15.602 28.060947368421047 19
90 0 0 0 74.272 15.602 27.309571428571424 21
100 0.3 22.932999999999996 7.560100307976517 74.272 15.602 27.309571428571424 21
110 1.8 19.52022222222223 7.558122713387053 74.272 14.465 26.762499999999992 24
120 0.5 18.3398 2.000962508394398 74.272 14.465 23.658666666666665 42
130 0.2 20.6095 0.05450000000000088 74.272 14.465 23.092829787234045 47
140 0.5 17.471799999999998 1.5120414544581768 74.272 14.465 22.991469387755103 49
150 2.3 23.73852173913044 10.893517621162179 74.272 14.465 22.48038888888889 54
160 3 18.52616666666666 3.2937620748250107 74.272 14.272 22.856194805194807 77
170 0.9 18.988444444444443 1.3093897739966183 74.272 14.272 21.642168224299066 107
180 0 0 0 74.272 14.272 21.436275862068968 116
190 0 0 0 74.272 14.272 21.436275862068968 116
200 0.8 56.127250000000004 87.52336365044192 287.079 14.272 21.436275862068968 116
210 4.8 34.48089583333333 37.922228177789286 287.079 14.272 23.674403225806454 124
220 6.9 27.908869565217383 10.33506505720259 287.079 14.272 26.690168604651163 172
230 2.1 24.52747619047619 5.371423023468934 287.079 14.272 27.039091286307052 241
240 0.1 17.794 0.0 287.079 14.272 26.837778625954197 262
250 0 0 0 287.079 14.272 26.803391634980986 263
260 0 0 0 287.079 14.272 26.803391634980986 263
270 0.1 452.414 0.0 452.414 14.272 26.803391634980986 263
280 0.2 186.35000000000002 28.026000000000003 452.414 14.272 28.415553030303027 264
290 1.4 200.4202857142857 93.89813032097875 452.414 14.272 29.603030075187966 266
300 5.7 152.11221052631586 73.14115542283469 452.414 14.272 38.14389285714285 280
310 8.5 763.0864352941178 3944.2586672749385 26841.358 14.272 57.42043323442137 337
320 6.3 122.02063492063495 306.11810630940147 26841.358 14.272 199.55695023696686 422
330 5.4 46.023129629629636 10.85953005777823 26841.358 14.272 189.4852226804124 485
340 2.1 43.230000000000004 7.94692197376713 26841.358 14.272 175.1123970315399 539
350 0.1 47.731 0.0 26841.358 14.272 170.16680714285715 560
360 0 0 0 26841.358 14.272 169.9485614973262 561
370 0.1 60001.504 0.0 60001.504 14.272 169.9485614973262 561
380 0.5 60007.26479999999 8.729984820145923 60024.609 14.272 276.41040391459074 562
390 0 0 0 60024.609 14.272 803.1375149911815 567
400 0 0 0 60024.609 14.272 803.1375149911815 567
402 0 0 0 60024.609 14.272 803.1375149911815 567
