10 0.1 15.049 0 15.049 15.049 0 0
20 0.5 28.213 12.946428804886697 41.317 12.164 15.049 1
30 0 0 0 41.317 12.164 26.019000000000002 6
40 0 0 0 41.317 12.164 26.019000000000002 6
50 0.2 13.891 0.4529999999999994 41.317 12.164 26.019000000000002 6
60 0.3 13.527000000000001 1.5091284460464809 41.317 11.425 22.987000000000002 8
70 0.1 15.379 0.0 41.317 11.425 20.407000000000004 11
80 0 0 0 41.317 11.425 19.988000000000003 12
90 0 0 0 41.317 11.425 19.988000000000003 12
100 0.1 11.789 0.0 41.317 11.425 19.988000000000003 12
110 1.7 11.60570588235294 1.3992000977325618 41.317 9.449 19.357307692307696 13
120 0.4 12.407 0.8852200291452963 41.317 9.449 14.964733333333333 30
130 0 0 0 41.317 9.449 14.663823529411765 34
140 0.7 11.667285714285713 1.5025208070140676 41.317 9.449 14.663823529411765 34
150 2 14.754850000000001 4.712625375255284 41.317 9.449 14.152219512195122 41
160 1.9 14.377421052631579 3.695646219622411 41.317 9.449 14.349803278688524 61
170 0.6 12.852166666666667 0.6506933268103768 41.317 9.449 14.3563625 80
180 0.1 12.513 0.0 41.317 9.449 14.251418604651164 86
190 0 0 0 41.317 9.449 14.231436781609196 87
200 0.8 15.456999999999999 4.4845330581901175 41.317 9.449 14.231436781609196 87
210 3.6 22.190305555555554 34.27165489375491 222.61 9.449 14.334642105263157 95
220 4.5 25.189955555555567 41.831029852626834 275.614 9.449 16.493450381679388 131
230 1.3 16.931384615384612 3.360577068999667 275.614 9.449 18.716988636363638 176
240 0.1 12.178 0.0 275.614 9.449 18.594169312169317 189
250 0 0 0 275.614 9.449 18.560400000000005 190
260 0 0 0 275.614 9.449 18.560400000000005 190
270 0.1 76.654 0.0 275.614 9.449 18.560400000000005 190
280 0.6 2562.6053333333334 5483.763168418067 14823.089 9.449 18.864554973821996 191
290 2.4 92.04466666666667 45.69566059418432 14823.089 9.449 96.33889340101524 197
300 4.2 761.0256904761906 4353.96272250889 28638.756 9.449 95.87255203619911 221
310 5.4 906.8164074074075 4297.461850981524 28638.756 9.449 202.09472623574146 263
320 3.6 1791.704722222222 3097.862906223674 28638.756 9.449 322.14195268138803 317
330 1.9 428.4940000000001 1171.4710121048215 28638.756 9.449 472.01237677053825 353
340 0.2 27.671 0.12400000000000144 28638.756 9.449 469.7896639784946 372
350 0.3 22.104666666666663 4.773099784789288 28638.756 9.449 467.42539304812834 374
360 0 0 0 28638.756 9.449 463.881726790451 377
370 0 0 0 28638.756 9.449 463.881726790451 377
380 0 0 0 28638.756 9.449 463.881726790451 377
390 0 0 0 28638.756 9.449 463.881726790451 377
400 0 0 0 28638.756 9.449 463.881726790451 377
402 0 0 0 28638.756 9.449 463.881726790451 377
