110 0.4 8.28075 1.5773955393305759 10.825 6.92 0 0
120 0.1 24.429 0.0 24.429 6.92 8.28075 4
130 0 0 0 24.429 6.92 11.510399999999999 5
140 0 0 0 24.429 6.92 11.510399999999999 5
150 0 0 0 24.429 6.92 11.510399999999999 5
160 0 0 0 24.429 6.92 11.510399999999999 5
170 0 0 0 24.429 6.92 11.510399999999999 5
180 0 0 0 24.429 6.92 11.510399999999999 5
190 0 0 0 24.429 6.92 11.510399999999999 5
200 0 0 0 24.429 6.92 11.510399999999999 5
210 0 0 0 24.429 6.92 11.510399999999999 5
220 0 0 0 24.429 6.92 11.510399999999999 5
230 0 0 0 24.429 6.92 11.510399999999999 5
240 0 0 0 24.429 6.92 11.510399999999999 5
250 0 0 0 24.429 6.92 11.510399999999999 5
251 0 0 0 24.429 6.92 11.510399999999999 5
