10 0.2 36.403 9.512999999999998 45.916 26.89 0 0
20 0.1 38.267 0.0 45.916 26.89 36.403 2
30 0.3 39.971333333333334 10.138096117560188 53.968 26.89 37.02433333333334 3
40 0 0 0 53.968 26.89 38.49783333333334 6
50 0 0 0 53.968 26.89 38.49783333333334 6
60 0 0 0 53.968 26.89 38.49783333333334 6
70 0 0 0 53.968 26.89 38.49783333333334 6
80 0 0 0 53.968 26.89 38.49783333333334 6
90 0 0 0 53.968 26.89 38.49783333333334 6
100 0 0 0 53.968 26.89 38.49783333333334 6
110 0 0 0 53.968 26.89 38.49783333333334 6
120 0 0 0 53.968 26.89 38.49783333333334 6
130 0.1 137.967 0.0 137.967 26.89 38.49783333333334 6
140 0.6 50.11666666666667 17.943406771166828 137.967 26.89 52.707714285714296 7
150 0.8 55.524874999999994 17.11182075669842 137.967 26.89 51.51184615384615 13
160 0.5 60.6752 11.28599591352044 137.967 26.89 53.04061904761905 21
170 0 0 0 137.967 26.89 54.50880769230769 26
180 0 0 0 137.967 26.89 54.50880769230769 26
190 0 0 0 137.967 26.89 54.50880769230769 26
200 0 0 0 137.967 26.89 54.50880769230769 26
210 0 0 0 137.967 26.89 54.50880769230769 26
220 0 0 0 137.967 26.89 54.50880769230769 26
230 0 0 0 137.967 26.89 54.50880769230769 26
240 0 0 0 137.967 26.89 54.50880769230769 26
250 0 0 0 137.967 26.89 54.50880769230769 26
251 0 0 0 137.967 26.89 54.50880769230769 26
