60 0.1 727.747 0 727.747 727.747 0 0
70 0.2 23.262500000000003 10.5165 727.747 12.746 727.747 1
80 0.3 29.48333333333333 3.043075673649204 727.747 12.746 258.09066666666666 3
90 0 0 0 727.747 12.746 143.787 6
100 0 0 0 727.747 12.746 143.787 6
110 0 0 0 727.747 12.746 143.787 6
120 0 0 0 727.747 12.746 143.787 6
130 0 0 0 727.747 12.746 143.787 6
140 0 0 0 727.747 12.746 143.787 6
150 0 0 0 727.747 12.746 143.787 6
160 0.2 51.1315 11.133500000000003 727.747 12.746 143.787 6
170 0.9 46.96566666666667 12.638372873471049 727.747 12.746 120.623125 8
180 0.6 45.44283333333334 8.098755345044621 727.747 12.746 81.628 17
190 0 0 0 727.747 12.746 72.18839130434783 23
200 0 0 0 727.747 12.746 72.18839130434783 23
210 0 0 0 727.747 12.746 72.18839130434783 23
220 0 0 0 727.747 12.746 72.18839130434783 23
230 0 0 0 727.747 12.746 72.18839130434783 23
240 0 0 0 727.747 12.746 72.18839130434783 23
250 0 0 0 727.747 12.746 72.18839130434783 23
251 0 0 0 727.747 12.746 72.18839130434783 23
