0 1.9 2.123789473684211 2.780852947132122 13.91 1.295 0 0
10 0.8 1.4704999999999997 0.13163301257663304 13.91 1.295 2.123789473684211 19
20 0 0 0 13.91 1.295 1.9302222222222223 27
30 0 0 0 13.91 1.295 1.9302222222222223 27
40 2.3 1.450217391304348 0.1505130231319707 13.91 1.138 1.9302222222222223 27
50 3.6 1.4449166666666666 0.11505563267876594 13.91 1.138 1.7094200000000002 50
60 0 0 0 13.91 1.138 1.5986976744186046 86
70 0 0 0 13.91 1.138 1.5986976744186046 86
80 6.5 1.6090153846153847 1.252824408990866 13.91 1.08 1.5986976744186046 86
90 5.5 1.4712181818181824 0.3889518638555345 13.91 1.08 1.6031390728476822 151
100 0 0 0 13.91 1.08 1.5679174757281555 206
110 0 0 0 13.91 1.08 1.5679174757281555 206
120 3 1.3941666666666663 0.10556485631538978 13.91 1.08 1.5679174757281555 206
130 16.8 1.407517857142857 0.44944755736790876 13.91 1.02 1.5458305084745765 236
140 3.1 2.156193548387096 5.394359643418209 31.698 1.02 1.4883143564356436 404
150 0 0 0 31.698 1.02 1.5359103448275861 435
160 0 0 0 31.698 1.02 1.5359103448275861 435
170 9.2 1.4339891304347834 0.3405450712226305 31.698 1.02 1.5359103448275861 435
180 31.4 1.4044267515923556 0.9288819606731367 31.698 0.914 1.5181176470588236 527
190 7.4 1.2101351351351357 0.14800212967097437 31.698 0.914 1.4756694411414977 841
200 0 0 0 31.698 0.914 1.4541945355191253 915
210 0 0 0 31.698 0.914 1.4541945355191253 915
220 0 0 0 31.698 0.914 1.4541945355191253 915
227 0 0 0 31.698 0.914 1.4541945355191253 915
