0 0.1 0.013772428705347237 0 0.013772428705347237 0.013772428705347237 0 0
10 0.1 0.01665434938743221 0.0 0.01665434938743221 0.013772428705347237 0.013772428705347237 1
20 0.1 0.02810158201498751 0.0 0.02810158201498751 0.013772428705347237 0.015213389046389723 2
30 0.1 0.013533631073216944 0.0 0.02810158201498751 0.013533631073216944 0.019509453369255653 3
40 0.1 0.004163717366865137 0.0 0.02810158201498751 0.004163717366865137 0.01801549779524598 4
50 0.1 0.018741410186997626 0.0 0.02810158201498751 0.004163717366865137 0.01524514170956981 5
60 0.1 0.05725588174057881 0.0 0.05725588174057881 0.004163717366865137 0.015827853122474447 6
70 0.1 0.02290020714278279 0.0 0.05725588174057881 0.004163717366865137 0.02174614292506078 7
80 0.1 0.0052059472741660074 0.0 0.05725588174057881 0.004163717366865137 0.021890400952276033 8
90 0.1 0.0437172120909318 0.0 0.05725588174057881 0.004163717366865137 0.020036572765819365 9
100 0.1 0.09888725811656206 0.0 0.09888725811656206 0.004163717366865137 0.022404636698330607 10
110 0.1 0.057247538355850704 0.0 0.09888725811656206 0.004163717366865137 0.029357602281806193 11
120 0.1 0.008327868169846871 0.0 0.09888725811656206 0.004163717366865137 0.0316817636213099 12
130 0.1 0.017699667870938185 0.0 0.09888725811656206 0.004163717366865137 0.029885310125043515 13
140 0.1 0.16339869281045752 0.0 0.16339869281045752 0.004163717366865137 0.029014907106893136 14
150 0.1 0.22065864523918566 0.0 0.22065864523918566 0.004163717366865137 0.03797382615379743 15
160 0.1 0.07703117680737001 0.0 0.22065864523918566 0.004163717366865137 0.049391627346634194 16
170 0.1 0.009369729527140982 0.0 0.22065864523918566 0.004163717366865137 0.05101748319726571 17
180 0.1 0.05516523549310434 0.0 0.22065864523918566 0.004163717366865137 0.04870371910448101 18
190 0.1 0.33628668700350867 0.0 0.33628668700350867 0.004163717366865137 0.049043798914408555 19
200 0.1 0.448673238879462 0.0 0.448673238879462 0.004163717366865137 0.06340594331886355 20
210 0.1 0.2581182348043297 0.0 0.448673238879462 0.004163717366865137 0.08175200501222538 21
220 0.1 0.05413677865345174 0.0 0.448673238879462 0.004163717366865137 0.0897686518209574 22
227 0.1 0.0041635440086601715 0.0 0.448673238879462 0.0041635440086601715 0.08821943994410933 23
