10 0.1 266 0 266 266 0 0
20 0.1 433.0 0.0 433 266 266.0 1
30 0.1 212.0 0.0 433 212 349.5 2
40 0.1 39.0 0.0 433 39 303.6666666666667 3
50 0.1 413.0 0.0 433 39 237.5 4
60 0.1 1007.0 0.0 1007 39 272.6 5
70 0.1 469.0 0.0 1007 39 395.0 6
80 0.1 91.0 0.0 1007 39 405.57142857142856 7
90 0.1 1014.0 0.0 1014 39 366.25 8
100 0.1 1825.0 0.0 1825 39 438.22222222222223 9
110 0.1 1062.0 0.0 1825 39 576.9 10
120 0.1 215.0 0.0 1825 39 621.0 11
130 0.1 562.0 0.0 1825 39 587.1666666666666 12
140 0.1 3170.0 0.0 3170 39 585.2307692307693 13
150 0.1 3539.0 0.0 3539 39 769.8571428571429 14
160 0.1 1119.0 0.0 3539 39 954.4666666666667 15
170 0.1 82.0 0.0 3539 39 964.75 16
180 0.1 1457.0 0.0 3539 39 912.8235294117648 17
190 0.1 6883.0 0.0 6883 39 943.0555555555555 18
200 0.1 7448.0 0.0 7448 39 1255.6842105263158 19
210 0.1 3973.0 0.0 7448 39 1565.3 20
220 0.1 981.0 0.0 7448 39 1679.952380952381 21
227 0.1 41.0 0.0 7448 39 1648.1818181818182 22
