0 311.26640625 311.26640625
10 1008.640625 1319.90703125
20 674.9734375 1994.88046875
30 80.95234375 2075.8328125
40 403.059375 2478.8921875
50 2201.02265625 4679.91484375
60 1468.1375 6148.05234375
70 419.7140625 6567.76640625
80 1284.56484375 7852.33125
90 4246.4703125 12098.8015625
100 3111.09921875 15209.90078125
110 543.92734375 15753.828125
120 472.67421875 16226.50234375
130 6584.95390625 22811.45625
140 10442.575 33254.03125
150 3559.3953125 36813.4265625
160 153.7453125 36967.171875
170 2111.02734375 39078.19921875
180 15464.26796875 54542.4671875
190 23093.98515625 77636.45234375
200 12197.459375 89833.91171875
210 713.16953125 90547.08125
220 17.75703125 90564.83828125
227 2.5703125 90567.40859375
