0 0.5 2722.1053999999995 2254.262773808111 6357.088 426.363 0 0
10 2 3750.8386500000006 2487.2489998343804 11659.563 426.363 2722.1053999999995 5
20 0.2 7393.097 3454.9500000000003 11659.563 426.363 3545.0920000000006 25
30 0 0 0 11659.563 426.363 3830.129407407408 27
40 1.1 2351.1420000000003 1393.136588548106 11659.563 426.363 3830.129407407408 27
50 3.5 3858.433142857143 2303.388944015915 11659.563 144.264 3402.0014736842113 38
60 1.3 6527.967307692308 3341.8283335026554 13272.591 144.264 3620.838575342466 73
70 0 0 0 13272.591 144.264 4060.2882674418606 86
80 3 2279.6715666666664 1257.1047145380446 13272.591 144.264 4060.2882674418606 86
90 6.7 4005.5029552238802 2499.272622226389 13272.591 144.264 3599.7839482758623 116
100 2.2 6394.733227272727 3104.04858049271 14951.306 144.264 3748.3258797814206 183
110 0.1 8843.031 0.0 14951.306 144.264 4032.330570731707 205
120 0.6 1335.5718333333334 914.3835885832992 14951.306 144.264 4055.683485436893 206
130 9.8 3388.5698163265306 2223.6159682104408 14951.306 144.264 3978.6991933962263 212
140 11.7 4963.817470085471 2843.5591978707075 14951.306 144.264 3792.142164516129 310
150 0.8 11865.559250000002 2824.194367126745 16803.362 144.264 4113.18668618267 427
160 0 0 0 16803.362 144.264 4255.759055172414 435
170 0.5 1456.8758000000003 272.396451613012 16803.362 144.264 4255.759055172414 435
180 23.5 3205.1334978723394 2101.6123620255103 16803.362 144.264 4223.953563636364 440
190 21.4 4685.6673224299075 2963.5775414823156 16863.522 144.264 3869.253244444445 675
200 2.6 7220.684 3403.129309627594 16863.522 144.264 4065.780367829022 889
210 0 0 0 16863.522 144.264 4155.427902732241 915
220 0 0 0 16863.522 144.264 4155.427902732241 915
227 0 0 0 16863.522 144.264 4155.427902732241 915
