0 0.1 45.138 0 45.138 45.138 0 0
10 0.1 55.096 0.0 55.096 45.138 45.138 1
20 0 0 0 55.096 45.138 50.117 2
30 0 0 0 55.096 45.138 50.117 2
40 0.1 50.153 0.0 55.096 45.138 50.117 2
50 0.3 53.86366666666667 4.755500487739318 60.529 45.138 50.129 3
60 0 0 0 60.529 45.138 51.99633333333333 6
70 0 0 0 60.529 45.138 51.99633333333333 6
80 1 59.3423 4.335489177705324 65.522 45.138 51.99633333333333 6
90 0.5 60.251 6.188181736180672 69.033 45.138 56.587562500000004 16
100 0 0 0 69.033 45.138 57.45980952380952 21
110 0 0 0 69.033 45.138 57.45980952380952 21
120 0.1 74.826 0.0 74.826 45.138 57.45980952380952 21
130 1.3 91.9493076923077 24.07138308123958 169.478 45.138 58.24918181818182 22
140 0.3 180.42066666666665 58.104536680786715 260.879 45.138 70.76637142857143 35
150 0 0 0 260.879 45.138 79.4232894736842 38
160 0 0 0 260.879 45.138 79.4232894736842 38
170 1 153.46409999999997 45.62293268401319 260.879 45.138 79.4232894736842 38
180 4.2 255.4330714285714 165.51864528611887 859.511 45.138 94.84845833333333 48
190 0.9 1293.177 292.15879381862794 1930.099 45.138 169.7879444444444 90
200 0 0 0 1930.099 45.138 271.9142222222222 99
210 0 0 0 1930.099 45.138 271.9142222222222 99
220 0 0 0 1930.099 45.138 271.9142222222222 99
227 0 0 0 1930.099 45.138 271.9142222222222 99
