10 0.2 10.1295 0.13250000000000028 10.262 9.997 0 0
20 0.2 9.2695 0.460500000000001 10.262 8.809 10.1295 2
30 0 0 0 10.262 8.809 9.6995 4
40 0 0 0 10.262 8.809 9.6995 4
50 0.9 9.180555555555555 1.2775249604964118 11.657 7.603 9.6995 4
60 1 9.3896 3.222429555475186 18.696 7.433 9.34023076923077 13
70 0 0 0 18.696 7.433 9.361695652173914 23
80 0 0 0 18.696 7.433 9.361695652173914 23
90 1.3 8.644076923076922 0.5952653527937658 18.696 7.427 9.361695652173914 23
100 1.4 8.833428571428572 0.7828752604785693 18.696 7.427 9.102555555555556 36
110 0.7 9.097714285714286 0.4979132782453805 18.696 7.427 9.0272 50
120 0 0 0 18.696 7.427 9.035859649122807 57
130 0.6 9.639333333333333 1.13833909222555 18.696 7.427 9.035859649122807 57
140 4 13.476849999999999 6.633578319994421 28.723 7.427 9.093333333333334 63
150 2.8 11.528571428571427 4.568036772967537 28.723 7.427 10.795669902912621 103
160 0 0 0 28.723 7.427 10.952320610687023 131
170 0.1 10.756 0.0 28.723 7.427 10.952320610687023 131
180 1.6 17.905749999999998 8.544016301628877 38.164 7.427 10.950833333333334 132
190 6.6 40.843515151515156 42.144340790237905 283.886 7.427 11.702716216216215 148
200 7 24.10590000000001 22.373947239175937 283.886 7.427 20.690065420560753 214
210 0.5 11.606000000000002 0.3262967974099649 283.886 7.427 21.531996478873243 284
220 0 0 0 283.886 7.427 21.360266435986162 289
227 0 0 0 283.886 7.427 21.360266435986162 289
