10 0.1 8.182 0 8.182 8.182 0 0
20 0.2 6.6545000000000005 1.0325 8.182 5.622 8.182 1
30 0 0 0 8.182 5.622 7.163666666666667 3
40 0 0 0 8.182 5.622 7.163666666666667 3
50 0.6 9.073500000000001 3.438180659883945 16.726 5.622 7.163666666666667 3
60 0.1 6.712 0.0 16.726 5.622 8.43688888888889 9
70 0 0 0 16.726 5.622 8.2644 10
80 0.1 5.326 0.0 16.726 5.326 8.2644 10
90 0.5 7.1952 0.799340578226828 16.726 5.326 7.997272727272727 11
100 0.2 6.609500000000001 1.2464999999999995 16.726 5.326 7.746625 16
110 0.1 5.987 0.0 16.726 5.326 7.620277777777777 18
120 0 0 0 16.726 5.326 7.534315789473683 19
130 0.7 7.747571428571429 1.8367547357183196 16.726 5.326 7.534315789473683 19
140 1.4 7.619642857142857 2.705009363784766 16.726 5.326 7.591730769230769 26
150 0.2 5.9350000000000005 0.1759999999999995 16.726 5.326 7.6015 40
160 0.1 5.932 0.0 16.726 5.326 7.522142857142858 42
170 0 0 0 16.726 5.326 7.485162790697675 43
180 1.1 8.29709090909091 1.2550361425107504 16.726 5.326 7.485162790697675 43
190 2 20.843049999999995 18.798353482353182 85.03 5.326 7.650555555555557 54
200 1.6 8.8805625 3.1254441678093925 85.03 5.326 11.216094594594594 74
210 0.1 5.671 0.0 85.03 5.326 10.800888888888888 90
220 0 0 0 85.03 5.326 10.744516483516483 91
227 0 0 0 85.03 5.326 10.744516483516483 91
