10 0.2 7.344 0.6619999999999999 8.006 6.682 0 0
20 0.1 7.221 0.0 8.006 6.682 7.344 2
30 0 0 0 8.006 6.682 7.303 3
40 0 0 0 8.006 6.682 7.303 3
50 0.6 9.117333333333333 5.145315755347014 20.59 6.195 7.303 3
60 0.1 6.049 0.0 20.59 6.049 8.512555555555556 9
70 0 0 0 20.59 6.049 8.266200000000001 10
80 0.2 6.3725000000000005 0.13249999999999962 20.59 6.049 8.266200000000001 10
90 0.4 7.201499999999999 0.3614654201994986 20.59 6.049 7.950583333333334 12
100 0.3 6.906 0.7727837127338197 20.59 6.049 7.7633125000000005 16
110 0 0 0 20.59 6.049 7.6279473684210535 19
120 0 0 0 20.59 6.049 7.6279473684210535 19
130 1 7.2241 1.1056300873257747 20.59 5.63 7.6279473684210535 19
140 1.2 6.560749999999999 0.9643286200772019 20.59 5.468 7.488689655172415 29
150 0.1 6.177 0.0 20.59 5.468 7.21709756097561 41
160 0.1 7.195 0.0 20.59 5.468 7.192333333333334 42
170 0 0 0 20.59 5.468 7.19239534883721 43
180 1.3 10.522153846153847 6.84038967452939 32.267 5.468 7.19239534883721 43
190 2.3 47.49821739130435 35.02591617515897 136.029 5.468 7.965375000000001 56
200 1.1 15.091090909090905 11.549514704126162 136.029 5.468 19.47493670886076 79
210 0.1 6.31 0.0 136.029 5.468 18.939133333333334 90
220 0 0 0 136.029 5.468 18.80035164835165 91
227 0 0 0 136.029 5.468 18.80035164835165 91
