10 0.3 206.12866666666665 4.686158791827502 210.503 199.63 0 0
20 0.1 198.323 0.0 210.503 198.323 206.12866666666665 3
30 0 0 0 210.503 198.323 204.17725 4
40 0.1 195.996 0.0 210.503 195.996 204.17725 4
50 1.2 213.9418333333333 33.079361891349855 319.683 192.644 202.541 5
60 0.6 200.9955 8.39497259773173 319.683 191.869 210.5886470588235 17
70 0 0 0 319.683 191.869 208.0860869565217 23
80 0.1 263.566 0.0 319.683 191.869 208.0860869565217 23
90 1.3 220.3778461538461 36.37395730431777 341.083 191.869 210.39774999999997 24
100 1.6 208.0770625 15.768737502843837 341.083 191.869 213.90427027027025 37
110 0.4 203.43575 4.685081556120436 341.083 191.869 212.14511320754715 53
120 0 0 0 341.083 191.869 211.5339298245614 57
130 1.2 293.7628333333333 96.11118240422856 512.738 191.869 211.5339298245614 57
140 4.4 282.2024545454546 69.92995470061275 512.738 191.869 225.83460869565218 69
150 1.8 221.90633333333332 14.003010247800296 512.738 191.869 247.7831504424779 113
160 0.1 213.518 0.0 512.738 191.869 244.2275572519084 131
170 0 0 0 512.738 191.869 243.9949090909091 132
180 2 591.6293000000001 284.0837604804435 1167.213 191.869 243.9949090909091 132
190 7.3 1802.9520821917806 983.1447818571822 4370.901 191.869 289.7362763157895 152
200 6.3 887.1900634920634 659.0127818574447 4370.901 191.869 780.6907377777776 225
210 0.1 217.035 0.0 4370.901 191.869 803.9874652777776 288
220 0 0 0 4370.901 191.869 801.9564878892733 289
227 0 0 0 4370.901 191.869 801.9564878892733 289
