0 0.1 11.103 0 11.103 11.103 0 0
10 0.7 18.220714285714287 7.450724331313332 29.901 9.847 11.103 1
20 0.4 10.38325 0.7776738953443146 29.901 9.56 17.331000000000003 8
30 0 0 0 29.901 9.56 15.015083333333337 12
40 0.1 9.245 0.0 29.901 9.245 15.015083333333337 12
50 1 11.667000000000002 6.49946328553366 31.073 8.45 14.571230769230773 13
60 0.7 9.802142857142856 0.9874630450331406 31.073 8.195 13.308521739130438 23
70 0.2 9.795 0.6059999999999999 31.073 8.195 12.490366666666668 30
80 0.3 10.085999999999999 1.4864523761852124 31.073 8.195 12.321906250000001 32
90 2.2 10.582363636363638 3.8351450315761393 31.073 8.109 12.130257142857143 35
100 1 10.4505 2.7268062362404852 31.073 8.109 11.53282456140351 57
110 0 0 0 31.073 8.109 11.371283582089553 67
120 0 0 0 31.073 8.109 11.371283582089553 67
130 2.4 12.114833333333332 4.731273398591782 31.073 8.109 11.371283582089553 67
140 4.2 11.732785714285715 6.8923250985139575 44.826 8.02 11.567384615384617 91
150 0.8 10.003625000000001 1.5441508133517914 44.826 8.02 11.619616541353384 133
160 0 0 0 44.826 8.02 11.527929078014186 141
170 0 0 0 44.826 8.02 11.527929078014186 141
180 3.8 33.02386842105263 51.14506639383759 288.686 8.02 11.527929078014186 141
190 7.9 60.91720253164558 64.05760955960368 291.646 8.02 16.091312849162012 179
200 1.5 33.09133333333333 20.50627608535711 291.646 8.02 29.817069767441865 258
210 0 0 0 291.646 8.02 29.996974358974363 273
220 0 0 0 291.646 8.02 29.996974358974363 273
227 0 0 0 291.646 8.02 29.996974358974363 273
