10 0.2 13.215 2.4510000000000005 15.666 10.764 0 0
20 0.2 10.2965 0.21550000000000047 15.666 10.081 13.215 2
30 0 0 0 15.666 10.081 11.755749999999999 4
40 0 0 0 15.666 10.081 11.755749999999999 4
50 0.9 9.354333333333335 0.837534211573209 15.666 8.008 11.755749999999999 4
60 1 9.0545 0.5405301564205276 15.666 8.008 10.093230769230768 13
70 0 0 0 15.666 8.008 9.641608695652174 23
80 0 0 0 15.666 8.008 9.641608695652174 23
90 1.3 11.941076923076924 7.345197294952339 35.629 8.008 9.641608695652174 23
100 1.4 9.516428571428573 2.4831034934500154 35.629 7.84 10.471972222222222 36
110 0.7 8.993857142857143 0.30509362898785525 35.629 7.84 10.20442 50
120 0 0 0 35.629 7.84 10.055754385964914 57
130 0.6 9.425500000000001 1.2992818208533512 35.629 7.84 10.055754385964914 57
140 4 12.022225000000004 6.710393656438869 41.072 7.84 9.99573015873016 63
150 2.8 9.200714285714286 1.2822009497384583 41.072 7.541 10.782718446601946 103
160 0 0 0 41.072 7.541 10.444580152671758 131
170 0.1 8.938 0.0 41.072 7.541 10.444580152671758 131
180 1.6 30.182625 36.431604994624855 157.188 7.541 10.433166666666668 132
190 6.6 52.33830303030307 54.10907492726087 276.322 7.541 12.568243243243245 148
200 7 18.43531428571429 12.983098306801871 276.322 7.541 24.83377570093459 214
210 0.5 10.8508 4.59750425339662 276.322 7.541 23.25669014084508 284
220 0 0 0 276.322 7.541 23.04205536332181 289
227 0 0 0 276.322 7.541 23.04205536332181 289
