10 0.2 8.3215 0.04449999999999976 8.366 8.277 0 0
20 0.3 8.482333333333335 0.525180180721077 9.023 7.771 8.3215 2
30 0.1 21.383 0.0 21.383 7.771 8.418000000000001 5
40 0 0 0 21.383 7.771 10.578833333333334 6
50 0.2 16.123 8.834 24.957 7.289 10.578833333333334 6
60 0.4 7.5085 0.41813484667030554 24.957 7.005 11.964875 8
70 0.3 7.853000000000001 0.5168907041145155 24.957 7.005 10.479416666666665 12
80 0 0 0 24.957 7.005 9.954133333333333 15
90 0.5 7.2856000000000005 0.1571287370279544 24.957 6.997 9.954133333333333 15
100 1.6 7.708562499999999 1.1377330513322315 24.957 6.322 9.286999999999999 20
110 0.5 7.509399999999999 0.19712087662142772 24.957 6.322 8.585472222222222 36
120 0.1 7.933 0.0 24.957 6.322 8.454243902439025 41
130 0.1 21.937 0.0 24.957 6.322 8.441833333333333 42
140 1.3 8.175538461538462 2.3063001210858727 24.957 6.322 8.755674418604652 43
150 2.1 8.448380952380953 2.818841732346487 24.957 6.221 8.621 56
160 0.3 7.765000000000001 0.4159190626391948 24.957 6.221 8.573922077922077 77
170 0.1 12.319 0.0 24.957 6.221 8.5435875 80
180 0.3 35.89333333333334 3.3874381995182667 40.627 6.221 8.590197530864197 81
190 2.2 38.294363636363634 35.85592969287641 173.459 6.221 9.565309523809523 84
200 4.5 12.714822222222221 8.861727810682138 173.459 6.221 15.527943396226416 106
210 1 7.4018 0.3632687159665692 173.459 6.221 14.689596026490065 151
220 0.2 7.385 0.10400000000000009 173.459 6.221 14.236937888198756 161
227 0 0 0 173.459 6.221 14.152865030674846 163
