0 0.2 102.59899999999999 45.946999999999996 148.546 56.652 0 0
10 1 73.2545 13.678369816977458 148.546 54.778 102.59899999999999 2
20 1 65.12059999999998 7.636703545378713 148.546 54.778 78.14524999999999 12
30 0.2 56.422 0.4019999999999957 148.546 54.778 72.22495454545452 22
40 0 0 0 148.546 54.778 70.90804166666665 24
50 1.3 63.25784615384615 6.409287610073295 148.546 54.778 70.90804166666665 24
60 1.8 61.89183333333334 6.024432211604859 148.546 53.171 68.22013513513512 37
70 0.9 62.446 6.527260970558616 148.546 53.171 66.14905454545453 55
80 0.3 68.85733333333333 3.339855319554359 148.546 53.171 65.62831249999999 64
90 2.5 68.63259999999998 12.955198928615493 148.546 53.171 65.77289552238805 67
100 3.4 68.84158823529411 24.684072995637873 197.926 53.171 66.54998913043478 92
110 0.8 65.5145 17.559353191390624 197.926 53.171 67.16835714285715 126
120 0 0 0 197.926 53.171 67.06961940298507 134
130 2.2 78.44613636363637 32.35889204235333 197.926 53.171 67.06961940298507 134
140 8.2 73.91918292682925 21.4263972234889 197.926 53.171 68.674 156
150 4.3 64.1565581395349 12.657243419908056 197.926 53.09 70.48116386554622 238
160 0.1 55.379 0.0 197.926 53.09 69.51334163701067 281
170 0 0 0 197.926 53.09 69.46321985815602 282
180 3.6 175.33525 158.78520842939145 802.242 53.09 69.46321985815602 282
190 12.2 263.5432622950819 123.68604195617084 802.242 53.09 81.4487327044025 318
200 9.8 145.4746938775511 94.96917330090488 802.242 53.09 131.93857954545453 440
210 0.8 64.058875 19.05221472321197 802.242 53.09 134.4042657992565 538
220 0 0 0 802.242 53.09 133.3735641025641 546
227 0 0 0 802.242 53.09 133.3735641025641 546
