20 0.3 10.19 0.4077376607575025 10.74 9.765 0 0
30 0.1 11.346 0.0 11.346 9.765 10.19 3
40 0 0 0 11.346 9.765 10.479 4
50 0.3 17.278666666666666 10.92601099314028 32.713 8.927 10.479 4
60 1.1 11.05418181818182 2.5652594346268653 32.713 8.927 13.393142857142857 7
70 0.4 10.183 0.3730730491472147 32.713 8.927 11.963777777777779 18
80 0.1 11.801 0.0 32.713 8.927 11.640000000000002 22
90 0.6 11.0755 0.515112851713098 32.713 8.927 11.647000000000002 23
100 1.7 10.631529411764705 2.8341906224580353 32.713 8.927 11.528758620689658 29
110 0.9 10.13411111111111 0.5023224826177007 32.713 8.927 11.19717391304348 46
120 0.2 10.291 0.06199999999999983 32.713 8.927 11.023218181818182 55
130 0.2 9.957 1.068000000000001 32.713 8.889 10.997526315789475 57
140 2.8 11.398357142857146 3.0578730728386745 32.713 8.889 10.962254237288136 59
150 4 10.866175 2.2081425552656238 32.713 8.633 11.1026091954023 87
160 0.4 16.80475 10.639894251706638 35.227 8.633 11.028141732283466 127
170 0.1 11.187 0.0 35.227 8.633 11.204526717557252 131
180 0.5 64.9292 70.99287874540657 203.736 8.633 11.20439393939394 132
190 4.7 60.74170212765956 63.61192396549661 281.024 8.633 13.165153284671533 137
200 8 25.362262499999993 24.35977208624074 281.024 8.633 25.31785869565217 184
210 2.2 10.924727272727273 2.818151847347965 281.024 8.633 25.33131439393939 264
220 0.2 13.4695 3.1565 281.024 8.633 24.22311538461538 286
227 0.1 24.903 0.0 281.024 8.633 24.148437499999996 288
