0 5.4 51.24064814814815 60.866466786259785 249.801 5.072 0 0
10 9.6 328.9220937499998 1110.3546027770353 5984.799 4.596 51.24064814814815 54
20 7.4 1281.637418918919 3065.553242933519 10332.472 4.596 228.95677333333322 150
30 1.9 2364.332105263158 3833.993007656802 10332.472 4.596 576.7173437499998 224
40 1.5 5115.577266666666 3777.051835515551 10546.99 4.596 716.4896913580245 243
50 0.2 990.5840000000001 975.2810000000001 10546.99 4.596 972.2505968992248 258
60 2.9 95.35203448275857 296.5767615306926 10546.99 4.596 972.391623076923 260
70 20.7 109.82789855072467 401.3137534637622 10546.99 4.326 884.3841903114186 289
80 15.5 248.91609677419365 1005.5868647582336 10546.99 4.326 561.1318669354838 496
90 6.4 1011.018703125 3427.217041383594 16294.512 4.326 486.7947788018432 651
100 3.2 6861.085312500001 8212.012052749134 18197.806 4.326 533.7183188811188 715
110 1.8 7433.4558333333325 7397.156670327482 18197.806 4.326 804.7701847389558 747
120 1.3 5727.505615384614 5361.289099953158 18197.806 4.326 960.7392588235293 765
130 7.4 769.8507702702706 2318.491455662359 18197.806 4.326 1040.3895964010283 778
140 34 196.89006176470576 358.4429800264231 18197.806 4.131 1016.8920927230048 852
150 33.5 167.52869552238812 687.8770000918681 18197.806 4.131 782.9988959731544 1192
160 13 421.040123076923 1985.5780652641693 18197.806 4.131 647.9743267845449 1527
170 4.3 3978.5996279069773 9340.779562234002 30020.244 4.131 630.1701949305975 1657
180 2.4 17256.95804166667 17264.97166259362 37987.237 4.131 714.8657629411765 1700
190 2.4 17775.949625000005 17799.273189657873 39479.982 4.131 945.1501102088167 1724
200 1.1 16579.998272727273 18247.63724524747 41798.587 4.131 1176.236602402746 1748
210 0.9 19717.615333333335 17661.46548116789 41798.587 4.131 1272.5648447981807 1759
220 1.8 24516.03188888889 17387.665621153457 41798.587 4.131 1366.4593325791857 1768
230 2.6 15363.98969230769 17927.13913084667 41798.587 4.131 1599.7696942889138 1786
240 0.9 26784.95533333333 14375.30525302909 41798.587 4.131 1797.2695397350992 1812
250 0.6 31256.811999999994 1330.4726199368633 41798.587 4.131 1920.7671630971993 1821
256 1.9 27596.28863157895 3767.970337265455 41798.587 4.131 2017.1088538587846 1827
