10 0.1 1523 0 1523 1523 0 0
20 0.1 310.0 0.0 1523 310 1523.0 1
30 0.1 230.0 0.0 1523 230 916.5 2
40 0.1 106.0 0.0 1523 106 687.6666666666666 3
50 0.1 72.0 0.0 1523 72 542.25 4
60 0.1 23.0 0.0 1523 23 448.2 5
70 0.1 190.0 0.0 1523 23 377.3333333333333 6
80 0.1 717.0 0.0 1523 23 350.57142857142856 7
90 0.1 477.0 0.0 1523 23 396.375 8
100 0.1 228.0 0.0 1523 23 405.3333333333333 9
110 0.1 117.0 0.0 1523 23 387.6 10
120 0.1 98.0 0.0 1523 23 363.0 11
130 0.1 63.0 0.0 1523 23 340.9166666666667 12
140 0.1 429.0 0.0 1523 23 319.53846153846155 13
150 0.1 1282.0 0.0 1523 23 327.35714285714283 14
160 0.1 894.0 0.0 1523 23 391.0 15
170 0.1 452.0 0.0 1523 23 422.4375 16
180 0.1 144.0 0.0 1523 23 424.1764705882353 17
190 0.1 113.0 0.0 1523 23 408.6111111111111 18
200 0.1 110.0 0.0 1523 23 393.05263157894734 19
210 0.1 42.0 0.0 1523 23 378.9 20
220 0.1 45.0 0.0 1523 23 362.85714285714283 21
230 0.1 110.0 0.0 1523 23 348.4090909090909 22
240 0.1 93.0 0.0 1523 23 338.0434782608695 23
250 0.1 62.0 0.0 1523 23 327.83333333333326 24
256 0.1 66.0 0.0 1523 23 317.19999999999993 25
