0 20.078125 20.078125
10 44.33828125 64.41640625
20 31.79453125 96.2109375
30 9.4140625 105.625
40 4.21328125 109.83828125
50 0.53828125 110.3765625
60 8.121875 118.4984375
70 81.37734375 199.87578125
80 75.946875 275.82265625
90 29.68203125 305.5046875
100 13.6546875 319.159375
110 6.9375 326.096875
120 5.81875 331.915625
130 19.46796875 351.38359375
140 136.18828125 487.571875
150 159.3296875 646.9015625
160 62.59140625 709.49296875
170 20.9359375 730.42890625
180 10.30078125 740.7296875
190 13.2375 753.9671875
200 4.9296875 758.896875
210 4.32578125 763.22265625
220 6.25390625 769.4765625
230 13.62421875 783.10078125
240 2.83984375 785.940625
250 0 785.940625
256 0 785.940625
