0 0.7 3095.504 1443.521409723854 5843.392 1374.413 0 0
10 1.9 4351.191263157895 2557.82578122594 11128.908 941.764 3095.504 7
20 0.4 7112.4442500000005 3617.9506173857167 11128.908 941.764 4013.121615384616 26
30 0 0 0 11128.908 941.764 4426.364633333334 30
40 0 0 0 11128.908 941.764 4426.364633333334 30
50 0 0 0 11128.908 941.764 4426.364633333334 30
60 0.2 1234.7155 59.234500000000025 11128.908 941.764 4426.364633333334 30
70 3.2 3186.8814374999993 1715.2696994043665 11128.908 941.764 4226.886562500001 32
80 2.3 4806.47691304348 2729.0025131474704 11128.908 941.764 3706.884 64
90 0.3 9660.749000000002 2672.459398640884 13198.473 941.764 3997.5809770114947 87
100 0 0 0 13198.473 941.764 4186.3532444444445 90
110 0 0 0 13198.473 941.764 4186.3532444444445 90
120 0 0 0 13198.473 941.764 4186.3532444444445 90
130 0.6 1608.9698333333336 808.3029137382877 13198.473 476.384 4186.3532444444445 90
140 5.3 4129.604603773585 2478.026600447564 13198.473 476.384 4025.2667812500003 96
150 5.4 5365.543981481482 2928.5867992249905 14517.793 476.384 4062.380234899329 149
160 0.7 11048.481142857143 5622.334723859434 21009.189 476.384 4409.0346305418725 203
170 0 0 0 21009.189 476.384 4630.3495142857155 210
180 0 0 0 21009.189 476.384 4630.3495142857155 210
190 0 0 0 21009.189 476.384 4630.3495142857155 210
200 0 0 0 21009.189 476.384 4630.3495142857155 210
210 0 0 0 21009.189 476.384 4630.3495142857155 210
220 0 0 0 21009.189 476.384 4630.3495142857155 210
230 0 0 0 21009.189 476.384 4630.3495142857155 210
240 0 0 0 21009.189 476.384 4630.3495142857155 210
250 0 0 0 21009.189 476.384 4630.3495142857155 210
256 0 0 0 21009.189 476.384 4630.3495142857155 210
