60 0.2 16.548000000000002 3.0189999999999992 19.567 13.529 0 0
70 0.1 37.958 0.0 37.958 13.529 16.548000000000002 2
80 0 0 0 37.958 13.529 23.68466666666667 3
90 0 0 0 37.958 13.529 23.68466666666667 3
100 0 0 0 37.958 13.529 23.68466666666667 3
110 0 0 0 37.958 13.529 23.68466666666667 3
120 0 0 0 37.958 13.529 23.68466666666667 3
130 0.5 20.7578 7.694477302585278 37.958 13.529 23.68466666666667 3
140 1.2 102.66175 115.96107217663247 315.267 13.529 21.855375000000002 8
150 0.1 194.779 0.0 315.267 13.529 70.3392 20
160 0 0 0 315.267 13.529 76.26490476190477 21
170 0 0 0 315.267 13.529 76.26490476190477 21
180 0 0 0 315.267 13.529 76.26490476190477 21
190 0 0 0 315.267 13.529 76.26490476190477 21
200 0 0 0 315.267 13.529 76.26490476190477 21
210 0 0 0 315.267 13.529 76.26490476190477 21
220 0 0 0 315.267 13.529 76.26490476190477 21
230 0 0 0 315.267 13.529 76.26490476190477 21
240 0 0 0 315.267 13.529 76.26490476190477 21
250 0 0 0 315.267 13.529 76.26490476190477 21
256 0 0 0 315.267 13.529 76.26490476190477 21
