10 0.4 10.454999999999998 2.0172114415697724 12.813 7.693 0 0
20 0.1 13.517 0.0 13.517 7.693 10.454999999999998 4
30 0 0 0 13.517 7.693 11.067399999999997 5
40 0 0 0 13.517 7.693 11.067399999999997 5
50 0 0 0 13.517 7.693 11.067399999999997 5
60 0 0 0 13.517 7.693 11.067399999999997 5
70 0.1 121.185 0.0 121.185 7.693 11.067399999999997 5
80 0.8 16.268500000000003 8.292204788233345 121.185 7.693 29.420333333333332 6
90 0.1 15.416 0.0 121.185 7.693 21.905 14
100 0 0 0 121.185 7.693 21.4724 15
110 0 0 0 121.185 7.693 21.4724 15
120 0 0 0 121.185 7.693 21.4724 15
130 0 0 0 121.185 7.693 21.4724 15
140 0.7 15.123000000000001 8.364933165133053 121.185 6.847 21.4724 15
150 1.7 75.23770588235294 111.14992353349474 426.156 6.847 19.452136363636363 22
160 0.3 12.696 2.3850426970322087 426.156 6.847 43.76892307692307 39
170 0 0 0 426.156 6.847 41.549428571428564 42
180 0 0 0 426.156 6.847 41.549428571428564 42
190 0 0 0 426.156 6.847 41.549428571428564 42
200 0 0 0 426.156 6.847 41.549428571428564 42
210 0 0 0 426.156 6.847 41.549428571428564 42
220 0 0 0 426.156 6.847 41.549428571428564 42
230 0 0 0 426.156 6.847 41.549428571428564 42
240 0 0 0 426.156 6.847 41.549428571428564 42
250 0 0 0 426.156 6.847 41.549428571428564 42
256 0 0 0 426.156 6.847 41.549428571428564 42
