10 0.5 5000.4164 720.7896892779751 5991.259 3955.081 0 0
20 0.5 8726.0948 1096.0790922457013 10339.316 3955.081 5000.4164 5
30 0 0 0 10339.316 3955.081 6863.255600000001 10
40 0.1 9440.809 0.0 10339.316 3955.081 6863.255600000001 10
50 0 0 0 10339.316 3955.081 7097.578636363637 11
60 0 0 0 10339.316 3955.081 7097.578636363637 11
70 0.4 2793.423 908.548766288855 10339.316 1573.98 7097.578636363637 11
80 0.1 3551.134 0.0 10339.316 1573.98 5949.8038 15
90 0.3 13765.653666666667 2275.5999364131544 16302.773 1573.98 5799.8869375 16
100 0.8 16549.819875 707.9966459245126 17847.665 1573.98 7057.639578947368 19
110 0 0 0 17847.665 1573.98 9870.137444444445 27
120 0 0 0 17847.665 1573.98 9870.137444444445 27
130 0 0 0 17847.665 1573.98 9870.137444444445 27
140 0.1 4724.841 0.0 17847.665 1573.98 9870.137444444445 27
150 0.1 12438.7 0.0 17847.665 1573.98 9686.376857142857 28
160 0.2 16208.849999999999 208.45200000000068 17847.665 1573.98 9781.284551724139 29
170 0.5 26468.6906 2239.791997675551 29309.942 1573.98 10195.96619354839 31
180 1.2 34475.87983333333 1923.6754296106712 37994.259 1573.98 12456.066805555556 36
190 1 35484.441000000006 2533.037603309867 39487.18 1573.98 17961.0200625 48
200 0.2 37254.674 963.5060000000012 39487.18 1573.98 20982.29953448276 58
210 0 0 0 39487.18 1573.98 21524.71201666667 60
220 0 0 0 39487.18 1573.98 21524.71201666667 60
230 0 0 0 39487.18 1573.98 21524.71201666667 60
240 0 0 0 39487.18 1573.98 21524.71201666667 60
250 0 0 0 39487.18 1573.98 21524.71201666667 60
256 0 0 0 39487.18 1573.98 21524.71201666667 60
