20 0.3 18.459999999999997 2.4413098942985503 21.701 15.809 0 0
30 0.1 22.773 0.0 22.773 15.809 18.459999999999997 3
40 0 0 0 22.773 15.809 19.538249999999998 4
50 0 0 0 22.773 15.809 19.538249999999998 4
60 0 0 0 22.773 15.809 19.538249999999998 4
70 0.4 16.308999999999997 1.071976678850804 22.773 15.077 19.538249999999998 4
80 0.4 21.82125 6.480164557131245 30.461 14.656 17.923624999999998 8
90 0.1 22.366 0.0 30.461 14.656 19.22283333333333 12
100 0 0 0 30.461 14.656 19.46461538461538 13
110 0 0 0 30.461 14.656 19.46461538461538 13
120 0 0 0 30.461 14.656 19.46461538461538 13
130 0 0 0 30.461 14.656 19.46461538461538 13
140 0.2 12.085 3.2449999999999997 30.461 8.84 19.46461538461538 13
150 0.5 54.00680000000001 53.503164906012806 157.06 8.84 18.480666666666664 15
160 0.2 17.5655 1.3324999999999996 157.06 8.84 27.3622 20
170 0.1 16.343 0.0 157.06 8.84 26.47159090909091 22
180 0 0 0 157.06 8.84 26.031217391304345 23
190 0 0 0 157.06 8.84 26.031217391304345 23
200 0 0 0 157.06 8.84 26.031217391304345 23
210 0 0 0 157.06 8.84 26.031217391304345 23
220 0 0 0 157.06 8.84 26.031217391304345 23
230 0 0 0 157.06 8.84 26.031217391304345 23
240 0 0 0 157.06 8.84 26.031217391304345 23
250 0 0 0 157.06 8.84 26.031217391304345 23
256 0 0 0 157.06 8.84 26.031217391304345 23
