0 0.1 12.905 0 12.905 12.905 0 0
10 0.1 45.934 0.0 45.934 12.905 12.905 1
20 0.8 21.474375000000002 8.141790127752927 45.934 12.905 29.4195 2
30 0 0 0 45.934 12.905 23.0634 10
40 0 0 0 45.934 12.905 23.0634 10
50 0 0 0 45.934 12.905 23.0634 10
60 0 0 0 45.934 12.905 23.0634 10
70 0.4 88.17725 70.68899246832918 159.289 12.905 23.0634 10
80 0.9 20.858666666666668 5.284807071008154 159.289 12.905 41.66735714285715 14
90 0.8 39.457625 50.22150565977064 172.203 12.905 33.52482608695653 23
100 0.1 19.145 0.0 172.203 12.905 35.05587096774194 31
110 0 0 0 172.203 12.905 34.558656250000006 32
120 0 0 0 172.203 12.905 34.558656250000006 32
130 0 0 0 172.203 12.905 34.558656250000006 32
140 0.5 100.1962 155.4672643039685 410.549 12.085 34.558656250000006 32
150 1.7 48.37864705882353 58.29492435673784 410.549 12.085 43.4285945945946 37
160 0.8 21.972125000000002 4.3093371716976385 410.549 12.085 44.98694444444445 54
170 0.2 20.3295 0.03249999999999886 410.549 12.085 42.01729032258065 62
180 0 0 0 410.549 12.085 41.339546875 64
190 0 0 0 410.549 12.085 41.339546875 64
200 0 0 0 410.549 12.085 41.339546875 64
210 0 0 0 410.549 12.085 41.339546875 64
220 0 0 0 410.549 12.085 41.339546875 64
230 0 0 0 410.549 12.085 41.339546875 64
240 0 0 0 410.549 12.085 41.339546875 64
250 0 0 0 410.549 12.085 41.339546875 64
256 0 0 0 410.549 12.085 41.339546875 64
