0 1 32.848000000000006 23.603009452186388 73.741 13.908 0 0
10 0.9 51.287666666666674 51.426871540513176 194.055 13.908 32.848000000000006 10
20 0 0 0 194.055 13.908 41.58257894736843 19
30 0 0 0 194.055 13.908 41.58257894736843 19
40 0 0 0 194.055 13.908 41.58257894736843 19
50 0 0 0 194.055 13.908 41.58257894736843 19
60 1 19.767599999999998 8.980299674287046 194.055 13.908 41.58257894736843 19
70 3.1 30.61506451612903 11.516827139046429 194.055 13.908 34.060172413793104 29
80 0 0 0 194.055 13.908 32.2802 60
90 0 0 0 194.055 13.908 32.2802 60
100 0 0 0 194.055 13.908 32.2802 60
110 0 0 0 194.055 13.908 32.2802 60
120 0 0 0 194.055 13.908 32.2802 60
130 2 36.558350000000004 73.1411315555584 354.225 13.908 32.2802 60
140 4.5 218.1661111111111 322.1330216291416 1313.679 13.258 33.3497375 80
150 0.4 83.39825000000002 61.79604135531256 1313.679 13.258 99.88363199999998 125
160 0 0 0 1313.679 13.258 99.37245736434107 129
170 0 0 0 1313.679 13.258 99.37245736434107 129
180 0 0 0 1313.679 13.258 99.37245736434107 129
190 0 0 0 1313.679 13.258 99.37245736434107 129
200 0 0 0 1313.679 13.258 99.37245736434107 129
210 0 0 0 1313.679 13.258 99.37245736434107 129
220 0 0 0 1313.679 13.258 99.37245736434107 129
230 0 0 0 1313.679 13.258 99.37245736434107 129
240 0 0 0 1313.679 13.258 99.37245736434107 129
250 0 0 0 1313.679 13.258 99.37245736434107 129
256 0 0 0 1313.679 13.258 99.37245736434107 129
