20 0.1 136.162 0 136.162 136.162 0 0
30 0.3 145.4946666666667 4.469266929697629 151.782 136.162 136.162 1
40 0 0 0 151.782 136.162 143.16150000000002 4
50 0 0 0 151.782 136.162 143.16150000000002 4
60 0 0 0 151.782 136.162 143.16150000000002 4
70 0.2 138.3965 3.1204999999999927 151.782 135.276 143.16150000000002 4
80 0.4 148.17 17.244711725627646 177.843 135.276 141.57316666666668 6
90 0.2 133.0455 2.440499999999993 177.843 130.605 144.2119 10
100 0.1 135.667 0.0 177.843 130.605 142.35083333333333 12
110 0 0 0 177.843 130.605 141.83669230769232 13
120 0 0 0 177.843 130.605 141.83669230769232 13
130 0 0 0 177.843 130.605 141.83669230769232 13
140 0.2 219.1825 70.3775 289.56 130.605 141.83669230769232 13
150 0.3 152.83266666666665 8.630477210959363 289.56 130.605 152.14946666666668 15
160 0.3 140.09733333333335 4.717276780328064 289.56 130.605 152.26333333333335 18
170 0.2 134.421 4.423999999999985 289.56 129.997 150.52533333333335 21
180 0 0 0 289.56 129.997 149.12495652173914 23
190 0 0 0 289.56 129.997 149.12495652173914 23
200 0 0 0 289.56 129.997 149.12495652173914 23
210 0 0 0 289.56 129.997 149.12495652173914 23
220 0 0 0 289.56 129.997 149.12495652173914 23
230 0 0 0 289.56 129.997 149.12495652173914 23
240 0 0 0 289.56 129.997 149.12495652173914 23
250 0 0 0 289.56 129.997 149.12495652173914 23
256 0 0 0 289.56 129.997 149.12495652173914 23
