0 0.1 12.819 0 12.819 12.819 0 0
10 0.1 43.649 0.0 43.649 12.819 12.819 1
20 0.8 33.318124999999995 3.7924437846031402 43.649 12.819 28.234 2
30 0 0 0 43.649 12.819 32.3013 10
40 0 0 0 43.649 12.819 32.3013 10
50 0 0 0 43.649 12.819 32.3013 10
60 0 0 0 43.649 12.819 32.3013 10
70 0.4 59.116499999999995 52.87233173172903 150.518 12.819 32.3013 10
80 0.9 33.65144444444444 7.228171570107725 150.518 12.819 39.96278571428571 14
90 0.8 38.878375 4.868692096895736 150.518 12.819 37.4931304347826 23
100 0.1 28.193 0.0 150.518 12.819 37.850612903225795 31
110 0 0 0 150.518 12.819 37.54881249999999 32
120 0 0 0 150.518 12.819 37.54881249999999 32
130 0 0 0 150.518 12.819 37.54881249999999 32
140 0.5 165.265 288.5951869487778 742.334 12.105 37.54881249999999 32
150 1.7 49.53405882352941 34.02833338034055 742.334 12.105 54.807756756756746 37
160 0.8 59.33562500000001 41.32829167452213 742.334 12.105 53.14751851851851 54
170 0.2 51.342 3.623999999999997 742.334 12.105 53.94598387096773 62
180 0 0 0 742.334 12.105 53.86460937499999 64
190 0 0 0 742.334 12.105 53.86460937499999 64
200 0 0 0 742.334 12.105 53.86460937499999 64
210 0 0 0 742.334 12.105 53.86460937499999 64
220 0 0 0 742.334 12.105 53.86460937499999 64
230 0 0 0 742.334 12.105 53.86460937499999 64
240 0 0 0 742.334 12.105 53.86460937499999 64
250 0 0 0 742.334 12.105 53.86460937499999 64
256 0 0 0 742.334 12.105 53.86460937499999 64
