10 0.2 260.2235 148.39550000000003 408.619 111.828 0 0
20 0.2 111.611 1.0390000000000015 408.619 110.572 260.2235 2
30 0.1 110.519 0.0 408.619 110.519 185.91725 4
40 0 0 0 408.619 110.519 170.8376 5
50 0 0 0 408.619 110.519 170.8376 5
60 0 0 0 408.619 110.519 170.8376 5
70 0.1 101.863 0.0 408.619 101.863 170.8376 5
80 0.2 104.6855 2.2295000000000016 408.619 101.863 159.34183333333337 6
90 0.5 162.7732 42.811592245091745 408.619 101.863 145.67775000000003 8
100 0.1 125.664 0.0 408.619 101.863 152.25292307692308 13
110 0.1 123.41 0.0 408.619 101.863 150.3537142857143 14
120 0 0 0 408.619 101.863 148.55746666666667 15
130 0 0 0 408.619 101.863 148.55746666666667 15
140 0.4 247.56475 97.64345547033605 408.619 89.003 148.55746666666667 15
150 1 208.3677 124.6090064690751 575.619 89.003 169.4011052631579 19
160 1.2 175.4434166666667 26.413667489446738 575.619 89.003 182.83786206896553 29
170 0 0 0 575.619 89.003 180.67363414634147 41
180 0 0 0 575.619 89.003 180.67363414634147 41
190 0.1 150.984 0.0 575.619 89.003 180.67363414634147 41
200 0 0 0 575.619 89.003 179.96673809523813 42
210 0 0 0 575.619 89.003 179.96673809523813 42
220 0 0 0 575.619 89.003 179.96673809523813 42
230 0 0 0 575.619 89.003 179.96673809523813 42
240 0 0 0 575.619 89.003 179.96673809523813 42
250 0 0 0 575.619 89.003 179.96673809523813 42
256 0 0 0 575.619 89.003 179.96673809523813 42
