0 0.6 79.33149999999999 57.02463391888924 169.189 18.936 0 0
10 1.4 42.90821428571429 9.659690960588835 169.189 18.936 79.33149999999999 6
20 0.9 63.890777777777785 49.9276292086362 203.985 18.936 53.8352 20
30 0.1 46.189 0.0 203.985 18.936 56.95589655172414 29
40 0 0 0 203.985 18.936 56.597 30
50 0 0 0 203.985 18.936 56.597 30
60 0.1 18.425 0.0 203.985 18.425 56.597 30
70 2.3 38.9838695652174 11.268931835898075 203.985 18.425 55.365645161290324 31
80 3 83.8038 102.37567632577574 453.204 18.425 48.38822222222222 54
90 0.6 48.67099999999999 4.771118597002872 453.204 18.425 61.03664285714285 84
100 0 0 0 453.204 18.425 60.21226666666666 90
110 0 0 0 453.204 18.425 60.21226666666666 90
120 0 0 0 453.204 18.425 60.21226666666666 90
130 0.1 18.863 0.0 453.204 18.425 60.21226666666666 90
140 4 214.181175 306.2878071830388 1340.831 17.712 59.75787912087912 91
150 6.5 130.00963076923077 135.9643927999668 1340.831 17.712 106.91003053435115 131
160 1.3 52.049923076923086 11.090969774214717 1340.831 17.712 114.57061224489796 196
170 0.1 78.542 0.0 1340.831 17.712 110.68176555023923 209
180 0 0 0 1340.831 17.712 110.52871904761906 210
190 0 0 0 1340.831 17.712 110.52871904761906 210
200 0 0 0 1340.831 17.712 110.52871904761906 210
210 0 0 0 1340.831 17.712 110.52871904761906 210
220 0 0 0 1340.831 17.712 110.52871904761906 210
230 0 0 0 1340.831 17.712 110.52871904761906 210
240 0 0 0 1340.831 17.712 110.52871904761906 210
250 0 0 0 1340.831 17.712 110.52871904761906 210
256 0 0 0 1340.831 17.712 110.52871904761906 210
