0 0.1 379613.1328125 0 379613.1328125 379613.1328125 0 0
10 0.1 379604.375 0.0 379613.1328125 379604.375 379613.1328125 1
20 0.1 379597.19921875 0.0 379613.1328125 379597.19921875 379608.75390625 2
30 0.1 379593.2890625 0.0 379613.1328125 379593.2890625 379604.90234375 3
40 0.1 379589.57421875 0.0 379613.1328125 379589.57421875 379601.9990234375 4
50 0.1 379593.609375 0.0 379613.1328125 379589.57421875 379599.5140625 5
60 0.1 379593.97265625 0.0 379613.1328125 379589.57421875 379598.5299479167 6
70 0.1 379594.45703125 0.0 379613.1328125 379589.57421875 379597.87890625 7
80 0.1 379594.578125 0.0 379613.1328125 379589.57421875 379597.451171875 8
90 0.1 379596.8671875 0.0 379613.1328125 379589.57421875 379597.13194444444 9
