0 6.1 54.92231147540985 55.042380026976765 188.064 4.568 0 0
10 9.5 188.5953789473684 421.8536646780724 3458.747 4.568 54.92231147540985 61
20 4.5 1358.8227555555554 2729.3493018777217 8192.765 4.568 136.32578205128206 156
30 1.4 3477.1598571428576 3942.175252888886 8526.455 4.568 410.0191343283582 201
40 0.7 5324.8009999999995 3400.315194433304 8718.274 4.568 609.7399255813954 215
50 0.2 6763.16 0.73700000000008 8718.274 4.568 758.4130225225225 222
60 0 0 0 8718.274 4.568 812.0268348214286 224
70 1.6 22533.3868125 29022.950834353276 60006.532 4.568 812.0268348214286 224
80 2.3 10490.93547826087 22718.699415553063 60016.105 4.568 2260.1175 240
90 0.1 154.936 0.0 60016.105 4.568 2979.922874524715 263
91 0 0 0 60016.105 4.568 2969.2221666666665 264
