0 1.2 53.07908333333334 16.188897962587063 105.869 45.086 0 0
10 0.7 263.7852857142857 109.91065048186613 382.923 45.086 53.07908333333334 12
20 0 0 0 382.923 45.086 130.7076842105263 19
30 0 0 0 382.923 45.086 130.7076842105263 19
40 0 0 0 382.923 45.086 130.7076842105263 19
50 0 0 0 382.923 45.086 130.7076842105263 19
60 0 0 0 382.923 45.086 130.7076842105263 19
70 0 0 0 382.923 45.086 130.7076842105263 19
80 0 0 0 382.923 45.086 130.7076842105263 19
90 0 0 0 382.923 45.086 130.7076842105263 19
91 0 0 0 382.923 45.086 130.7076842105263 19
