0 0.6 75.21250000000002 50.795263981169214 188.133 46.109 0 0
10 1.9 208.99663157894736 65.8243775489474 360.973 46.109 75.21250000000002 6
20 0.5 294.1742 53.057896510887055 360.973 46.109 176.88843999999997 25
30 0 0 0 360.973 46.109 196.43606666666665 30
40 0 0 0 360.973 46.109 196.43606666666665 30
50 0 0 0 360.973 46.109 196.43606666666665 30
60 0 0 0 360.973 46.109 196.43606666666665 30
70 0 0 0 360.973 46.109 196.43606666666665 30
80 0 0 0 360.973 46.109 196.43606666666665 30
90 0 0 0 360.973 46.109 196.43606666666665 30
91 0 0 0 360.973 46.109 196.43606666666665 30
