10 0.1 2172.371 0 2172.371 2172.371 0 0
20 0.3 7527.307 721.8059040356115 8192.998 2172.371 2172.371 1
30 0.5 8013.1302 274.00330577451075 8526.642 2172.371 6188.572999999999 4
40 0.5 7443.373799999999 715.8241129136122 8723.308 2172.371 7202.215888888889 9
50 0.2 6763.364 0.7470000000000709 8723.308 2172.371 7288.343714285715 14
60 0 0 0 8723.308 2172.371 7222.7212500000005 16
70 0 0 0 8723.308 2172.371 7222.7212500000005 16
80 0 0 0 8723.308 2172.371 7222.7212500000005 16
90 0 0 0 8723.308 2172.371 7222.7212500000005 16
91 0 0 0 8723.308 2172.371 7222.7212500000005 16
