0 3.3 33
10 7.4 107
20 4 147
30 1.2 159
40 1.2 171
50 11.6 287
60 13.9 426
70 3.9 465
80 1 475
90 15.1 626
100 28.8 914
110 14.4 1058
120 2.8 1086
130 6 1146
140 45.9 1605
150 53.8 2143
160 16.8 2311
170 3.1 2342
180 14.5 2487
190 93.2 3419
200 102.7 4446
210 40.3 4849
220 4.4 4893
230 35.4 5247
240 186.6 7113
250 204.3 9156
260 75.1 9907
270 14.1 10048
280 2.5 10073
290 0.4 10077
300 190.2 11979
310 439.8 16377
320 259 18967
330 58.3 19550
340 9.9 19649
350 9.6 19745
360 23.7 19982
370 8.9 20071
380 1.2 20083
390 391.5 23998
400 861.9 32617
410 527.6 37893
420 102 38913
430 9.5 39008
440 0.9 39017
450 0.5 39022
460 9.7 39119
470 33.8 39457
480 20.9 39666
490 5.5 39721
497 0.5 39726
