0 17 17
10 21 4
20 8 -13
30 1 -7
40 7 6
50 44 37
60 24 -20
70 8 -16
80 0 -8
90 69 69
100 80 11
110 22 -58
120 3 -19
130 41 38
140 185 144
150 111 -74
160 22 -89
170 2 -20
180 99 97
190 389 290
200 237 -152
210 40 -197
220 5 -35
230 241 236
240 755 514
250 451 -304
260 110 -341
270 20 -90
280 3 -17
290 0 -3
300 958 958
310 1410 452
320 562 -848
330 215 -347
340 155 -60
350 126 -29
360 60 -66
370 8 -52
380 1 -7
390 1967 1966
400 2744 777
410 1118 -1626
420 448 -670
430 365 -83
440 356 -9
450 353 -3
460 311 -42
470 148 -163
480 36 -112
490 5 -31
497 0 -5
