0 0.1 0.03427012773888349 0 0.03427012773888349 0.03427012773888349 0 0
10 0.1 0.015615077919238815 0.0 0.03427012773888349 0.015615077919238815 0.03427012773888349 1
20 0.1 0.04164150825542901 0.0 0.04164150825542901 0.015615077919238815 0.02494260282906115 2
30 0.1 0.018737898440590452 0.0 0.04164150825542901 0.015615077919238815 0.03050890463785044 3
40 0.1 0.010409185064901268 0.0 0.04164150825542901 0.010409185064901268 0.027566153088535442 4
50 0.1 0.012493492972410203 0.0 0.04164150825542901 0.010409185064901268 0.024134759483808606 5
60 0.1 0.0687185040189913 0.0 0.0687185040189913 0.010409185064901268 0.022194548398575542 6
70 0.1 0.035397124504179985 0.0 0.0687185040189913 0.010409185064901268 0.02884082777292065 7
80 0.1 0.008328821888143923 0.0 0.0687185040189913 0.008328821888143923 0.029660364864328066 8
90 0.1 0.0031231456322808335 0.0 0.0687185040189913 0.0031231456322808335 0.027290193422529828 9
100 0.1 0.06143273635985006 0.0 0.0687185040189913 0.0031231456322808335 0.02487348864350493 10
110 0.1 0.12700527800622533 0.0 0.12700527800622533 0.0031231456322808335 0.02819705661771812 11
120 0.1 0.044770680410224376 0.0 0.12700527800622533 0.0031231456322808335 0.03643107506676039 12
130 0.1 0.012493232832215883 0.0 0.12700527800622533 0.0031231456322808335 0.03707258317010377 13
140 0.1 0.01665747035490823 0.0 0.12700527800622533 0.0031231456322808335 0.035316915288826065 14
150 0.1 0.13849117509241424 0.0 0.13849117509241424 0.0031231456322808335 0.03407295229323155 15
160 0.1 0.1478458238760594 0.0 0.1478458238760594 0.0031231456322808335 0.040599091218180464 16
170 0.1 0.04372267332916927 0.0 0.1478458238760594 0.0031231456322808335 0.04690772255099687 17
180 0.1 0.008328735177454114 0.0 0.1478458238760594 0.0031231456322808335 0.04673077537200645 18
190 0.1 0.022907599075366002 0.0 0.1478458238760594 0.0031231456322808335 0.044709615361766854 19
200 0.1 0.3363111971845651 0.0 0.3363111971845651 0.0031231456322808335 0.04361951454744681 20
210 0.1 0.44663772370927945 0.0 0.44663772370927945 0.0031231456322808335 0.057557213720642916 21
220 0.1 0.14058838844051028 0.0 0.44663772370927945 0.0031231456322808335 0.07524269144739913 22
230 0.1 0.023945612226837828 0.0 0.44663772370927945 0.0031231456322808335 0.07808380870796919 23
240 0.1 0.15510493004663556 0.0 0.44663772370927945 0.0031231456322808335 0.07582805052125538 24
250 0.1 0.7422057981574975 0.0 0.7422057981574975 0.0031231456322808335 0.07899912570227059 25
260 0.1 0.7359906725934563 0.0 0.7422057981574975 0.0031231456322808335 0.10450707464285625 26
270 0.1 0.2207551492179853 0.0 0.7422057981574975 0.0031231456322808335 0.12789535604843402 27
280 0.1 0.06245706077072013 0.0 0.7422057981574975 0.0031231456322808335 0.13121177723306085 28
290 0.1 0.017698009494461566 0.0 0.7422057981574975 0.0031231456322808335 0.12884092494125599 29
300 0.1 0.010411027360179903 0.0 0.7422057981574975 0.0031231456322808335 0.1251361610930295 30
310 0.1 0.7536877609019269 0.0 0.7536877609019269 0.0031231456322808335 0.1214353503274537 31
320 0.1 1.873212335534869 0.0 1.873212335534869 0.0031231456322808335 0.141193238157906 32
330 0.1 1.1767521225237223 0.0 1.873212335534869 0.0031231456322808335 0.1936786653511473 33
340 0.1 0.22388836821826513 0.0 1.873212335534869 0.0031231456322808335 0.22259259056210537 34
350 0.1 0.04684767219122179 0.0 1.873212335534869 0.0031231456322808335 0.2226296127808528 35
360 0.1 0.04580804347599762 0.0 1.873212335534869 0.0031231456322808335 0.21774678109780748 36
370 0.1 0.10515466064196399 0.0 1.873212335534869 0.0031231456322808335 0.21309978818910993 37
380 0.1 0.0426776587660952 0.0 1.873212335534869 0.0031231456322808335 0.21025912693786925 38
390 0.1 0.03747774758737 0.0 1.873212335534869 0.0031231456322808335 0.20596216621551605 39
400 0.1 1.706921300630344 0.0 1.873212335534869 0.0031231456322808335 0.20175005574981242 40
410 0.1 4.622769921343294 0.0 4.622769921343294 0.0031231456322808335 0.23846154952738638 41
420 0.1 3.0784580687404515 0.0 4.622769921343294 0.0031231456322808335 0.3428498440944318 42
430 0.1 0.5256638457775141 0.0 4.622769921343294 0.0031231456322808335 0.4064686400164323 43
440 0.1 0.05414241537644597 0.0 4.622769921343294 0.0031231456322808335 0.40917762196554786 44
450 0.1 0.009369339357471527 0.0 4.622769921343294 0.0031231456322808335 0.40128795070801226 45
460 0.1 0.01665799062988027 0.0 4.622769921343294 0.0031231456322808335 0.39276798089604403 46
470 0.1 0.12601672585634094 0.0 4.622769921343294 0.0031231456322808335 0.384765640677615 47
480 0.1 0.24890907007988003 0.0 4.622769921343294 0.0031231456322808335 0.3793750382855052 48
490 0.1 0.11246017035633213 0.0 4.622769921343294 0.0031231456322808335 0.3767124675057985 49
497 0.1 0.035392334436741404 0.0 4.622769921343294 0.0031231456322808335 0.37142742156280917 50
