0 0 0
10 1 10
20 1.4 24
30 0.5 29
40 0.1 30
50 0.5 35
60 2.8 63
70 1.7 80
80 0.7 87
90 0.3 90
100 3.2 122
110 5.9 181
120 1.8 199
130 0.3 202
140 2.2 224
150 10.4 328
160 8.7 415
170 1.8 433
180 0.2 435
190 3.3 468
200 20.7 675
210 19.5 870
220 3.3 903
230 0.5 908
240 10.4 1012
250 42.9 1441
260 32.8 1769
270 8.2 1851
280 1.4 1865
290 0.3 1868
300 2.2 1890
310 45.2 2342
320 84.3 3185
330 32.9 3514
340 5.6 3570
350 3 3600
360 6.7 3667
370 5 3717
380 0.7 3724
390 3.6 3760
400 82.9 4589
410 174 6329
420 66.2 6991
430 8 7071
440 0.8 7079
450 0.3 7082
460 4.4 7126
470 16.1 7287
480 11.2 7399
490 3.1 7430
497 0.5 7435
