0 0.1 0.078125 0 0.078125 0.078125 0 0
10 0.1 0.1484375 0.0 0.1484375 0.078125 0.078125 1
20 0.1 0.12109375 0.0 0.1484375 0.078125 0.11328125 2
30 0.1 0.1015625 0.0 0.1484375 0.078125 0.11588541666666667 3
40 0.1 0.08984375 0.0 0.1484375 0.078125 0.1123046875 4
50 0.1 0.0703125 0.0 0.1484375 0.0703125 0.1078125 5
60 0.1 0.05859375 0.0 0.1484375 0.05859375 0.1015625 6
70 0.1 0.05078125 0.0 0.1484375 0.05078125 0.09542410714285714 7
80 0.1 0.0390625 0.0 0.1484375 0.0390625 0.08984375 8
90 0.1 0.0390625 0.0 0.1484375 0.0390625 0.0842013888888889 9
100 0.1 0.03125 0.0 0.1484375 0.03125 0.0796875 10
110 0.1 0.01953125 0.0 0.1484375 0.01953125 0.07528409090909091 11
120 0.1 0.01953125 0.0 0.1484375 0.01953125 0.07063802083333333 12
130 0.1 0.01953125 0.0 0.1484375 0.01953125 0.06670673076923077 13
140 0.1 0.01171875 0.0 0.1484375 0.01171875 0.06333705357142858 14
150 0.1 0.01171875 0.0 0.1484375 0.01171875 0.059895833333333336 15
160 0.1 0.01171875 0.0 0.1484375 0.01171875 0.056884765625 16
170 0.1 0.01171875 0.0 0.1484375 0.01171875 0.05422794117647059 17
180 0.1 0.01171875 0.0 0.1484375 0.01171875 0.05186631944444445 18
190 0.1 0.0 0.0 0.1484375 0.0 0.04975328947368421 19
200 0.1 0.0 0.0 0.1484375 0.0 0.047265625 20
210 0.1 0.0 0.0 0.1484375 0.0 0.04501488095238095 21
220 0.1 0.0 0.0 0.1484375 0.0 0.04296875 22
230 0.1 0.0 0.0 0.1484375 0.0 0.04110054347826087 23
240 0.1 0.0 0.0 0.1484375 0.0 0.039388020833333336 24
250 0.1 0.0703125 0.0 0.1484375 0.0 0.0378125 25
260 0.1 0.140625 0.0 0.1484375 0.0 0.0390625 26
270 0.1 0.12109375 0.0 0.1484375 0.0 0.04282407407407408 27
280 0.1 0.1015625 0.0 0.1484375 0.0 0.045619419642857144 28
290 0.1 0.078125 0.0 0.1484375 0.0 0.047548491379310345 29
300 0.1 0.0703125 0.0 0.1484375 0.0 0.048567708333333334 30
310 0.1 0.2109375 0.0 0.2109375 0.0 0.04926915322580645 31
320 0.1 0.41015625 0.0 0.41015625 0.0 0.0543212890625 32
330 0.1 0.890625 0.0 0.890625 0.0 0.06510416666666667 33
340 0.1 0.75 0.0 0.890625 0.0 0.08938419117647059 34
350 0.1 0.640625 0.0 0.890625 0.0 0.10825892857142858 35
360 0.1 0.5390625 0.0 0.890625 0.0 0.123046875 36
370 0.1 0.44921875 0.0 0.890625 0.0 0.13429054054054054 37
380 0.1 0.37890625 0.0 0.890625 0.0 0.142578125 38
390 0.1 0.3203125 0.0 0.890625 0.0 0.1486378205128205 39
400 0.1 0.6796875 0.0 0.890625 0.0 0.1529296875 40
410 0.1 1.5 0.0 1.5 0.0 0.16577743902439024 41
420 0.1 1.26953125 0.0 1.5 0.0 0.19754464285714285 42
430 0.1 1.0703125 0.0 1.5 0.0 0.22247456395348839 43
440 0.1 0.91015625 0.0 1.5 0.0 0.24174360795454544 44
450 0.1 0.76953125 0.0 1.5 0.0 0.2565972222222222 45
460 0.1 0.6484375 0.0 1.5 0.0 0.2677479619565217 46
470 0.1 0.55078125 0.0 1.5 0.0 0.27584773936170204 47
480 0.1 0.4609375 0.0 1.5 0.0 0.28157552083333326 48
490 0.1 0.390625 0.0 1.5 0.0 0.28523596938775503 49
497 0.1 0.328125 0.0 1.5 0.0 0.28734374999999995 50
