0 4.7 69.25785106382982 47.39748690437245 185.534 6.977 0 0
10 12.9 59.90590697674417 56.600293620248316 304.124 5.67 69.25785106382982 47
20 6.8 62.34242647058824 55.72764137732627 304.124 5.67 62.40330113636364 176
30 1.7 45.544411764705885 32.757771385192974 304.124 5.67 62.38633606557377 244
40 1.9 54.64663157894737 53.696526129144985 304.124 5.67 61.28935249042145 261
50 18 40.380372222222235 45.763131408497934 304.124 4.783 60.83859642857143 280
60 23.7 52.482864978902924 69.52683634455859 405.628 4.269 52.8332043478261 460
70 5.8 45.42793103448276 59.6785258810912 405.628 4.269 52.71407890961262 697
80 1.5 44.18193333333332 34.38160329879273 405.628 4.269 52.15434834437085 755
90 23.3 38.34430901287552 46.78881089794403 405.628 4.269 51.999041558441554 770
100 49.4 38.797840080971675 59.066078544218875 577.379 4.269 48.82700498504486 1003
110 22.6 37.71875663716815 75.13535932249489 654.229 4.269 45.51744756179025 1497
120 4 41.17605000000002 34.89172633300766 654.229 4.269 44.49452002321532 1723
130 7.5 29.59250666666666 37.83787201288266 654.229 4.259 44.41922858763472 1763
140 75.2 35.11461702127659 57.237188813813255 736.874 3.987 43.814220892274214 1838
150 91.3 40.58400219058057 106.76286305846388 1059.974 3.949 41.28831274131274 2590
160 25.7 60.462408560311275 169.08251338604484 1059.974 3.949 41.104745646588654 3503
170 4.5 26.878888888888877 17.07608014116982 1059.974 3.949 42.42786250000002 3760
180 18.3 25.866098360655734 39.78325724220012 1059.974 3.949 42.243971879106454 3805
190 153.5 36.26322410423456 74.95646822860665 1132.986 3.624 41.492429538615866 3988
200 176.3 51.457134429949065 179.92826760975848 1799.01 3.482 40.03908346912912 5523
210 60 63.722831666666586 255.58718198424333 1799.01 3.482 42.80191957178154 7286
220 7.1 75.02461971830986 281.19752341156754 1799.01 3.482 44.39367042860769 7886
230 45.6 28.44662719298247 42.996841916480776 1799.01 3.45 44.66698919190654 7957
240 316 43.047475632911535 105.0802051313303 2920.716 3.253 43.78781588018546 8413
250 342.2 82.07742285213334 443.67150563950395 5065.83 3.207 43.58566646504802 11573
260 114.7 167.87008195292097 737.4796327612424 5065.83 3.207 52.36984721573865 14995
270 20.1 165.66796019900517 712.8461148616382 5065.83 3.207 60.57693241234057 16142
280 3.6 123.90536111111108 613.6934842556064 5065.83 3.207 61.86943052071233 16343
290 0.6 21.357666666666663 6.174523049506649 5065.83 3.207 62.00578154954524 16379
300 292.8 37.4936772540983 92.14177858525322 5065.83 3.201 61.99089667378709 16385
310 755.5 51.92608590337504 168.5695016117777 8778.249 3.201 58.2769289597681 19313
320 415.8 74.45784632034652 533.5217108639139 15944.323 3.201 56.49113845466726 26868
330 80.6 300.5854702233251 2286.818776690201 24397.32 3.201 58.89897611680528 31026
340 14.4 4590.764743055556 10731.489842949639 32922.455 3.201 65.01858262126164 31832
350 15.3 9081.444568627448 15731.923331749995 39267.301 3.201 85.39972620090069 31976
360 40.5 8624.481471604948 15607.148845050971 42085.981 3.201 128.23936829655452 32129
370 14.6 22.464273972602737 5.608046257748647 42085.981 3.201 234.00496895555432 32534
380 1.9 28.469789473684212 9.825089112112003 42085.981 3.201 233.05989730722166 32680
390 599.6 40.46292228152098 56.87516412072855 42085.981 3.201 232.94101868558684 32699
400 1484 92.54901314016111 129.13232900515155 42085.981 3.201 203.11549430158945 38695
410 840.9 104.37627613271526 122.4071682705066 42085.981 3.201 172.46626332305956 53535
420 143.6 60.040432451253515 47.620590912570854 42085.981 3.201 163.2229354416892 61944
430 11.6 62.60200000000001 41.82970274239634 42085.981 3.201 160.88513054591348 63380
440 0.9 82.34944444444443 63.92570572523338 42085.981 3.201 160.70557839863926 63496
450 2.2 30010.61636363636 29998.814870829676 60033.124 3.201 160.6944736792378 63505
460 38.5 21357.402594805197 28725.048200034194 60052.032 2.162 171.03178350937392 63527
470 83.9 11878.898960667455 23901.63402155315 60060.037 2.071 298.6565294467393 63912
480 41.7 5187.299033573141 16849.093423382314 60060.037 2.061 448.7055387252705 64751
490 9.5 1903.1076210526303 10494.630032308249 60060.037 2.061 479.02706903695054 65168
497 1 8.7189 6.917985941731886 60060.037 2.061 481.100030017008 65263
