10 1 11028.5458 3124.370877745752 15310.049 5138.924 0 0
20 1.4 16267.41385714286 1775.2582158154526 18664.166 5138.924 11028.5458 10
30 0.5 20073.5112 2696.048150957797 24572.968 5138.924 14084.552166666668 24
40 0.1 36775.802 0.0 36775.802 5138.924 15117.13131034483 29
50 0.5 8271.117600000001 2925.752851312673 36775.802 5138.924 15839.087000000003 30
60 2.8 12845.02789285714 3225.6250928138866 36775.802 4926.456 14757.948514285717 35
70 1.7 17826.52276470589 4379.811964766785 36775.802 4926.456 13907.761571428573 63
80 0.7 25397.892 2451.70230700047 36775.802 4926.456 14740.498325000002 80
90 0.3 7210.207666666666 460.21177425350135 36775.802 4926.456 15597.989770114944 87
100 3.2 10698.142593750003 3346.6846807323063 36775.802 4926.456 15318.397033333333 90
110 5.9 15185.893559322038 4221.357119996859 36775.802 4926.456 14106.527016393444 122
120 1.8 23544.57938888889 4288.050308490821 36775.802 4926.456 14458.36472928177 181
130 0.3 29663.540666666668 4327.177382359877 36775.802 4926.456 15280.2333919598 199
140 2.2 9076.260818181821 2228.5591810856913 36775.802 3835.652 15493.846866336635 202
150 10.4 12328.530480769226 3807.0592875891098 36775.802 3835.652 14863.548236607143 224
160 8.7 17660.347172413803 4396.894955334238 36775.802 3835.652 14059.762118902438 328
170 1.8 24773.58722222222 2730.1541384860716 36775.802 3835.652 14814.583563855424 415
180 0.2 33093.5705 3440.8064999999997 36775.802 3835.652 15228.583715935336 433
190 3.3 8440.46781818182 2365.0809125503565 36775.802 3637.535 15310.721586206899 435
200 20.7 12618.097149758449 3599.0839610830594 36775.802 3637.535 14826.280615384618 468
210 19.5 18044.999584615365 4331.716638083182 36775.802 3637.535 14149.10435259259 675
220 3.3 27700.07954545454 5117.540832952857 38377.825 3637.535 15022.322249425282 870
230 0.5 33933.9368 4751.882396481729 43292.518 3637.535 15485.628994462895 903
240 10.4 8286.766855769234 2260.9169013764617 43292.518 3637.535 15587.216592511008 908
250 42.9 12656.056491841491 3537.000064929596 43292.518 3347.106 14836.972746047428 1012
260 32.8 18562.673908536577 4687.7978095174385 43292.518 3347.106 14187.692334489935 1441
270 8.2 26773.281682926827 4408.944369438342 43292.518 3347.106 14998.881682306384 1769
280 1.4 34675.47485714286 4174.2155069778755 46320.156 3347.106 15520.492055105346 1851
290 0.3 44484.282 1844.3771746023097 46320.156 3347.106 15664.282810723858 1865
300 2.2 6100.823363636365 1187.7428486368412 46320.156 3347.106 15710.567605995715 1868
310 45.2 10628.834696902657 3012.77393604156 46320.156 2698.35 15598.708149206346 1890
320 84.3 14859.30173309609 4068.593465338896 46320.156 2698.35 14639.535305294618 2342
330 32.9 21793.072519756835 4272.786049372057 46320.156 2698.35 14697.702683202511 3185
340 5.6 32073.831642857145 5817.293212473726 46320.156 2698.35 15362.010217700625 3514
350 3 48864.387733333344 5147.7333751881 56235.291 2698.35 15624.156436134452 3570
360 6.7 55782.73713432835 3982.9425212903416 66655.685 2698.35 15901.158363611108 3600
370 5 62561.31392000001 4803.01010228482 75358.64 2698.35 16629.83733215162 3667
380 0.7 71453.82771428571 4004.7195911136737 80012.581 2698.35 17247.694160075327 3717
390 3.6 7885.137916666666 12804.438185394883 83316.242 2698.35 17349.585388560685 3724
400 82.9 10848.029236429431 2909.5003250197656 83316.242 2645.362 17258.96833829787 3760
410 174 15092.701420114958 4073.5310514389 83316.242 2645.362 16100.83617106123 4589
420 66.2 21449.466359516624 4240.058481211494 83316.242 2645.362 15823.674776425978 6329
430 8 30115.650312499998 4259.956280309924 83316.242 2645.362 16356.39885424117 6991
440 0.8 41613.718375 4406.486054516197 83316.242 2645.362 16512.06850728327 7071
450 0.3 51057.42633333334 4781.293598197899 83316.242 2645.362 16540.435960163864 7079
460 4.4 71826.57386363637 2832.3623463759336 83316.242 2645.362 16555.057673114938 7082
470 16.1 77731.78833540373 4149.584402551811 87005.506 2645.362 16896.33562882402 7126
480 11.2 83278.57145535713 4638.678225502891 95329.858 2645.362 18240.442653080827 7287
490 3.1 90845.57800000001 4638.070496964884 104095.243 2645.362 19224.936561156912 7399
497 0.5 96503.1958 2734.164172941001 104095.243 2645.362 19523.75754158816 7430
