10 0.2 22.572499999999998 3.9925000000000024 26.565 18.58 0 0
20 0.4 25.90525 15.031028513960713 50.205 10.351 22.572499999999998 2
30 0 0 0 50.205 10.351 24.79433333333333 6
40 0 0 0 50.205 10.351 24.79433333333333 6
50 0.2 14.3735 4.810499999999999 50.205 9.563 24.79433333333333 6
60 0.7 14.584142857142856 5.102340931336501 50.205 7.885 22.189124999999997 8
70 0.2 11.3265 2.3315 50.205 7.885 18.64013333333333 15
80 0 0 0 50.205 7.885 17.779705882352943 17
90 0.3 11.678666666666665 3.664535471546457 50.205 7.748 17.779705882352943 17
100 1.3 10.504307692307691 3.668784757604777 50.205 7.56 16.86455 20
110 1.1 10.97181818181818 3.814675795069301 50.205 6.19 14.359000000000002 33
120 0.1 9.713 0.0 50.205 6.19 13.512204545454546 44
130 0 0 0 50.205 6.19 13.427777777777777 45
140 1.8 8.739944444444447 2.4735685753408125 50.205 5.882 13.427777777777777 45
150 2.6 9.329346153846153 5.472388284289016 50.205 5.882 12.088396825396826 63
160 0.7 7.742857142857142 1.1533520622914046 50.205 5.882 11.28238202247191 89
170 0 0 0 50.205 5.882 11.024291666666668 96
180 0 0 0 50.205 5.882 11.024291666666668 96
190 3.2 7.8785 2.518216519185751 50.205 5.211 11.024291666666668 96
200 5.6 8.282446428571431 2.9701160506406072 50.205 5.211 10.237843750000001 128
210 2.1 8.255142857142857 2.788349337369851 50.205 5.211 9.642722826086958 184
220 0 0 0 50.205 5.211 9.500580487804879 205
230 0 0 0 50.205 5.211 9.500580487804879 205
240 4.6 8.562673913043481 3.9856928537083833 50.205 5.211 9.500580487804879 205
250 11 9.701799999999997 8.754740912837402 90.696 5.049 9.328693227091636 251
260 3.2 10.643593749999999 10.571622217224322 90.696 5.049 9.442382271468144 361
270 0.4 10.45025 4.0943138237682755 90.696 5.049 9.540190839694656 393
280 0 0 0 90.696 5.049 9.549360201511334 397
290 0 0 0 90.696 5.049 9.549360201511334 397
300 1.4 8.855357142857143 3.7517054713659963 90.696 5.049 9.549360201511334 397
310 16.3 12.409515337423306 15.20300900001946 139.135 5.049 9.525720194647201 411
320 14.9 14.616234899328854 15.313607748459578 139.135 5.049 10.344637630662017 574
330 2.7 10.522333333333334 1.3589855148711594 139.135 5.049 11.224952973720606 723
340 0 0 0 139.135 5.049 11.199658666666664 750
350 0 0 0 139.135 5.049 11.199658666666664 750
360 0 0 0 139.135 5.049 11.199658666666664 750
370 0 0 0 139.135 5.049 11.199658666666664 750
380 0 0 0 139.135 5.049 11.199658666666664 750
390 4.2 14.025142857142853 26.914523865971933 139.135 5.049 11.199658666666664 750
400 35.5 32.85730422535214 46.895910661478986 371.764 5.049 11.349494949494948 792
410 29.6 26.074510135135128 42.39436139648896 422.465 5.049 18.006227550130784 1147
420 3.1 12.688387096774193 10.30017633947835 422.465 5.049 19.66125987525988 1443
430 0.1 9.857 0.0 422.465 5.049 19.51461194029851 1474
440 0 0 0 422.465 5.049 19.508064406779663 1475
450 0 0 0 422.465 5.049 19.508064406779663 1475
460 0 0 0 422.465 5.049 19.508064406779663 1475
470 0 0 0 422.465 5.049 19.508064406779663 1475
480 0 0 0 422.465 5.049 19.508064406779663 1475
490 0 0 0 422.465 5.049 19.508064406779663 1475
497 0 0 0 422.465 5.049 19.508064406779663 1475
