0 0.2 30.236 17.544 47.78 12.692 0 0
10 0.2 29.5295 15.3165 47.78 12.692 30.236 2
20 0 0 0 47.78 12.692 29.88275 4
30 0 0 0 47.78 12.692 29.88275 4
40 0 0 0 47.78 12.692 29.88275 4
50 0.9 14.835222222222221 4.564047710768681 47.78 9.996 29.88275 4
60 0 0 0 47.78 9.996 19.465230769230768 13
70 0 0 0 47.78 9.996 19.465230769230768 13
80 0 0 0 47.78 9.996 19.465230769230768 13
90 0.6 17.110666666666667 7.012663323509044 47.78 9.893 19.465230769230768 13
100 0.2 11.7605 1.0774999999999992 47.78 9.893 18.721684210526316 19
110 0 0 0 47.78 9.893 18.058714285714284 21
120 0 0 0 47.78 9.893 18.058714285714284 21
130 0.3 14.068666666666667 1.3012564014145025 47.78 9.893 18.058714285714284 21
140 1.4 12.297357142857146 2.809179407563275 47.78 9.327 17.55995833333333 24
150 0.6 12.948833333333333 4.419180973010973 47.78 9.327 15.621105263157894 38
160 0 0 0 47.78 9.327 15.256704545454545 44
170 0 0 0 47.78 9.327 15.256704545454545 44
180 1.4 11.826071428571428 2.8488256343444327 47.78 9.097 15.256704545454545 44
190 2.5 10.922599999999997 2.232033583976729 47.78 9.097 14.42862068965517 58
200 0.6 12.457166666666666 4.334258814632811 47.78 9.097 13.37259036144578 83
210 0 0 0 47.78 9.097 13.310876404494378 89
220 0 0 0 47.78 9.097 13.310876404494378 89
230 2.4 10.536791666666664 1.284143520638259 47.78 8.646 13.310876404494378 89
240 5.7 11.720999999999997 3.1498257651618125 47.78 7.991 12.721690265486721 113
250 1 18.199499999999997 10.51968044429107 47.78 7.991 12.386164705882349 170
260 0 0 0 47.78 7.991 12.709127777777773 180
270 0 0 0 47.78 7.991 12.709127777777773 180
280 0 0 0 47.78 7.991 12.709127777777773 180
290 0 0 0 47.78 7.991 12.709127777777773 180
300 10 13.281780000000003 12.815408666585705 133.121 7.991 12.709127777777773 180
310 7.6 24.117105263157903 31.956674365697623 170.717 7.991 12.913646428571427 280
320 0 0 0 170.717 7.991 15.30539606741573 356
330 0 0 0 170.717 7.991 15.30539606741573 356
340 0 0 0 170.717 7.991 15.30539606741573 356
350 0 0 0 170.717 7.991 15.30539606741573 356
360 0 0 0 170.717 7.991 15.30539606741573 356
370 0 0 0 170.717 7.991 15.30539606741573 356
380 0 0 0 170.717 7.991 15.30539606741573 356
390 19.7 15.716345177664962 17.684136599841892 170.717 7.991 15.30539606741573 356
400 15.6 54.62709615384616 72.50138645710366 530.365 7.991 15.451792043399632 553
410 0 0 0 530.365 7.991 24.07146403385049 709
420 0 0 0 530.365 7.991 24.07146403385049 709
430 0 0 0 530.365 7.991 24.07146403385049 709
440 0 0 0 530.365 7.991 24.07146403385049 709
450 0 0 0 530.365 7.991 24.07146403385049 709
460 0 0 0 530.365 7.991 24.07146403385049 709
470 0 0 0 530.365 7.991 24.07146403385049 709
480 0 0 0 530.365 7.991 24.07146403385049 709
490 0 0 0 530.365 7.991 24.07146403385049 709
497 0 0 0 530.365 7.991 24.07146403385049 709
