10 0.2 55.9965 0.9334999999999969 56.93 55.063 0 0
20 0.3 54.12533333333334 3.9635164802090688 57.987 48.676 55.9965 2
30 0.2 17.386 3.57 57.987 13.816 54.8738 5
40 0 0 0 57.987 13.816 44.163000000000004 7
50 0.3 14.888 3.5895548470527663 57.987 9.854 44.163000000000004 7
60 1 16.589000000000002 10.015888198257805 57.987 9.854 35.3805 10
70 0.4 16.884 6.748193091487528 57.987 9.854 25.98475 20
80 0.1 20.84 0.0 57.987 9.854 24.467958333333332 24
90 0 0 0 57.987 9.854 24.32284 25
100 1.8 15.666333333333334 8.312761487950654 57.987 9.147 24.32284 25
110 1.6 15.067125 5.857895418524899 57.987 8.926 20.699186046511628 43
120 0.1 28.224 0.0 57.987 8.926 19.171847457627116 59
130 0.1 13.878 0.0 57.987 8.926 19.322716666666665 60
140 0.9 11.178666666666665 3.1631064548074335 57.987 8.202 19.23345901639344 61
150 4.6 12.141565217391305 4.057328413431965 57.987 8.202 18.197842857142852 70
160 1.2 12.129 3.876647069311314 57.987 8.202 15.796215517241379 116
170 0.2 22.977 8.279 57.987 8.202 15.452414062499999 128
180 0 0 0 57.987 8.202 15.568176923076921 130
190 2.2 11.488954545454545 2.6845180789325487 57.987 8.202 15.568176923076921 130
200 7.1 12.86598591549296 3.2982771195804785 57.987 8.202 14.977763157894737 152
210 4.8 12.73258333333333 2.7422427320331964 57.987 8.202 14.305403587443946 223
220 0 0 0 57.987 8.202 14.026822878228781 271
230 0 0 0 57.987 8.202 14.026822878228781 271
240 5.6 15.493857142857149 5.253976002679751 57.987 8.202 14.026822878228781 271
250 16.6 19.223698795180727 14.706720114005206 141.905 8.202 14.278058103975535 327
260 6.9 21.844565217391306 13.11077360774614 141.905 8.202 15.943324543610549 493
270 1 18.912800000000004 4.3433300772563905 141.905 8.202 16.667854092526692 562
280 0 0 0 141.905 8.202 16.707101398601402 572
290 0 0 0 141.905 8.202 16.707101398601402 572
300 2.1 23.045761904761914 8.359346453747854 141.905 8.202 16.707101398601402 572
310 19.8 33.17225252525255 25.281718145145405 192.854 8.202 16.931573355817875 593
320 28.3 39.35560070671376 25.586464209591206 239.959 8.202 20.996876106194698 791
330 6.2 36.036 23.46926949053495 239.959 8.202 25.83441713221601 1074
340 0.4 37.94675 8.84065711287911 239.959 8.202 26.39119366197183 1136
350 0 0 0 239.959 8.202 26.431739473684207 1140
360 0 0 0 239.959 8.202 26.431739473684207 1140
370 0 0 0 239.959 8.202 26.431739473684207 1140
380 0 0 0 239.959 8.202 26.431739473684207 1140
390 2.2 29.263136363636363 6.02128939902904 239.959 8.202 26.431739473684207 1140
400 42.3 83.56265957446813 69.93291370262276 400.2 8.202 26.485345955249567 1162
410 56.1 84.04426916221026 65.82317528405012 596.066 8.202 41.7179665615142 1585
420 12.8 61.191726562499966 44.22761068338611 596.066 8.202 52.78276421248834 2146
430 0.4 46.181749999999994 6.096797617397186 596.066 8.202 53.25609190853121 2274
440 0 0 0 596.066 8.202 53.24366988586478 2278
450 0 0 0 596.066 8.202 53.24366988586478 2278
460 0 0 0 596.066 8.202 53.24366988586478 2278
470 0 0 0 596.066 8.202 53.24366988586478 2278
480 0 0 0 596.066 8.202 53.24366988586478 2278
490 0 0 0 596.066 8.202 53.24366988586478 2278
497 0 0 0 596.066 8.202 53.24366988586478 2278
