10 0.4 24.82725 11.702906527333283 43.215 10.755 0 0
20 0.1 13.923 0.0 43.215 10.755 24.82725 4
30 0 0 0 43.215 10.755 22.6464 5
40 0 0 0 43.215 10.755 22.6464 5
50 0.1 9.199 0.0 43.215 9.199 22.6464 5
60 0.4 26.34475 6.09053763534058 43.215 9.199 20.405166666666666 6
70 0.1 10.554 0.0 43.215 9.199 22.781 10
80 0 0 0 43.215 9.199 21.669454545454546 11
90 0 0 0 43.215 9.199 21.669454545454546 11
100 0.6 12.235166666666666 2.5809020010238455 43.215 8.824 21.669454545454546 11
110 0.5 10.9496 5.98539942192666 43.215 7.579 18.33970588235294 17
120 0 0 0 43.215 7.579 16.66013636363636 22
130 0 0 0 43.215 7.579 16.66013636363636 22
140 0.3 11.877333333333333 4.868345737745238 43.215 7.579 16.66013636363636 22
150 1.5 8.542466666666664 2.345401056441212 43.215 5.738 16.086199999999998 25
160 0.9 7.7043333333333335 1.349118642340662 43.215 5.738 13.257299999999997 40
170 0 0 0 43.215 5.738 12.237367346938772 49
180 0 0 0 43.215 5.738 12.237367346938772 49
190 0.6 7.6001666666666665 0.811913463505947 43.215 5.738 12.237367346938772 49
200 2.3 7.531608695652175 1.1903415563584892 43.215 5.738 11.731490909090907 55
210 1.1 9.250090909090908 5.005896204469021 43.215 5.607 10.4930641025641 78
220 0.1 7.313 0.0 43.215 5.607 10.33943820224719 89
230 0 0 0 43.215 5.607 10.305811111111108 90
240 3 11.680933333333334 22.21336895645403 130.977 5.607 10.305811111111108 90
250 5.2 8.323769230769228 3.5786624736892576 130.977 5.406 10.649591666666662 120
260 2.2 7.673545454545455 2.9656347891268298 130.977 5.406 9.946436046511623 172
270 0.1 7.495 0.0 130.977 5.406 9.688685567010305 194
280 0 0 0 130.977 5.406 9.677435897435892 195
290 0 0 0 130.977 5.406 9.677435897435892 195
300 1 8.626000000000001 3.563924325795934 130.977 5.406 9.677435897435892 195
310 8.6 9.054709302325584 5.6796357540968945 130.977 5.329 9.626146341463409 205
320 9.2 9.351347826086952 5.025881141509639 130.977 5.329 9.45726804123711 291
330 0.7 7.118571428571428 0.2621018652262934 130.977 5.329 9.431825065274149 383
340 0.3 8.282333333333332 0.6215391290086955 130.977 5.329 9.390305128205124 390
350 0 0 0 130.977 5.329 9.381847328244271 393
360 0 0 0 130.977 5.329 9.381847328244271 393
370 0 0 0 130.977 5.329 9.381847328244271 393
380 0 0 0 130.977 5.329 9.381847328244271 393
390 1.9 8.543526315789473 3.4787496902194928 130.977 5.329 9.381847328244271 393
400 18.6 18.03379569892473 27.17885614965101 234.761 5.329 9.34318689320388 412
410 14.9 15.857409395973166 25.139670487397908 238.343 5.329 12.046285953177255 598
420 1.7 7.883823529411765 1.450169289723835 238.343 5.329 12.806469879518074 747
430 0.2 8.780000000000001 1.4280000000000004 238.343 5.329 12.696934554973822 764
440 0 0 0 238.343 5.329 12.686707571801566 766
450 0 0 0 238.343 5.329 12.686707571801566 766
460 0 0 0 238.343 5.329 12.686707571801566 766
470 0 0 0 238.343 5.329 12.686707571801566 766
480 0 0 0 238.343 5.329 12.686707571801566 766
490 0 0 0 238.343 5.329 12.686707571801566 766
497 0 0 0 238.343 5.329 12.686707571801566 766
