0 0.1 143.967 0 143.967 143.967 0 0
10 0.5 116.78620000000001 17.722398013812914 143.967 96.182 143.967 1
20 0.2 108.9845 23.5865 143.967 85.398 121.31633333333333 6
30 0 0 0 143.967 85.398 118.233375 8
40 0 0 0 143.967 85.398 118.233375 8
50 0.6 135.66916666666663 31.36930653476773 181.337 85.398 118.233375 8
60 0.6 86.38666666666666 21.406349522720795 181.337 56.849 125.70585714285711 14
70 0.1 97.311 0.0 181.337 56.849 113.91009999999997 20
80 0 0 0 181.337 56.849 113.11966666666665 21
90 0.4 87.533 27.060146424215816 181.337 56.849 113.11966666666665 21
100 2.2 78.66649999999998 20.260771639595028 181.337 56.849 109.02579999999998 25
110 0.5 91.74680000000001 31.054760243157567 181.337 56.849 94.81506382978722 47
120 0.1 68.963 0.0 181.337 56.849 94.52003846153845 52
130 0 0 0 181.337 56.849 94.03783018867924 53
140 1.9 63.780210526315805 4.993288712482486 181.337 56.849 94.03783018867924 53
150 4 64.50977499999998 5.977428939299489 181.337 56.849 86.05318055555556 72
160 0.3 59.547333333333334 1.6263473047155563 181.337 56.849 78.35910714285714 112
170 0.1 66.864 0.0 181.337 56.849 77.8683652173913 115
180 0 0 0 181.337 56.849 77.77349999999998 116
190 4.7 64.46829787234043 6.329798561262884 181.337 56.849 77.77349999999998 116
200 7.9 66.72131645569624 7.446998332595396 181.337 56.849 73.93703067484662 163
210 1.1 64.18736363636363 4.564038269155294 181.337 56.849 71.58148760330579 242
220 0 0 0 181.337 56.849 71.26000395256918 253
230 0.4 65.362 4.96974923914678 181.337 56.849 71.26000395256918 253
240 10.5 73.140180952381 25.13696325705044 207.02 56.849 71.16820622568095 257
250 13.7 83.13837226277377 29.140927697412113 226.175 56.849 71.7401878453039 362
260 2.5 76.11787999999999 26.28949245812098 226.175 56.849 74.86954909819642 499
270 0 0 0 226.175 56.849 74.92910687022903 524
280 0 0 0 226.175 56.849 74.92910687022903 524
290 0 0 0 226.175 56.849 74.92910687022903 524
300 6.2 85.3241129032258 52.70292845573038 406.484 56.849 74.92910687022903 524
310 30.2 120.86228145695367 73.38302584027016 533.931 56.849 76.02891979522187 586
320 18.1 123.16935911602206 46.49563994753382 533.931 56.849 91.27630180180184 888
330 1.7 109.29770588235294 34.01338148048535 533.931 56.849 96.6763423760524 1069
340 0 0 0 533.931 56.849 96.87391436464091 1086
350 0 0 0 533.931 56.849 96.87391436464091 1086
360 0 0 0 533.931 56.849 96.87391436464091 1086
370 0 0 0 533.931 56.849 96.87391436464091 1086
380 0 0 0 533.931 56.849 96.87391436464091 1086
390 11.1 116.35237837837835 70.40410574906338 533.931 56.849 96.87391436464091 1086
400 57.6 289.6315399305555 235.99131404647892 2018.574 56.849 98.68018796992483 1197
410 40.5 260.762175308642 195.73464347815997 2018.574 56.849 160.71514495205867 1773
420 2.2 107.26286363636363 19.75075322682301 2018.574 56.849 179.31893158861342 2178
430 0 0 0 2018.574 56.849 178.59837090909093 2200
440 0 0 0 2018.574 56.849 178.59837090909093 2200
450 0 0 0 2018.574 56.849 178.59837090909093 2200
460 0 0 0 2018.574 56.849 178.59837090909093 2200
470 0 0 0 2018.574 56.849 178.59837090909093 2200
480 0 0 0 2018.574 56.849 178.59837090909093 2200
490 0 0 0 2018.574 56.849 178.59837090909093 2200
497 0 0 0 2018.574 56.849 178.59837090909093 2200
