10 0.1 13.807 0 13.807 13.807 0 0
20 0.5 33.9148 25.25457179522155 76.381 8.838 13.807 1
30 0 0 0 76.381 8.838 30.5635 6
40 0 0 0 76.381 8.838 30.5635 6
50 0.1 26.142 0.0 76.381 8.838 30.5635 6
60 0.5 13.204400000000001 4.072086276099758 76.381 8.838 29.931857142857144 7
70 0.5 11.6056 1.9768198299288684 76.381 8.838 22.962083333333336 12
80 0 0 0 76.381 8.838 19.62194117647059 17
90 0.1 10.158 0.0 76.381 8.838 19.62194117647059 17
100 1.4 10.553214285714288 2.415665397198976 76.381 7.713 19.09616666666667 18
110 1.1 10.126727272727274 1.5951134522722308 76.381 7.713 15.358625000000004 32
120 0.2 12.953 2.2100000000000004 76.381 7.713 14.020232558139538 43
130 0 0 0 76.381 7.713 13.972800000000001 45
140 1.3 8.566076923076924 1.941136719376976 76.381 6.834 13.972800000000001 45
150 2.6 8.29992307692308 0.725578703946926 76.381 6.834 12.76094827586207 58
160 1.2 8.993583333333335 0.7179003480443662 76.381 6.834 11.380154761904764 84
170 0 0 0 76.381 6.834 11.081833333333336 96
180 0 0 0 76.381 6.834 11.081833333333336 96
190 2.4 8.258125 1.0689720651362535 76.381 5.794 11.081833333333336 96
200 5.2 9.38771153846154 4.372423194278759 76.381 5.754 10.517091666666667 120
210 2.8 8.826928571428576 2.343584783564508 76.381 5.754 10.175651162790698 172
220 0.5 10.260200000000001 1.1980511508278773 76.381 5.754 9.986830000000003 200
230 0 0 0 76.381 5.754 9.993497560975614 205
240 3.3 9.191696969696968 4.519214281969207 76.381 5.754 9.993497560975614 205
250 10 12.524729999999993 13.26790890220083 129.495 5.754 9.882323529411769 238
260 5.5 9.522836363636365 3.574091420531105 129.495 5.754 10.664100591715977 338
270 0.3 12.328666666666669 5.417071554098415 129.495 5.754 10.504381679389315 393
280 0.1 8.366 0.0 129.495 5.754 10.518202020202022 396
290 0 0 0 129.495 5.754 10.512780856423175 397
300 0.9 8.108555555555554 0.9075244852663898 129.495 5.754 10.512780856423175 397
310 13.2 14.376484848484854 9.064905478025018 129.495 5.754 10.459485221674878 406
320 16.8 22.214208333333325 16.905349226633987 134.83 5.754 11.420533457249073 538
330 4.2 20.73978571428571 21.5950589802122 156.337 5.754 13.989 706
340 0.2 21.127 3.3659999999999997 156.337 5.754 14.368054812834226 748
350 0 0 0 156.337 5.754 14.386078666666668 750
360 0 0 0 156.337 5.754 14.386078666666668 750
370 0 0 0 156.337 5.754 14.386078666666668 750
380 0 0 0 156.337 5.754 14.386078666666668 750
390 2.1 8.108428571428572 1.3280567461853559 156.337 5.754 14.386078666666668 750
400 29 52.92377241379311 68.3556006331136 452.86 5.754 14.215092088197148 771
410 34.2 48.865564327485316 62.5963231977054 452.86 5.754 24.79522148916117 1061
420 6.7 21.318179104477608 7.048789028896504 452.86 5.754 30.662689237348527 1403
430 0.5 21.930600000000002 2.453006775367732 452.86 5.754 30.236782993197266 1470
440 0 0 0 452.86 5.754 30.208626440677953 1475
450 0 0 0 452.86 5.754 30.208626440677953 1475
460 0 0 0 452.86 5.754 30.208626440677953 1475
470 0 0 0 452.86 5.754 30.208626440677953 1475
480 0 0 0 452.86 5.754 30.208626440677953 1475
490 0 0 0 452.86 5.754 30.208626440677953 1475
497 0 0 0 452.86 5.754 30.208626440677953 1475
