10 0.2 20.203 4.446999999999999 24.65 15.756 0 0
20 0.3 27.037999999999997 19.846507014249802 55.038 11.357 20.203 2
30 0.2 27.835500000000003 10.123500000000003 55.038 11.357 24.303999999999995 5
40 0 0 0 55.038 11.357 25.312999999999995 7
50 0.3 13.137 2.7165827798909423 55.038 10.688 25.312999999999995 7
60 1 13.695399999999998 2.545070930249293 55.038 10.64 21.660199999999996 10
70 0.4 13.5515 2.334631287805421 55.038 10.64 17.677799999999998 20
80 0.1 11.921 0.0 55.038 10.64 16.99008333333333 24
90 0 0 0 55.038 10.64 16.787319999999998 25
100 1.8 15.991388888888894 15.186285512991608 73.081 8.506 16.787319999999998 25
110 1.6 16.634875 16.39581349718199 75.143 8.506 16.454139534883723 43
120 0.1 17.144 0.0 75.143 8.506 16.50315254237288 59
130 0.1 11.673 0.0 75.143 8.506 16.51383333333333 60
140 0.9 13.15622222222222 7.297837773809412 75.143 7.6 16.43447540983606 61
150 4.6 9.490586956521742 2.0712400462995797 75.143 7.6 16.01298571428571 70
160 1.2 9.885999999999997 0.8194508323668157 75.143 7.6 13.426517241379308 116
170 0.2 10.870999999999999 0.13599999999999968 75.143 7.6 13.094593749999998 128
180 0 0 0 75.143 7.6 13.060384615384613 130
190 2.2 14.359590909090906 24.958438687070974 128.666 7.462 13.060384615384613 130
200 7.1 9.639943661971829 3.634203664974786 128.666 7.462 13.248427631578943 152
210 4.8 10.386749999999997 4.588422716014004 128.666 6.967 12.099538116591924 223
220 0 0 0 128.666 6.967 11.796166051660514 271
230 0 0 0 128.666 6.967 11.796166051660514 271
240 5.6 35.687982142857145 88.2096508972255 528.04 6.967 11.796166051660514 271
250 16.6 12.314000000000002 5.863161448286642 528.04 6.967 15.887730886850148 327
260 6.9 10.999231884057972 7.7979438838577835 528.04 6.967 14.684405679513182 493
270 1 9.2956 1.5866247949657162 528.04 6.967 14.231955516014231 562
280 0 0 0 528.04 6.967 14.145655594405591 572
290 0 0 0 528.04 6.967 14.145655594405591 572
300 2.1 16.350904761904758 32.79076799214589 528.04 6.967 14.145655594405591 572
310 19.8 24.289550505050507 39.09347603643202 528.04 6.967 14.223750421585155 593
320 28.3 24.941077738515887 15.653089293107126 528.04 6.967 16.74338179519595 791
330 6.2 21.04158064516129 12.352072885393648 528.04 6.967 18.90348230912476 1074
340 0.4 18.91025 1.8765873780615703 528.04 6.967 19.02017429577464 1136
350 0 0 0 528.04 6.967 19.01978859649122 1140
360 0 0 0 528.04 6.967 19.01978859649122 1140
370 0 0 0 528.04 6.967 19.01978859649122 1140
380 0 0 0 528.04 6.967 19.01978859649122 1140
390 2.2 17.229999999999993 31.373228953998343 528.04 6.967 19.01978859649122 1140
400 42.1 64.86031591448932 89.8130706930163 659.793 6.967 18.985902753872626 1162
410 56.1 53.13815864527635 63.704476527098045 731.409 6.967 31.186236260265314 1583
420 13 28.17894615384616 17.413688232277128 731.409 6.967 36.930186100746276 2144
430 0.4 36.78575000000001 6.346158695423558 731.409 6.967 36.429895338610386 2274
440 0 0 0 731.409 6.967 36.4305201931519 2278
450 0 0 0 731.409 6.967 36.4305201931519 2278
460 0 0 0 731.409 6.967 36.4305201931519 2278
470 0 0 0 731.409 6.967 36.4305201931519 2278
480 0 0 0 731.409 6.967 36.4305201931519 2278
490 0 0 0 731.409 6.967 36.4305201931519 2278
497 0 0 0 731.409 6.967 36.4305201931519 2278
