20 0.4 46.91799999999999 28.514323690033397 95.062 21.116 0 0
30 0.2 54.669 14.769999999999996 95.062 21.116 46.91799999999999 4
40 0 0 0 95.062 21.116 49.501666666666665 6
50 0.1 48.848 0.0 95.062 21.116 49.501666666666665 6
60 0.5 30.472200000000004 9.164293565791091 95.062 17.789 49.40828571428572 7
70 0.4 21.630249999999997 3.556032647136412 95.062 17.789 41.51825 12
80 0.1 21.78 0.0 95.062 17.789 36.54625 16
90 0.1 24.517 0.0 95.062 17.789 35.67764705882353 17
100 0.8 22.865875 8.08729456365817 95.062 13.575 35.057611111111115 18
110 1.5 19.144266666666667 5.75894924983909 95.062 13.575 31.306307692307694 26
120 0.4 23.409750000000003 5.295547959135106 95.062 13.575 26.856780487804883 41
130 0 0 0 95.062 13.575 26.550377777777783 45
140 0.6 19.924166666666665 7.432484990828363 95.062 13.575 26.550377777777783 45
150 2.5 17.69868000000001 6.649478714726442 95.062 13.575 25.77082352941177 51
160 1.6 16.321499999999997 1.2701693292628347 95.062 13.575 23.115513157894746 76
170 0.4 17.80575 2.0706358172068784 95.062 13.575 21.93394565217392 92
180 0 0 0 95.062 13.575 21.761937500000005 96
190 1 17.9467 6.389275937850862 95.062 13.575 21.761937500000005 96
200 4.9 21.527612244897952 24.862585383497162 140.663 13.575 21.40200943396227 106
210 3.6 17.452444444444446 3.626841007179392 140.663 13.575 21.44171612903226 155
220 1.1 18.503999999999998 3.483227656799209 140.663 13.575 20.68981151832461 191
230 0.3 18.74566666666667 1.7622399256501804 140.663 13.575 20.570782178217826 202
240 1.1 20.18463636363636 13.065023635456667 140.663 13.575 20.54407317073171 205
250 8.3 25.57834939759036 17.73070253803777 147.458 13.575 20.52576851851852 216
260 8.2 18.884756097560967 4.607782082629276 147.458 13.575 21.928324414715725 299
270 1.1 17.858545454545457 3.8476441520313642 147.458 13.575 21.273278215223097 381
280 0.5 16.9792 1.959443227041804 147.458 13.575 21.17745663265306 392
290 0 0 0 147.458 13.575 21.124581863979852 397
300 0.1 16.018 0.0 147.458 13.575 21.124581863979852 397
310 7.3 44.68801369863013 50.37932974546756 284.75 13.575 21.11175125628141 398
320 17.4 63.94095977011493 39.5364114646029 303.127 13.575 24.765821656050957 471
330 9 63.45941111111111 27.541159535782654 303.127 13.575 35.333998449612395 645
340 1.4 54.26978571428572 6.060347069016655 303.127 13.575 38.777926530612234 735
350 0.1 45.435 0.0 303.127 13.575 39.06749399198931 749
360 0 0 0 303.127 13.575 39.07598399999999 750
370 0 0 0 303.127 13.575 39.07598399999999 750
380 0 0 0 303.127 13.575 39.07598399999999 750
390 0.6 43.078333333333326 55.779933161985376 303.127 13.575 39.07598399999999 750
400 16.8 125.50109523809522 128.5210953594611 933.293 13.575 39.10774867724867 756
410 36.2 137.54887292817688 100.68287178545951 933.293 13.575 54.81562987012986 924
420 16.3 103.53398773006138 29.159230709299102 933.293 13.575 78.10445878693626 1286
430 2.2 109.57536363636365 10.699338749939193 933.293 13.575 80.96506142167014 1449
440 0.3 107.53866666666666 6.011495728093705 933.293 13.575 81.39295173351464 1471
450 0 0 0 933.293 13.575 81.4461655359566 1474
460 0 0 0 933.293 13.575 81.4461655359566 1474
470 0 0 0 933.293 13.575 81.4461655359566 1474
480 0 0 0 933.293 13.575 81.4461655359566 1474
490 0 0 0 933.293 13.575 81.4461655359566 1474
497 0 0 0 933.293 13.575 81.4461655359566 1474
