10 0.2 44.6125 24.707499999999996 69.32 19.905 0 0
20 0.2 64.029 21.659999999999997 85.689 19.905 44.6125 2
30 0.2 47.312 0.44899999999999984 85.689 19.905 54.32075 4
40 0.1 20.904 0.0 85.689 19.905 51.9845 6
50 0.1 11.319 0.0 85.689 11.319 47.54442857142857 7
60 1 23.478099999999998 10.429498717100454 85.689 9.66 43.01625 8
70 0.4 22.61875 11.779548131719656 85.689 9.66 32.16172222222222 18
80 0.3 22.474666666666668 15.720823988865495 85.689 9.66 30.426636363636362 22
90 0 0 0 85.689 9.66 29.472399999999997 25
100 0.9 13.698555555555556 4.871169243874529 85.689 8.743 29.472399999999997 25
110 1.9 17.080789473684206 9.758780373424297 85.689 8.743 25.296970588235293 34
120 0.7 14.20442857142857 3.690905303470095 85.689 8.743 22.35154716981132 53
130 0.1 42.229 0.0 85.689 8.743 21.401049999999998 60
140 0.6 12.247666666666667 4.659159175454539 85.689 8.743 21.742491803278686 61
150 2.7 10.250148148148147 2.3688494895155436 85.689 8.255 20.892208955223882 67
160 2.9 10.846068965517242 2.759739129738403 85.689 8.052 17.83544680851064 94
170 0.7 11.687857142857142 0.7542078964187575 85.689 8.052 16.187544715447157 123
180 0 0 0 85.689 8.052 15.945253846153848 130
190 1 11.545799999999998 5.255261093418671 85.689 8.052 15.945253846153848 130
200 5.1 10.153294117647059 2.409440658336252 85.689 7.749 15.631007142857145 140
210 7.6 10.724763157894733 6.28321731588544 85.689 7.749 14.168371727748694 191
220 0.4 12.516250000000001 0.7337664393388403 85.689 7.749 13.188168539325844 267
230 0 0 0 85.689 7.749 13.178250922509227 271
240 2.2 18.56472727272728 28.393654131260035 145.133 7.749 13.178250922509227 271
250 14.3 12.79675524475525 5.825868519202258 145.133 7.749 13.58269624573379 293
260 9.6 11.14665625 3.1767628499390073 145.133 7.749 13.324922018348627 436
270 3.6 10.221222222222222 1.133638099000811 145.133 7.749 12.9318515037594 532
280 0.3 10.735 0.496913137949347 145.133 7.749 12.76005105633803 568
290 0.1 12.394 0.0 145.133 7.749 12.749411558669003 571
300 0.5 14.153200000000002 10.09641461906156 145.133 7.749 12.748790209790211 572
310 11.5 24.78647826086956 32.0092776519145 212.052 7.749 12.760960138648182 577
320 28.8 26.262274305555565 26.082303738021213 267.218 7.749 14.759420520231215 692
330 13.9 18.40455395683453 4.388432007505499 267.218 7.749 18.139851020408166 980
340 1.8 19.816500000000005 4.912124028587044 267.218 7.749 18.172731903485257 1119
350 0.3 18.191666666666666 1.3099939779335725 267.218 7.749 18.198754617414252 1137
360 0 0 0 267.218 7.749 18.198735964912284 1140
370 0 0 0 267.218 7.749 18.198735964912284 1140
380 0 0 0 267.218 7.749 18.198735964912284 1140
390 1 11.7544 2.384715672779462 267.218 7.749 18.198735964912284 1140
400 22.5 50.23508888888891 57.25105477317416 281.066 7.749 18.142698260869572 1150
410 58.1 46.78845266781415 62.89432027800497 726.13 7.749 23.394180363636373 1375
420 27.6 21.951304347826078 10.490255147495043 726.13 7.749 30.34309253578734 1956
430 3.9 31.51382051282053 21.88008223027697 726.13 7.749 29.305398297491056 2232
440 0.4 22.191250000000004 5.09828168969703 726.13 7.749 29.343323645970955 2271
450 0.3 25.903000000000002 8.783180441427051 726.13 7.749 29.33074857142859 2275
460 0 0 0 726.13 7.749 29.326234416154538 2278
470 0 0 0 726.13 7.749 29.326234416154538 2278
480 0 0 0 726.13 7.749 29.326234416154538 2278
490 0 0 0 726.13 7.749 29.326234416154538 2278
497 0 0 0 726.13 7.749 29.326234416154538 2278
