0 1.8 18
10 1.2 30
20 0 30
30 0 30
40 0.9 39
50 4 79
60 0.8 87
70 0 87
80 0 87
90 7.3 160
100 4.2 202
110 0 202
120 0 202
130 4.4 246
140 16.7 413
150 2.2 435
160 0 435
170 0 435
180 10.1 536
190 32.2 858
200 5 908
210 0 908
220 0 908
230 24.1 1149
240 63 1779
250 8.9 1868
260 0 1868
270 0 1868
280 0 1868
290 0 1868
300 102.4 2892
310 83.3 3725
320 0 3725
330 0 3725
340 0 3725
350 0 3725
360 0 3725
370 0 3725
380 0 3725
390 204.5 5770
400 166.5 7435
410 0 7435
420 0 7435
430 0 7435
440 0 7435
450 0 7435
460 0 7435
470 0 7435
480 0 7435
490 0 7435
497 0 7435
