0 0.1 0.021089873120217834 0 0.021089873120217834 0.021089873120217834 0 0
10 0.1 0.014575590051118676 0.0 0.021089873120217834 0.014575590051118676 0.021089873120217834 1
20 0.1 0.016655389579971893 0.0 0.021089873120217834 0.014575590051118676 0.017832731585668254 2
30 0.1 0.0072865812401761276 0.0 0.021089873120217834 0.0072865812401761276 0.017440284250436134 3
40 0.1 0.0020822271501598107 0.0 0.021089873120217834 0.0020822271501598107 0.014901858497871134 4
50 0.1 0.0041638907395069955 0.0 0.021089873120217834 0.0020822271501598107 0.012337932228328869 5
60 0.1 0.027066135060013947 0.0 0.027066135060013947 0.0020822271501598107 0.010975591980191891 6
70 0.1 0.030194808575325634 0.0 0.030194808575325634 0.0020822271501598107 0.01327424099159504 7
80 0.1 0.011452487792689148 0.0 0.030194808575325634 0.0020822271501598107 0.015389311939561365 8
90 0.1 0.006245055997335443 0.0 0.030194808575325634 0.0020822271501598107 0.014951887034353342 9
100 0.1 0.04997553281206077 0.0 0.04997553281206077 0.0020822271501598107 0.014081203930651551 10
110 0.1 0.061430817446352155 0.0 0.061430817446352155 0.0020822271501598107 0.017344324738052388 11
120 0.1 0.048932847475273294 0.0 0.061430817446352155 0.0020822271501598107 0.0210181991304107 12
130 0.1 0.013534899217058138 0.0 0.061430817446352155 0.0020822271501598107 0.02316547977232321 13
140 0.1 0.0041635873468580525 0.0 0.061430817446352155 0.0020822271501598107 0.02247758116123285 14
150 0.1 0.00520583886887533 0.0 0.061430817446352155 0.0020822271501598107 0.02125664824027453 15
160 0.1 0.03540412770477123 0.0 0.061430817446352155 0.0020822271501598107 0.02025347265456208 16
170 0.1 0.04476741764877358 0.0 0.061430817446352155 0.0020822271501598107 0.02114468765751556 17
180 0.1 0.08432668783509448 0.0 0.08432668783509448 0.0020822271501598107 0.022457061545918783 18
190 0.1 0.10203125488032151 0.0 0.10203125488032151 0.0020822271501598107 0.025713357666401714 19
200 0.1 0.10620021864750898 0.0 0.10620021864750898 0.0020822271501598107 0.029529252527097705 20
210 0.1 0.08120094109808657 0.0 0.10620021864750898 0.0020822271501598107 0.03318025091378395 21
220 0.1 0.024987766406030384 0.0 0.10620021864750898 0.0020822271501598107 0.035363009558524984 22
230 0.1 0.009367974019485387 0.0 0.10620021864750898 0.0020822271501598107 0.03491191203015565 23
238 0.1 0.011449626846252328 0.0 0.10620021864750898 0.0020822271501598107 0.033847581279711055 24
