0 0.1 375580.55859375 0 375580.55859375 375580.55859375 0 0
10 0.1 375568.86328125 0.0 375580.55859375 375568.86328125 375580.55859375 1
20 0.1 375557.08984375 0.0 375580.55859375 375557.08984375 375574.7109375 2
30 0.1 375560.6484375 0.0 375580.55859375 375557.08984375 375568.8372395833 3
40 0.1 375563.6953125 0.0 375580.55859375 375557.08984375 375566.7900390625 4
50 0.1 375564.421875 0.0 375580.55859375 375557.08984375 375566.17109375 5
60 0.1 375554.91796875 0.0 375580.55859375 375554.91796875 375565.8795572917 6
70 0.1 375543.4765625 0.0 375580.55859375 375543.4765625 375564.3136160714 7
80 0.1 375550.99609375 0.0 375580.55859375 375543.4765625 375561.708984375 8
90 0.1 375555.67578125 0.0 375580.55859375 375543.4765625 375560.51866319444 9
100 0.1 375527.7890625 0.0 375580.55859375 375527.7890625 375560.034375 10
110 0.1 375515.41015625 0.0 375580.55859375 375515.41015625 375557.10298295453 11
120 0.1 375525.69140625 0.0 375580.55859375 375515.41015625 375553.6285807292 12
130 0.1 375538.93359375 0.0 375580.55859375 375515.41015625 375551.4795673077 13
140 0.1 375543.0234375 0.0 375580.55859375 375515.41015625 375550.58342633926 14
150 0.1 375549.9140625 0.0 375580.55859375 375515.41015625 375550.0794270833 15
160 0.1 375525.91015625 0.0 375580.55859375 375515.41015625 375550.0690917969 16
170 0.1 375488.5 0.0 375580.55859375 375488.5 375548.6479779412 17
180 0.1 375446.26171875 0.0 375580.55859375 375446.26171875 375545.3064236111 18
190 0.1 375427.046875 0.0 375580.55859375 375427.046875 375540.0935444079 19
200 0.1 375420.13671875 0.0 375580.55859375 375420.13671875 375534.44121093757 20
210 0.1 375464.26953125 0.0 375580.55859375 375420.13671875 375528.99813988106 21
220 0.1 375477.6484375 0.0 375580.55859375 375420.13671875 375526.0559303978 22
230 0.1 375495.50390625 0.0 375580.55859375 375420.13671875 375523.9512567936 23
238 0.1 375499.6171875 0.0 375580.55859375 375420.13671875 375522.76595052093 24
