0 0.1 0.0 0 0.0 0.0 0 0
10 0.1 0.0 0.0 0.0 0.0 0.0 1
20 0.1 0.0 0.0 0.0 0.0 0.0 2
30 0.1 0.0 0.0 0.0 0.0 0.0 3
40 0.1 0.0 0.0 0.0 0.0 0.0 4
50 0.1 0.0 0.0 0.0 0.0 0.0 5
60 0.1 0.0 0.0 0.0 0.0 0.0 6
70 0.1 0.0 0.0 0.0 0.0 0.0 7
80 0.1 0.0 0.0 0.0 0.0 0.0 8
90 0.1 0.0 0.0 0.0 0.0 0.0 9
100 0.1 0.0 0.0 0.0 0.0 0.0 10
110 0.1 0.0 0.0 0.0 0.0 0.0 11
120 0.1 0.0 0.0 0.0 0.0 0.0 12
130 0.1 0.0 0.0 0.0 0.0 0.0 13
140 0.1 0.0 0.0 0.0 0.0 0.0 14
150 0.1 0.0 0.0 0.0 0.0 0.0 15
160 0.1 0.0703125 0.0 0.0703125 0.0 0.0 16
170 0.1 0.05859375 0.0 0.0703125 0.0 0.004136029411764706 17
180 0.1 0.12890625 0.0 0.12890625 0.0 0.007161458333333333 18
190 0.1 0.109375 0.0 0.12890625 0.0 0.013569078947368422 19
200 0.1 0.08984375 0.0 0.12890625 0.0 0.018359375 20
210 0.1 0.078125 0.0 0.12890625 0.0 0.021763392857142856 21
220 0.1 0.0703125 0.0 0.12890625 0.0 0.024325284090909092 22
230 0.1 0.05859375 0.0 0.12890625 0.0 0.026324728260869564 23
238 0.1 0.05078125 0.0 0.12890625 0.0 0.027669270833333332 24
