10 0.1 630 0 630 630 0 0
20 0.1 1409.0 0.0 1409 630 630.0 1
30 0.1 528.0 0.0 1409 528 1019.5 2
40 0.1 98.0 0.0 1409 98 855.6666666666666 3
50 0.1 201.0 0.0 1409 98 666.25 4
60 0.1 1849.0 0.0 1849 98 573.2 5
70 0.1 2486.0 0.0 2486 98 785.8333333333334 6
80 0.1 749.0 0.0 2486 98 1028.7142857142858 7
90 0.1 566.0 0.0 2486 98 993.75 8
100 0.1 3072.0 0.0 3072 98 946.2222222222222 9
110 0.1 3566.0 0.0 3566 98 1158.8 10
120 0.1 3143.0 0.0 3566 98 1377.6363636363637 11
130 0.1 644.0 0.0 3566 98 1524.75 12
140 0.1 35.0 0.0 3566 35 1457.0 13
150 0.1 984.0 0.0 3566 35 1355.4285714285713 14
160 0.1 3424.0 0.0 3566 35 1330.6666666666667 15
170 0.1 3372.0 0.0 3566 35 1461.5 16
180 0.1 3214.0 0.0 3566 35 1573.8823529411766 17
190 0.1 5065.0 0.0 5065 35 1665.0 18
200 0.1 4216.0 0.0 5065 35 1843.9473684210527 19
210 0.1 3573.0 0.0 5065 35 1962.55 20
220 0.1 557.0 0.0 5065 35 2039.2380952380952 21
230 0.1 34.0 0.0 5065 34 1971.8636363636363 22
238 0.1 59.0 0.0 5065 34 1887.608695652174 23
