0 4.8 73.46049999999995 77.6182991879707 449.704 5.665 0 0
10 14.5 90.5345172413793 119.41041249429047 621.0 5.286 73.46049999999995 48
20 5 69.91806000000001 103.2187536032886 621.0 5.286 86.28812953367874 193
30 1.6 49.11400000000001 98.42618804020097 621.0 5.286 82.9198024691358 243
40 1 52.471500000000006 36.76749891480246 621.0 5.286 80.83141312741313 259
50 18.4 90.49168478260869 126.80208410267191 1036.521 4.698 79.77714126394052 269
60 23.2 144.53122844827607 190.10764287624193 1036.521 4.698 84.12918543046356 453
70 8.9 62.38423595505617 112.99669594245053 1036.521 4.698 104.58651970802924 685
80 3.3 69.90284848484848 55.36355600339161 1036.521 4.698 99.73380232558144 774
90 29.4 393.03077551020425 580.2898805481818 5011.801 4.698 98.51394919454773 807
100 33.6 1222.8507738095232 1658.4836144110295 10415.551 4.698 177.15876930063587 1101
110 29.4 939.5858571428566 1904.1513162260687 12059.672 4.698 421.6629540709811 1437
120 8.9 62.83720224719106 155.96306885963872 12059.672 4.698 509.6290623916809 1731
130 1.7 63.462529411764706 160.45197908339603 12059.672 4.698 487.78044945054927 1820
140 5.3 105.14449056603775 100.45200121049508 12059.672 4.698 483.8537185628741 1837
150 30.3 1434.297666666667 1528.8944045153335 12059.672 4.698 473.23383015873003 1890
160 33.1 3822.7273141993965 1589.0934248387086 12059.672 4.698 606.0210360237118 2193
170 31.1 5174.463022508041 2856.21571767402 19306.175 4.698 1027.8632618858956 2524
180 31.4 5407.587856687897 3014.064437584391 28149.711 4.698 1482.7459869488541 2835
190 32.1 4371.713588785049 3358.930491818232 32379.125 4.698 1874.108434423627 3149
200 28.4 2844.072443661968 5102.28434914142 32379.125 4.698 2105.1549054755046 3470
210 12.3 2252.2756260162623 5630.927729745287 32379.125 4.698 2161.055965903037 3754
220 1.2 26.634249999999994 10.976405180545223 32379.125 4.698 2163.9499607944285 3877
230 0.3 24.945999999999998 8.931818329246664 32379.125 4.698 2157.355003599897 3889
238 0.1 14.97 0.0 32379.125 4.698 2155.7113173175744 3892
