10 0.1 288 0 288 288 0 0
20 0.1 505.0 0.0 505 288 288.0 1
30 0.1 173.0 0.0 505 173 396.5 2
40 0.1 41.0 0.0 505 41 322.0 3
50 0.1 111.0 0.0 505 41 251.75 4
60 0.1 834.0 0.0 834 41 223.6 5
70 0.1 787.0 0.0 834 41 325.3333333333333 6
80 0.1 279.0 0.0 834 41 391.2857142857143 7
90 0.1 267.0 0.0 834 41 377.25 8
100 0.1 1273.0 0.0 1273 41 365.0 9
110 0.1 1120.0 0.0 1273 41 455.8 10
120 0.1 1032.0 0.0 1273 41 516.1818181818181 11
130 0.1 293.0 0.0 1273 41 559.1666666666666 12
140 0.1 32.0 0.0 1273 32 538.6923076923077 13
150 0.1 419.0 0.0 1273 32 502.50000000000006 14
160 0.1 1544.0 0.0 1544 32 496.9333333333334 15
170 0.1 1070.0 0.0 1544 32 562.375 16
180 0.1 909.0 0.0 1544 32 592.2352941176471 17
190 0.1 1151.0 0.0 1544 32 609.8333333333334 18
200 0.1 1133.0 0.0 1544 32 638.3157894736842 19
210 0.1 1130.0 0.0 1544 32 663.05 20
220 0.1 318.0 0.0 1544 32 685.2857142857143 21
230 0.1 30.0 0.0 1544 30 668.5909090909091 22
238 0.1 200.0 0.0 1544 30 640.8260869565217 23
