10 1.1 11072.74409090909 1974.954441611224 14745.821 7118.146 0 0
20 1.1 14215.30227272727 4579.041380522865 21591.047 6839.588 11072.74409090909 11
30 0.6 19573.9685 3449.5135190342307 24703.662 6839.588 12644.02318181818 22
40 0.2 35176.521 3704.7690000000002 38881.29 6839.588 14129.011464285712 28
50 0.4 8217.207750000001 1939.9210232732894 38881.29 4921.207 15532.178766666666 30
60 2.1 11904.241809523808 2655.838358859871 38881.29 4921.207 14671.59394117647 34
70 3.1 19356.277580645157 4640.1974183032635 38881.29 4921.207 13614.968581818182 55
80 0.4 27002.93825 3647.8327251781557 38881.29 4921.207 15684.510197674417 86
90 0.2 6799.188 2685.2099999999996 38881.29 4113.978 16187.551444444443 90
100 1.9 16285.059894736843 3322.667162356959 38881.29 4113.978 15983.45658695652 92
110 5.4 20852.578166666666 3819.1491553931114 38881.29 4113.978 16035.082378378376 111
120 3.7 27864.840945945944 4061.9547180923705 38881.29 4113.978 17611.717363636362 165
130 0.7 34687.894428571424 3598.4648296161695 41357.634 4113.978 19489.764752475246 202
140 0.1 45250.194 0.0 45250.194 4113.978 19998.793019138757 209
150 0 0 0 45250.194 4113.978 20119.03778571429 210
160 0.1 22350.715 0.0 45250.194 4113.978 20119.03778571429 210
170 0.5 28911.1316 2096.513393850428 45250.194 4113.978 20129.614454976305 211
180 1.8 36483.426833333346 2888.7480706758306 45250.194 4113.978 20332.890314814817 216
190 5.9 43285.87635593221 3613.5572279208495 51815.056 4113.978 21575.23927777778 234
200 10.3 48427.36370873784 3990.6233088395884 57336.804 4113.978 25947.005788395905 293
210 3.7 56778.6101081081 4142.442616128779 65064.945 4113.978 31794.169590909085 396
220 0.6 67892.214 2876.8737222445693 71679.371 4113.978 33929.098688221704 433
230 0.2 72033.606 2463.279999999999 74496.886 4113.978 34393.287052391795 439
238 0.1 91988.19 0.0 91988.19 4113.978 34563.99144671201 441
