0 0.1 93.084 0 93.084 93.084 0 0
10 0 0 0 93.084 93.084 93.084 1
20 0 0 0 93.084 93.084 93.084 1
30 0 0 0 93.084 93.084 93.084 1
40 0 0 0 93.084 93.084 93.084 1
50 0.3 144.26266666666666 58.99430247254579 227.687 93.084 93.084 1
60 0 0 0 227.687 93.084 131.46800000000002 4
70 0 0 0 227.687 93.084 131.46800000000002 4
80 0.1 124.467 0.0 227.687 93.084 131.46800000000002 4
90 1 812.9017000000001 635.3451447520551 1990.666 93.084 130.0678 5
100 0.3 2080.8926666666666 1548.770775775708 4179.73 93.084 585.2904000000001 15
110 0 0 0 4179.73 93.084 834.5574444444445 18
120 0 0 0 4179.73 93.084 834.5574444444445 18
130 0 0 0 4179.73 93.084 834.5574444444445 18
140 0.3 293.38 83.59436381718568 4179.73 93.084 834.5574444444445 18
150 1.1 2615.4912727272726 1694.1168668127027 4790.068 93.084 757.246380952381 21
160 1.2 6437.956916666667 973.9889960924827 7839.311 93.084 1396.0180624999998 32
170 0 0 0 7839.311 93.084 2771.0922954545454 44
180 0 0 0 7839.311 93.084 2771.0922954545454 44
190 0 0 0 7839.311 93.084 2771.0922954545454 44
200 0 0 0 7839.311 93.084 2771.0922954545454 44
210 0 0 0 7839.311 93.084 2771.0922954545454 44
220 0 0 0 7839.311 93.084 2771.0922954545454 44
230 0 0 0 7839.311 93.084 2771.0922954545454 44
238 0 0 0 7839.311 93.084 2771.0922954545454 44
