10 0.4 10.08375 0.7729186163497423 11.384 9.35 0 0
20 0.2 7.845 0.25899999999999945 11.384 7.586 10.08375 4
30 0 0 0 11.384 7.586 9.3375 6
40 0 0 0 11.384 7.586 9.3375 6
50 0.4 9.357499999999998 0.9102594410386522 11.384 7.586 9.3375 6
60 0.9 11.803555555555555 4.315575617873037 23.033 7.586 9.3455 10
70 0.2 7.88 0.07099999999999973 23.033 7.586 10.509842105263159 19
80 0 0 0 23.033 7.586 10.259380952380953 21
90 0.3 66.65666666666668 43.28167200508265 119.68 7.586 10.259380952380953 21
100 0.9 153.86222222222221 126.17042646161647 351.559 7.586 17.30904166666667 24
110 1.3 76.2560769230769 70.06334858316714 351.559 7.586 54.55081818181819 33
120 0.1 9.068 0.0 351.559 7.586 60.68491304347826 46
130 0 0 0 351.559 7.586 59.58668085106383 47
140 0 0 0 351.559 7.586 59.58668085106383 47
150 0 0 0 351.559 7.586 59.58668085106383 47
160 0.3 2620.3176666666664 742.5760714954096 3151.205 7.586 59.58668085106383 47
170 0.2 3671.7145 48.20249999999987 3719.917 7.586 213.23054 50
180 1.7 3563.454117647059 195.612424432746 3823.936 7.586 346.24915384615383 52
190 2.1 2854.9802380952383 610.039382887688 3845.152 7.586 1138.8938550724638 69
200 0.3 1123.3686666666667 755.3400143742479 3845.152 7.586 1539.314011111111 90
210 0 0 0 3845.152 7.586 1525.8964193548386 93
220 0 0 0 3845.152 7.586 1525.8964193548386 93
230 0 0 0 3845.152 7.586 1525.8964193548386 93
238 0 0 0 3845.152 7.586 1525.8964193548386 93
