0 0.1 112.59 0 112.59 112.59 0 0
10 0.7 136.52842857142858 65.991466097318 254.087 84.226 112.59 1
20 0.2 84.833 3.174000000000003 254.087 81.659 133.536125 8
30 0 0 0 254.087 81.659 123.79549999999999 10
40 0 0 0 254.087 81.659 123.79549999999999 10
50 0.4 165.7155 77.45126322565694 257.885 81.659 123.79549999999999 10
60 1.1 154.26363636363632 101.80677033413724 417.423 73.482 135.77264285714287 14
70 0.4 94.215 16.724228786404474 417.423 73.482 143.90867999999998 25
80 0 0 0 417.423 73.482 137.0543793103448 29
90 0.5 967.6698 390.6712082922928 1538.212 73.482 137.0543793103448 29
100 1.4 1329.6610714285719 695.8245016172709 2790.502 73.482 259.20370588235295 34
110 0.9 676.3923333333332 315.3349316421791 2790.502 73.482 571.4204375 48
120 0.1 72.406 0.0 2790.502 72.406 587.9949473684211 57
130 0 0 0 2790.502 72.406 579.1054827586207 58
140 0 0 0 2790.502 72.406 579.1054827586207 58
150 0.3 2147.6586666666667 360.30515244010724 2790.502 72.406 579.1054827586207 58
160 1.4 4361.4535000000005 735.5745867180246 5858.229 72.406 656.2474426229509 61
170 1.5 4866.2917333333335 626.5194227860738 6227.359 72.406 1347.8859066666669 75
180 2.9 4697.24224137931 359.4182166737542 6227.359 72.406 1934.286877777778 90
190 0.9 4360.848777777778 419.74416015493614 6227.359 72.406 2607.612134453782 119
200 0 0 0 6227.359 72.406 2730.8865859375005 128
210 0 0 0 6227.359 72.406 2730.8865859375005 128
220 0 0 0 6227.359 72.406 2730.8865859375005 128
230 0 0 0 6227.359 72.406 2730.8865859375005 128
238 0 0 0 6227.359 72.406 2730.8865859375005 128
