0 0.1 449.902 0 449.902 449.902 0 0
10 0.7 520.9638571428571 67.5210746538306 621.144 422.969 449.902 1
20 0.2 489.47749999999996 13.185500000000033 621.144 422.969 512.0811249999999 8
30 0.1 412.094 0.0 621.144 412.094 507.56039999999996 10
40 0 0 0 621.144 412.094 498.8816363636363 11
50 0.2 720.8349999999999 315.832 1036.667 405.003 498.8816363636363 11
60 1.3 685.4737692307692 163.53616043796833 1036.667 405.003 533.0283076923076 13
70 0.3 458.1296666666667 9.332516107078991 1036.667 405.003 609.2510384615384 26
80 0 0 0 1036.667 405.003 593.6177931034482 29
90 0.1 5011.996 0.0 5011.996 405.003 593.6177931034482 29
100 0.5 8976.013 1118.3148470167062 10415.703 405.003 740.8970666666665 30
110 3 4704.569366666666 2217.2662402528103 10425.184 405.003 1917.3422 35
120 0.2 597.4425 51.025499999999965 10425.184 405.003 3203.7547384615377 65
130 0 0 0 10425.184 405.003 3125.954373134328 67
140 0 0 0 10425.184 405.003 3125.954373134328 67
150 0 0 0 10425.184 405.003 3125.954373134328 67
160 0 0 0 10425.184 405.003 3125.954373134328 67
170 0.6 17289.28316666667 1797.982017236399 19306.271 405.003 3125.954373134328 67
180 1.1 16231.598 1090.2379583487939 19306.271 405.003 4290.063589041096 73
190 1.7 13149.048352941178 1288.0362443286397 19306.271 405.003 5853.835952380952 84
200 3.5 12433.480657142858 2553.9616024267534 19306.271 405.003 7081.74299009901 101
210 0.1 4809.889 0.0 19306.271 405.003 8459.028419117647 136
220 0 0 0 19306.271 405.003 8432.392364963503 137
230 0 0 0 19306.271 405.003 8432.392364963503 137
238 0 0 0 19306.271 405.003 8432.392364963503 137
