0 0.1 12.895 0 12.895 12.895 0 0
10 0.5 11.4908 1.3957491751743936 13.817 9.718 12.895 1
20 0.3 10.256 0.13145594952936357 13.817 9.718 11.724833333333335 6
30 0.2 10.661999999999999 0.2929999999999997 13.817 9.718 11.235222222222223 9
40 0 0 0 13.817 9.718 11.131 11
50 0.2 17.378500000000003 3.3344999999999994 20.713 9.718 11.131 11
60 0.8 17.677750000000003 9.815940692949402 37.888 9.718 12.092153846153847 13
70 0.8 12.201375 4.251062894662346 37.888 9.235 14.22 21
80 0 0 0 37.888 9.235 13.663137931034482 29
90 0 0 0 37.888 9.235 13.663137931034482 29
100 0.2 463.133 295.70399999999995 758.837 9.235 13.663137931034482 29
110 2.9 45.540517241379305 32.34696262628462 758.837 9.235 42.66119354838709 31
120 0.7 12.944285714285714 1.80239861726262 758.837 9.235 44.05286666666666 60
130 0 0 0 758.837 9.235 40.802716417910446 67
140 0 0 0 758.837 9.235 40.802716417910446 67
150 0 0 0 758.837 9.235 40.802716417910446 67
160 0 0 0 758.837 9.235 40.802716417910446 67
170 0.3 4068.864666666667 155.65780638595936 4238.718 9.235 40.802716417910446 67
180 1 3589.3949999999995 279.79449742266183 4238.718 9.235 213.43394285714285 70
190 1.6 2603.202375 433.5210055779989 4238.718 9.235 635.429075 80
200 3.5 382.1971428571428 515.5522391565955 4238.718 9.235 963.3912916666667 96
210 0.6 46.873 36.64434717661102 4238.718 9.235 808.1104122137403 131
220 0 0 0 4238.718 9.235 774.7715474452554 137
230 0 0 0 4238.718 9.235 774.7715474452554 137
238 0 0 0 4238.718 9.235 774.7715474452554 137
