0 0.1 16.212 0 16.212 16.212 0 0
10 0.5 15.143199999999998 4.42766066450445 23.964 12.264 16.212 1
20 0.3 12.420666666666667 1.0927791278306076 23.964 11.28 15.321333333333333 6
30 0.2 11.8605 0.43849999999999945 23.964 11.28 14.354444444444445 9
40 0 0 0 23.964 11.28 13.901 11
50 0.2 13.285499999999999 0.13750000000000062 23.964 11.28 13.901 11
60 0.8 15.348875 4.668135265753876 27.065 11.28 13.806307692307692 13
70 0.8 13.952874999999999 3.1568685210782856 27.065 11.136 14.393952380952381 21
80 0 0 0 27.065 11.136 14.272275862068966 29
90 0 0 0 27.065 11.136 14.272275862068966 29
100 0.2 312.4255 164.5805 477.006 11.136 14.272275862068966 29
110 2.9 96.6743103448276 97.61782276927728 477.006 11.136 33.50796774193549 31
120 0.7 13.085571428571429 1.2262719177762047 477.006 11.136 64.03836666666668 60
130 0 0 0 477.006 11.136 58.71494029850747 67
140 0 0 0 477.006 11.136 58.71494029850747 67
150 0 0 0 477.006 11.136 58.71494029850747 67
160 0 0 0 477.006 11.136 58.71494029850747 67
170 0 0 0 477.006 11.136 58.71494029850747 67
180 0.6 3674.130333333333 201.28451165507545 3863.592 11.136 58.71494029850747 67
190 2 2850.5433500000004 542.682180620967 3897.406 11.136 355.8723698630137 73
200 3.8 412.65321052631583 504.1258519168632 3897.406 11.136 892.360752688172 93
210 0.6 46.11266666666666 32.19488012436484 3897.406 11.136 753.2089465648855 131
220 0 0 0 3897.406 11.136 722.2412262773723 137
230 0 0 0 3897.406 11.136 722.2412262773723 137
238 0 0 0 3897.406 11.136 722.2412262773723 137
