10 0.9 108.64733333333334 40.92410782303154 199.797 79.317 0 0
20 0.9 77.79066666666667 8.14384019435003 199.797 65.963 108.64733333333334 9
30 0.1 74.163 0.0 199.797 65.963 93.219 18
40 0.1 67.825 0.0 199.797 65.963 92.21605263157895 19
50 0.2 76.953 0.3319999999999972 199.797 65.963 90.9965 20
60 1.9 172.783 100.29067134925465 407.378 65.963 89.71981818181817 22
70 1.4 78.26907142857142 9.499393360061665 407.378 65.963 128.21251219512195 41
80 0.3 68.11399999999999 2.6141829826289227 407.378 65.963 115.49963636363636 55
90 0.2 850.0395000000001 415.3405 1265.38 65.963 113.04865517241377 58
100 2.2 1348.3328636363638 477.0812894369733 2178.449 65.963 137.61501666666666 60
110 2.4 467.70895833333344 319.1076259190724 2178.449 65.963 462.441756097561 82
120 1 80.33869999999999 16.871782164608458 2178.449 65.963 463.63433018867926 106
130 0 0 0 2178.449 65.963 430.5916034482759 116
140 0 0 0 2178.449 65.963 430.5916034482759 116
150 0.1 2838.674 0.0 2838.674 65.963 430.5916034482759 116
160 0.2 3419.0175 701.7025000000002 4120.72 65.963 451.1735042735043 117
170 1.4 5005.247357142858 443.424726607348 5803.79 65.963 501.0532352941177 119
180 2.9 4625.2176206896565 265.9923208958216 5803.79 65.963 975.1789323308273 133
190 5 4021.020439999999 630.4743298467956 5803.79 65.963 1628.5809197530868 162
200 4.3 1927.0240465116283 1022.5259821813586 5803.79 65.963 2192.835523584906 212
210 0.1 71.588 0.0 5803.79 65.963 2148.012411764706 255
220 0 0 0 5803.79 65.963 2139.90137890625 256
230 0 0 0 5803.79 65.963 2139.90137890625 256
238 0 0 0 5803.79 65.963 2139.90137890625 256
