0 1.4 1.973285714285714 3.1750876349789023 13.296 0.865 0 0
10 1.5 4.0919333333333325 8.135252747285865 27.445 0.865 1.973285714285714 14
20 0 0 0 27.445 0.865 3.0691379310344824 29
30 0 0 0 27.445 0.865 3.0691379310344824 29
40 0 0 0 27.445 0.865 3.0691379310344824 29
50 0.6 4.411666666666666 7.499166657406378 27.445 0.865 3.0691379310344824 29
60 4.6 10.286934782608698 33.63395323013712 187.151 0.755 3.299285714285714 35
70 0.8 65.32962500000001 70.51574836860469 187.151 0.755 7.267580246913582 81
80 0 0 0 187.151 0.755 12.486640449438204 89
90 0 0 0 187.151 0.755 12.486640449438204 89
100 4.4 1.6568863636363638 4.441980799024795 187.151 0.755 12.486640449438204 89
110 6.5 1.4840615384615385 2.1673422709138355 187.151 0.713 8.903864661654136 133
120 0 0 0 187.151 0.713 6.468070707070708 198
130 0 0 0 187.151 0.713 6.468070707070708 198
140 0 0 0 187.151 0.713 6.468070707070708 198
150 0 0 0 187.151 0.713 6.468070707070708 198
160 9.4 2.899478723404256 6.088460752493498 187.151 0.701 6.468070707070708 198
170 11.3 1.8133982300884954 2.367898338300832 187.151 0.654 5.319277397260275 292
180 0 0 0 187.151 0.654 4.341093827160495 405
190 0 0 0 187.151 0.654 4.341093827160495 405
200 0 0 0 187.151 0.654 4.341093827160495 405
210 0 0 0 187.151 0.654 4.341093827160495 405
220 21.2 1.3965613207547178 2.2533735821999743 187.151 0.646 4.341093827160495 405
230 25.2 2.444690476190474 5.257185164760317 187.151 0.473 3.3293581847649927 617
240 0 0 0 187.151 0.473 3.072814729574223 869
250 0 0 0 187.151 0.473 3.072814729574223 869
260 0 0 0 187.151 0.473 3.072814729574223 869
270 0 0 0 187.151 0.473 3.072814729574223 869
280 0 0 0 187.151 0.473 3.072814729574223 869
290 42.5 2.1641741176470575 5.026378062865894 187.151 0.473 3.072814729574223 869
300 53.1 9.977382297551786 33.240941205346665 214.716 0.473 2.7743817619783613 1294
310 0 0 0 214.716 0.473 4.870158904109587 1825
320 0 0 0 214.716 0.473 4.870158904109587 1825
330 0 0 0 214.716 0.473 4.870158904109587 1825
340 0 0 0 214.716 0.473 4.870158904109587 1825
