0 0.1 2.5060616289510897 0 2.5060616289510897 2.5060616289510897 0 0
10 0.1 0.35035035035035034 0.0 2.5060616289510897 0.35035035035035034 2.5060616289510897 1
20 0.1 0.7492507492507493 0.0 2.5060616289510897 0.35035035035035034 1.42820598965072 2
30 0.1 0.7000000000000001 0.0 2.5060616289510897 0.35035035035035034 1.201887576184063 3
40 0.1 0.1998001998001998 0.0 2.5060616289510897 0.1998001998001998 1.0764156821380473 4
50 0.1 0.0998502246630055 0.0 2.5060616289510897 0.0998502246630055 0.9010925856704779 5
60 0.1 0.25 0.0 2.5060616289510897 0.0998502246630055 0.7675521921692324 6
70 0.1 1.1005502751375689 0.0 2.5060616289510897 0.0998502246630055 0.693616164716485 7
80 0.1 1.7526289434151225 0.0 2.5060616289510897 0.0998502246630055 0.7444829285191205 8
90 0.1 1.2987012987012987 0.0 2.5060616289510897 0.0998502246630055 0.856499152396454 9
100 0.1 0.05002501250625312 0.0 2.5060616289510897 0.05002501250625312 0.9007193670269384 10
110 0.1 0.5002501250625313 0.0 2.5060616289510897 0.05002501250625312 0.8233835166159671 11
120 0.1 3.6372695565520674 0.0 3.6372695565520674 0.05002501250625312 0.7964557339865141 12
130 0.1 3.7147102526002973 0.0 3.7147102526002973 0.05002501250625312 1.0149798741838643 13
140 0.1 0.5508262393590386 0.0 3.7147102526002973 0.05002501250625312 1.2078177583564667 14
150 0.1 0.3 0.0 3.7147102526002973 0.05002501250625312 1.1640183237566384 15
160 0.1 0.15 0.0 3.7147102526002973 0.05002501250625312 1.1100171785218484 16
170 0.1 2.0937188434695915 0.0 3.7147102526002973 0.05002501250625312 1.053545579785269 17
180 0.1 7.48768472906404 0.0 7.48768472906404 0.05002501250625312 1.111332983323287 18
190 0.1 6.794682422451995 0.0 7.48768472906404 0.05002501250625312 1.4469304436254318 19
200 0.1 2.234359483614697 0.0 7.48768472906404 0.05002501250625312 1.7143180425667601 20
210 0.1 0.25012506253126565 0.0 7.48768472906404 0.05002501250625312 1.7390819207119 21
220 0.1 0.2 0.0 7.48768472906404 0.05002501250625312 1.6714020635218712 22
230 0.1 2.448775612193903 0.0 7.48768472906404 0.05002501250625312 1.6074280607600508 23
240 0.1 17.30865432716358 0.0 17.30865432716358 0.05002501250625312 1.6424842087364615 24
250 0.1 18.28966880869995 0.0 18.28966880869995 0.05002501250625312 2.269131013473546 25
260 0.1 4.9603174603174605 0.0 18.28966880869995 0.05002501250625312 2.8853055440591766 26
270 0.1 1.2462612163509472 0.0 18.28966880869995 0.05002501250625312 2.962157837253928 27
280 0.1 0.3003003003003003 0.0 18.28966880869995 0.05002501250625312 2.900875815078821 28
290 0.1 0.15 0.0 18.28966880869995 0.05002501250625312 2.811200797327838 29
300 0.1 6.821552150271873 0.0 18.28966880869995 0.05002501250625312 2.722494104083577 30
310 0.1 28.148903620601732 0.0 28.148903620601732 0.05002501250625312 2.854721782992877 31
320 0.1 24.31077694235589 0.0 28.148903620601732 0.05002501250625312 3.6451649654181533 32
330 0.1 17.819810851169738 0.0 28.148903620601732 0.05002501250625312 4.271395631385964 33
340 0.1 7.142857142857142 0.0 28.148903620601732 0.05002501250625312 4.669878431967839 34
