0 0.1 778.28125 0 778.28125 778.28125 0 0
10 0.1 776.515625 0.0 778.28125 776.515625 778.28125 1
20 0.1 768.75 0.0 778.28125 768.75 777.3984375 2
30 0.1 769.61328125 0.0 778.28125 768.75 774.515625 3
40 0.1 771.4140625 0.0 778.28125 768.75 773.2900390625 4
50 0.1 772.140625 0.0 778.28125 768.75 772.91484375 5
60 0.1 773.1484375 0.0 778.28125 768.75 772.7858072916666 6
70 0.1 751.72265625 0.0 778.28125 751.72265625 772.8376116071429 7
80 0.1 744.22265625 0.0 778.28125 744.22265625 770.1982421875 8
90 0.1 751.13671875 0.0 778.28125 744.22265625 767.3120659722222 9
100 0.1 754.23828125 0.0 778.28125 744.22265625 765.69453125 10
110 0.1 756.16796875 0.0 778.28125 744.22265625 764.6530539772727 11
120 0.1 723.20703125 0.0 778.28125 723.20703125 763.9459635416666 12
130 0.1 708.6328125 0.0 778.28125 708.6328125 760.8121995192307 13
140 0.1 723.91015625 0.0 778.28125 708.6328125 757.0851004464286 14
150 0.1 730.34375 0.0 778.28125 708.6328125 754.8734375 15
160 0.1 738.375 0.0 778.28125 708.6328125 753.34033203125 16
170 0.1 732.66015625 0.0 778.28125 708.6328125 752.4600183823529 17
180 0.1 670.58203125 0.0 778.28125 670.58203125 751.3600260416666 18
190 0.1 658.58984375 0.0 778.28125 658.58984375 747.108552631579 19
200 0.1 675.21484375 0.0 778.28125 658.58984375 742.6826171875 20
210 0.1 709.98828125 0.0 778.28125 658.58984375 739.4698660714286 21
220 0.1 726.26953125 0.0 778.28125 658.58984375 738.1297940340909 22
230 0.1 698.82421875 0.0 778.28125 658.58984375 737.6141304347826 23
240 0.1 541.7421875 0.0 778.28125 541.7421875 735.9978841145834 24
250 0.1 490.61328125 0.0 778.28125 490.61328125 728.22765625 25
260 0.1 574.08203125 0.0 778.28125 490.61328125 719.0886418269231 26
270 0.1 644.98046875 0.0 778.28125 490.61328125 713.7180266203703 27
280 0.1 684.11328125 0.0 778.28125 490.61328125 711.2631138392857 28
290 0.1 695.5078125 0.0 778.28125 490.61328125 710.3269127155172 29
300 0.1 610.4921875 0.0 778.28125 490.61328125 709.8329427083333 30
310 0.1 349.77734375 0.0 778.28125 349.77734375 706.628402217742 31
320 0.1 238.25390625 0.0 778.28125 238.25390625 695.476806640625 32
330 0.1 234.11328125 0.0 778.28125 234.11328125 681.6215672348485 33
340 0.1 339.796875 0.0 778.28125 234.11328125 668.4595588235294 34
