0 0.1 0.0 0 0.0 0.0 0 0
10 0.1 0.0 0.0 0.0 0.0 0.0 1
20 0.1 0.0 0.0 0.0 0.0 0.0 2
30 0.1 0.0 0.0 0.0 0.0 0.0 3
40 0.1 0.0 0.0 0.0 0.0 0.0 4
50 0.1 0.0 0.0 0.0 0.0 0.0 5
60 0.1 0.0 0.0 0.0 0.0 0.0 6
70 0.1 0.0 0.0 0.0 0.0 0.0 7
80 0.1 0.0 0.0 0.0 0.0 0.0 8
90 0.1 0.0 0.0 0.0 0.0 0.0 9
100 0.1 0.0 0.0 0.0 0.0 0.0 10
110 0.1 0.0 0.0 0.0 0.0 0.0 11
120 0.1 0.078125 0.0 0.078125 0.0 0.0 12
130 0.1 0.0703125 0.0 0.078125 0.0 0.006009615384615385 13
140 0.1 0.05859375 0.0 0.078125 0.0 0.010602678571428572 14
150 0.1 0.05078125 0.0 0.078125 0.0 0.013802083333333333 15
160 0.1 0.0390625 0.0 0.078125 0.0 0.01611328125 16
170 0.1 0.03125 0.0 0.078125 0.0 0.017463235294117647 17
180 0.1 0.03125 0.0 0.078125 0.0 0.018229166666666668 18
190 0.1 0.01953125 0.0 0.078125 0.0 0.018914473684210526 19
200 0.1 0.01953125 0.0 0.078125 0.0 0.0189453125 20
210 0.1 0.01953125 0.0 0.078125 0.0 0.018973214285714284 21
220 0.1 0.01171875 0.0 0.078125 0.0 0.018998579545454544 22
230 0.1 0.01171875 0.0 0.078125 0.0 0.018682065217391304 23
240 0.1 0.171875 0.0 0.171875 0.0 0.018391927083333332 24
250 0.1 0.21875 0.0 0.21875 0.0 0.02453125 25
260 0.1 0.41015625 0.0 0.41015625 0.0 0.03200120192307692 26
270 0.1 0.3515625 0.0 0.41015625 0.0 0.04600694444444445 27
280 0.1 0.2890625 0.0 0.41015625 0.0 0.056919642857142856 28
290 0.1 0.25 0.0 0.41015625 0.0 0.06492456896551724 29
300 0.1 0.2109375 0.0 0.41015625 0.0 0.07109375 30
310 0.1 0.1796875 0.0 0.41015625 0.0 0.07560483870967742 31
320 0.1 0.23046875 0.0 0.41015625 0.0 0.078857421875 32
330 0.1 0.19140625 0.0 0.41015625 0.0 0.08345170454545454 33
340 0.1 0.16015625 0.0 0.41015625 0.0 0.08662683823529412 34
