0 4.5 89.69517777777777 208.96850897207656 1040.644 6.558 0 0
10 11.2 101.57872321428569 244.53663750051305 1113.822 5.703 89.69517777777777 45
20 7.3 107.94198630136985 263.97630546171945 1113.822 5.703 98.17261146496813 157
30 1.5 107.67853333333333 272.3614776762349 1117.373 5.703 101.27332608695652 230
40 0.6 5688.281666666667 7996.593431020417 17238.456 5.703 101.66548163265306 245
50 1.1 33.99618181818182 40.860453470135695 17238.456 5.703 235.21009163346613 251
60 18.7 89.9893101604278 226.10468896854294 17238.456 4.751 226.76217938931296 262
70 23.6 158.2990677966102 347.42541361637944 17238.456 4.637 169.79886859688196 449
80 7.7 470.89725974025976 563.6751704135206 17238.456 4.637 165.83689343065694 685
90 1.1 2099.4067272727266 4354.329570297049 17238.456 4.637 196.6632034120735 762
100 11 36.13774545454543 46.49407861524585 17238.456 4.637 223.73976067270374 773
110 42.8 95.90206074766355 255.1525608124765 17238.456 4.637 200.369181200453 883
120 29.5 267.3746169491526 965.9062002256243 17238.456 4.414 166.26397330282225 1311
130 9 1253.1733777777781 3636.4294008143443 17238.456 4.414 184.836600871731 1606
140 1.9 6168.541157894736 8036.841392853443 17521.471 4.414 241.52900058962268 1696
150 1.7 1039.6479411764706 3985.844396282991 17521.471 4.414 307.19269212827993 1715
160 24.2 45.0629090909091 116.14112530704521 17521.471 4.414 314.3819180138569 1732
170 83.6 89.25742822966504 263.11788129211504 17521.471 3.952 281.3650992907802 1974
180 52.4 347.73055152671776 1100.9889185843467 17521.471 3.952 224.21135800711747 2810
190 16 1979.5772312500008 4778.502902889859 17521.471 3.952 243.62469256148776 3334
200 5 1750.2271000000003 4897.691030818259 17521.471 3.952 323.1187985117345 3494
210 0.7 44.25271428571428 19.821406391750788 17521.471 3.952 343.25294497742675 3544
220 50.3 43.67390854870771 111.8472125584763 17521.471 3.952 342.66353308927074 3551
230 170.1 129.19643562610227 389.77353451143057 17521.471 3.952 305.5663991119883 4054
240 130 405.22221461538504 945.6331150133562 17521.471 3.952 253.43689296264125 5755
250 43.1 1031.1453874709991 3055.2211165679682 18758.824 3.952 281.4058395464211 7055
260 10 2474.9174699999994 5786.563357023826 19216.897 3.952 324.5714480363347 7486
270 2.9 3621.374310344828 6921.949054217256 19216.897 3.952 352.9176914052203 7586
280 0.8 43.817750000000004 18.604132932966802 19216.897 3.952 365.3648669730796 7615
290 105.3 40.29605413105414 83.64554465638989 19216.897 3.952 365.027417552145 7623
300 355.5 124.72437552742643 439.339865338408 19216.897 3.952 325.61500103734454 8676
310 220.5 553.2644267573687 1549.2713507869446 19216.897 3.952 267.22515771400555 12231
320 78.7 2390.9026162642917 3444.239268949236 19216.897 3.952 310.91569444444445 14436
330 35.4 3273.8118785310717 2803.9133747923092 19216.897 3.952 418.44704223871753 15223
340 5.1 2172.7340000000013 1089.669421353946 19216.897 3.952 483.3375315529304 15577
