0 4.5 89.69517777777777 208.96850897207656 1040.644 6.558 0 0
10 11.2 101.57872321428569 244.53663750051305 1113.822 5.703 89.69517777777777 45
20 7.3 107.94198630136985 263.97630546171945 1113.822 5.703 98.17261146496813 157
30 1.5 107.67853333333333 272.3614776762349 1117.373 5.703 101.27332608695652 230
40 0.7 4875.647 7666.321959043202 17238.456 5.703 101.66548163265306 245
50 1.2 31.151666666666667 37.62394612329878 17238.456 5.703 234.27607936507937 252
60 18.7 89.9893101604278 226.10468896854294 17238.456 4.751 225.04315151515152 264
70 23.6 158.2990677966102 347.42541361637944 17238.456 4.637 169.04521729490023 451
80 7.7 470.89725974025976 563.6751704135206 17238.456 4.637 165.35367248908295 687
90 1.1 2099.4067272727266 4354.329570297049 17238.456 4.637 196.14798691099475 764
100 11.1 35.81089189189188 46.172596259271 17238.456 4.637 223.16198193548382 775
110 42.8 95.90206074766355 255.1525608124765 17238.456 4.637 199.6902313769751 886
120 29.5 267.3746169491526 965.9062002256243 17238.456 4.414 165.88403881278535 1314
130 9.4 1199.8392872340435 3567.191214269832 17238.456 4.414 184.49169608452453 1609
140 2.3 5095.723608695652 7669.699200926079 17521.471 4.414 240.53554433352912 1703
150 2.3 768.3970434782609 3456.9246796322295 17521.471 4.414 305.2338789107764 1726
160 24.3 44.87689300411525 115.89327615414814 17521.471 4.414 311.32464665523156 1749
170 83.6 89.25742822966504 263.11788129211504 17521.471 3.952 278.82123092369477 1992
180 52.5 347.06795428571445 1100.0434601167792 17521.471 3.952 222.78327510608202 2828
190 16.5 1919.5855454545465 4717.761349513167 17521.471 3.952 242.24329794214137 3353
200 6.4 1367.3336093750004 4389.011842291809 17521.471 3.952 320.9134147242752 3518
210 1 30.930799999999998 7.083489673882501 17521.471 3.952 339.60992294807374 3582
220 50.4 43.58688888888885 111.73326045542372 17521.471 3.952 338.7505712694878 3592
230 170.1 129.19643562610227 389.77353451143057 17521.471 3.952 302.4316025390625 4096
240 130 405.22221461538504 945.6331150133562 17521.471 3.952 251.59961721580126 5797
250 43.5 1021.6622183908055 3042.732516156549 18758.824 3.952 279.7395885585459 7097
260 11.7 2115.288606837608 5420.295616109946 19216.897 3.952 322.58828000531076 7532
270 3.7 2838.3374324324327 6306.825725803652 19216.897 3.952 350.0096342005492 7649
280 1.1 31.822272727272722 7.030379235741633 19216.897 3.952 361.9883134270102 7686
290 105.4 40.25767741935481 83.60163143956609 19216.897 3.952 361.51646381707167 7697
300 355.5 124.72437552742643 439.339865338408 19216.897 3.952 322.82297040338256 8751
310 220.5 553.2644267573687 1549.2713507869446 19216.897 3.952 265.5955606208355 12306
320 78.7 2390.9026162642917 3444.239268949236 19216.897 3.952 309.30790641582246 14511
330 35.4 3273.8118785310717 2803.9133747923092 19216.897 3.952 416.39478291279886 15298
340 5.1 2172.7340000000013 1089.669421353946 19216.897 3.952 481.02075095834374 15652
