0 302.3984375 302.3984375
10 737.17890625 1039.57734375
20 762.3984375 1801.97578125
30 142.9296875 1944.90546875
40 517.809375 2462.71484375
50 19.021875 2481.73671875
60 943.16640625 3424.903125
70 2499.61015625 5924.51328125
80 2099.46328125 8023.9765625
90 674.809375 8698.7859375
100 155.5734375 8854.359375
110 2429.36640625 11283.72578125
120 4205.70859375 15489.434375
130 2977.9421875 18467.3765625
140 1855.20625 20322.5828125
150 284.88671875 20607.46953125
160 536.5953125 21144.06484375
170 4642.33359375 25786.3984375
180 8353.79140625 34140.18984375
190 7225.62265625 41365.8125
200 1702.29453125 43068.10703125
210 10.909375 43079.01640625
220 1067.48671875 44146.503125
230 10652.6265625 54799.1296875
240 19231.921875 74031.0515625
250 13087.25703125 87118.30859375
260 4806.08203125 91924.390625
270 1812.2203125 93736.6109375
280 12.58203125 93749.19296875
290 1899.82734375 95649.0203125
300 19045.09609375 114694.11640625
310 27105.13984375 141799.25625
320 19161.7359375 160960.9921875
330 14596.60234375 175557.59453125
340 2877.87421875 178435.46875
