0 0.5 1600.5783999999999 405.6253303478963 2025.015 873.733 0 0
10 1.5 4019.577266666667 1919.5022498442129 7277.304 873.733 1600.5783999999999 5
20 0.8 4312.762250000002 2230.560030779476 8217.959 873.733 3414.8275500000004 20
30 0.1 13137.21 0.0 13137.21 873.733 3671.380321428572 28
40 0 0 0 13137.21 873.733 3997.7882413793113 29
50 0.1 589.36 0.0 13137.21 589.36 3997.7882413793113 29
60 2.6 3363.5213846153856 1912.3181964440655 13137.21 589.36 3884.1739666666676 30
70 3.3 5508.138060606061 2974.8754738574326 14968.642 589.36 3642.442410714287 56
80 0 0 0 14968.642 589.36 4334.217202247191 89
90 0 0 0 14968.642 589.36 4334.217202247191 89
100 1.3 2810.8793076923075 1450.6740505785783 14968.642 589.36 4334.217202247191 89
110 6.7 3712.527626865672 2164.063509122573 14968.642 435.511 4140.066294117647 102
120 2.8 5620.622357142858 2350.3506820657663 14968.642 435.511 3970.5687159763315 169
130 0.1 2953.357 0.0 14968.642 435.511 4205.0941065989855 197
140 0 0 0 14968.642 435.511 4198.772202020203 198
150 0 0 0 14968.642 435.511 4198.772202020203 198
160 2.5 2052.64552 1181.2181064472088 14968.642 430.467 4198.772202020203 198
170 13.5 3712.076385185187 2326.0586762575817 14968.642 257.067 3958.1750403587453 223
180 4.5 5954.380311111113 2814.6121941821148 14968.642 257.067 3865.3724748603363 358
190 0.2 8564.557 1687.3430000000003 14968.642 257.067 4098.636377171217 403
200 0 0 0 14968.642 257.067 4120.690306172841 405
210 0 0 0 14968.642 257.067 4120.690306172841 405
220 5.5 2382.614872727272 1448.869795225532 14968.642 257.067 4120.690306172841 405
230 27.8 3797.9836474820167 2263.4344565761025 14968.642 257.067 3912.876939130436 460
240 12.6 6007.9726111111095 3296.876864635696 16682.393 257.067 3869.597352303524 738
250 0.5 10310.7566 3760.5837330484537 16682.393 257.067 4181.443744212964 864
260 0 0 0 16682.393 257.067 4216.710216340622 869
270 0 0 0 16682.393 257.067 4216.710216340622 869
280 0 0 0 16682.393 257.067 4216.710216340622 869
290 12.1 2212.8045619834716 1136.3131958277518 16682.393 257.067 4216.710216340622 869
300 56.8 3633.9201514084475 2234.8897155724394 16682.393 257.067 3971.7884141414143 990
310 25.3 6088.165158102768 3264.778833154971 18793.548 257.067 3848.611794608471 1558
320 1.4 12480.063928571424 4379.290482932278 22013.849 257.067 4161.48148039757 1811
330 0 0 0 22013.849 257.067 4225.295263561643 1825
340 0 0 0 22013.849 257.067 4225.295263561643 1825
