0 0.2 67.114 16.628999999999994 83.743 50.485 0 0
10 0.3 39.297 6.62197936169139 83.743 34.503 67.114 2
20 0.6 43.770999999999994 16.473752072109537 83.743 32.65 50.4238 5
30 0.1 35.856 0.0 83.743 32.65 46.795 11
40 0 0 0 83.743 32.65 45.88341666666667 12
50 0 0 0 83.743 32.65 45.88341666666667 12
60 0.2 35.425 0.2209999999999983 83.743 32.65 45.88341666666667 12
70 1 41.210899999999995 17.331478843133958 89.538 32.122 44.38935714285714 14
80 0.4 44.131 16.27606240772012 89.538 32.122 43.065 24
90 0 0 0 89.538 32.122 43.21728571428571 28
100 0 0 0 89.538 32.122 43.21728571428571 28
110 0.8 43.76825 20.681454662027527 97.918 32.122 43.21728571428571 28
120 1.4 40.98307142857143 9.633646598283137 97.918 31.721 43.339722222222214 36
130 0.2 33.582 0.2740000000000009 97.918 31.721 42.67986 50
140 0 0 0 97.918 31.721 42.32994230769231 52
150 0 0 0 97.918 31.721 42.32994230769231 52
160 0 0 0 97.918 31.721 42.32994230769231 52
170 2 48.521100000000004 25.611769561863543 147.968 31.721 42.32994230769231 52
180 3.2 43.99315624999999 10.248026901888768 147.968 31.721 44.049708333333335 72
190 0.6 52.8375 31.907946840612183 147.968 31.721 44.03230769230769 104
200 0.1 33.458 0.0 147.968 31.721 44.5125909090909 110
210 0 0 0 147.968 31.721 44.41299999999999 111
220 0 0 0 147.968 31.721 44.41299999999999 111
230 4.4 42.250772727272725 12.019776273942032 147.968 31.721 44.41299999999999 111
240 7 47.871242857142846 17.74575467415534 147.968 31.721 43.799206451612896 155
250 3.2 42.85759374999999 14.250671479485131 147.968 31.721 45.066062222222214 225
260 0.1 37.666 0.0 147.968 31.721 44.79107782101166 257
270 0 0 0 147.968 31.721 44.763461240310065 258
280 0 0 0 147.968 31.721 44.763461240310065 258
290 0.2 66.288 25.738 147.968 31.721 44.763461240310065 258
300 8.5 58.59016470588234 32.35060515002574 204.083 31.721 44.929034615384595 260
310 14.9 70.42236241610739 32.30431874242636 256.462 31.721 48.29482028985506 345
320 3.5 70.5270857142857 25.995271879293117 256.462 31.721 54.96891700404858 494
330 0.3 104.34466666666667 34.545132549881586 256.462 31.721 55.9982854442344 529
340 0 0 0 256.462 31.721 56.27091541353383 532
