10 0.2 8.5915 1.2405000000000006 9.832 7.351 0 0
20 0.2 8.9965 0.03049999999999997 9.832 7.351 8.5915 2
30 0 0 0 9.832 7.351 8.794 4
40 0 0 0 9.832 7.351 8.794 4
50 0 0 0 9.832 7.351 8.794 4
60 0.4 8.246 0.5763197897001281 9.832 7.351 8.794 4
70 0.9 8.017888888888889 1.0090149700953615 10.443 6.657 8.52 8
80 0.1 8.889 0.0 10.443 6.657 8.254176470588234 17
90 0 0 0 10.443 6.657 8.289444444444444 18
100 0.1 8.507 0.0 10.443 6.657 8.289444444444444 18
110 1.1 12.46490909090909 7.43238102622627 27.189 6.657 8.300894736842105 19
120 1.4 9.225714285714286 3.9100456414685687 27.189 6.55 9.8277 30
130 0.1 7.192 0.0 27.189 6.55 9.636159090909091 44
140 0 0 0 27.189 6.55 9.581844444444444 45
150 0 0 0 27.189 6.55 9.581844444444444 45
160 0.2 27.837500000000002 19.9605 47.798 6.55 9.581844444444444 45
170 2.5 7.834440000000002 1.0525590560153861 47.798 5.733 10.35868085106383 47
180 1.7 9.732882352941177 5.129472337068152 47.798 5.733 9.482208333333334 72
190 0.4 8.026250000000001 0.520685305630954 47.798 5.733 9.53008988764045 89
200 0 0 0 47.798 5.733 9.46540860215054 93
210 0 0 0 47.798 5.733 9.46540860215054 93
220 0.3 9.321333333333333 2.424001145947657 47.798 5.733 9.46540860215054 93
230 2.8 9.036750000000001 3.226890604469617 47.798 5.733 9.46090625 96
240 5.3 10.30835849056604 5.735779939379992 47.798 5.733 9.365129032258064 124
250 0.6 8.634500000000001 0.4700850100425101 47.798 5.733 9.647564971751413 177
260 0 0 0 47.798 5.733 9.614349726775957 183
270 0 0 0 47.798 5.733 9.614349726775957 183
280 0 0 0 47.798 5.733 9.614349726775957 183
290 0.2 7.568 0.13800000000000057 47.798 5.733 9.614349726775957 183
300 9.1 10.90805494505495 6.3915824578630245 49.826 5.733 9.592227027027027 185
310 8.7 22.96971264367817 21.37660146042598 113.375 5.733 10.026068840579713 276
320 1.8 18.97755555555555 8.05721467741953 113.375 5.733 13.128264462809922 363
330 0 0 0 113.375 5.733 13.404608923884517 381
340 0 0 0 113.375 5.733 13.404608923884517 381
