10 0.2 7.707000000000001 0.05699999999999972 7.764 7.65 0 0
20 0.3 6.876333333333334 0.7263320330415158 7.893 6.241 7.707000000000001 2
30 0.1 6.974 0.0 7.893 6.241 7.2086000000000015 5
40 0 0 0 7.893 6.241 7.169500000000002 6
50 0 0 0 7.893 6.241 7.169500000000002 6
60 0 0 0 7.893 6.241 7.169500000000002 6
70 0.4 6.211749999999999 0.2704194658304023 7.893 5.889 7.169500000000002 6
80 0 0 0 7.893 5.889 6.7864 10
90 0 0 0 7.893 5.889 6.7864 10
100 0 0 0 7.893 5.889 6.7864 10
110 0.2 6.755000000000001 0.2589999999999997 7.893 5.889 6.7864 10
120 0.7 6.6298571428571424 0.30748585499240155 7.893 5.889 6.7811666666666675 12
130 0.3 7.831666666666666 1.219683110028539 9.366 5.889 6.72542105263158 19
140 0 0 0 9.366 5.889 6.876272727272728 22
150 0 0 0 9.366 5.889 6.876272727272728 22
160 0 0 0 9.366 5.889 6.876272727272728 22
170 0.8 6.6579999999999995 0.7283476161833717 9.366 5.734 6.876272727272728 22
180 1 6.7858 0.7192244156033637 9.366 5.562 6.818066666666668 30
190 0.2 7.0695 0.6425000000000001 9.366 5.562 6.8100000000000005 40
200 0 0 0 9.366 5.562 6.822357142857144 42
210 0 0 0 9.366 5.562 6.822357142857144 42
220 0.2 6.1985 0.25349999999999984 9.366 5.562 6.822357142857144 42
230 1 6.9973 1.753433776907471 11.901 5.415 6.7940000000000005 44
240 2.6 8.360423076923077 3.8120129164067733 25.715 5.415 6.831648148148149 54
250 0.9 10.267999999999999 10.43694047335925 39.713 5.415 7.3285 80
260 0 0 0 39.713 5.415 7.625752808988764 89
270 0 0 0 39.713 5.415 7.625752808988764 89
280 0 0 0 39.713 5.415 7.625752808988764 89
290 0.1 6.11 0.0 39.713 5.415 7.625752808988764 89
300 3 7.691000000000001 2.5179490595853338 39.713 5.415 7.608911111111111 90
310 5.4 8.67825925925926 4.365126277012629 39.713 5.415 7.629433333333334 120
320 0.8 8.105624999999998 0.9890629324643606 39.713 5.415 7.954931034482759 174
330 0.2 9.1815 1.1864999999999999 39.713 5.415 7.961554945054946 182
340 0 0 0 39.713 5.415 7.974815217391305 184
