0 0.2 46.992 1.564 48.556 45.428 0 0
10 0.5 36.389399999999995 8.863037371014519 53.248 27.785 46.992 2
20 0.5 34.4512 7.802508709383157 53.248 27.785 39.41871428571428 7
30 0 0 0 53.248 27.785 37.34891666666667 12
40 0 0 0 53.248 27.785 37.34891666666667 12
50 0 0 0 53.248 27.785 37.34891666666667 12
60 0.6 36.73233333333334 10.429658442260813 53.472 27.002 37.34891666666667 12
70 0.8 32.43475 10.395953380402396 53.835 22.573 37.14338888888889 18
80 0.2 22.665 0.0730000000000004 53.835 22.573 35.69457692307693 26
90 0 0 0 53.835 22.573 34.763892857142864 28
100 0 0 0 53.835 22.573 34.763892857142864 28
110 1.2 24.93783333333333 1.8099481960051298 53.835 22.573 34.763892857142864 28
120 1.1 26.86854545454545 2.866592730803858 53.835 22.573 31.816075 40
130 0.1 24.103 0.0 53.835 22.573 30.748960784313727 51
140 0 0 0 53.835 22.573 30.62115384615385 52
150 0 0 0 53.835 22.573 30.62115384615385 52
160 0 0 0 53.835 22.573 30.62115384615385 52
170 2.9 26.804793103448272 8.3817180297125 64.068 21.382 30.62115384615385 52
180 2.4 31.333458333333336 13.402118765886634 77.9 21.382 29.254802469135804 81
190 0.6 31.13683333333333 8.95002978424591 77.9 21.382 29.72992380952381 105
200 0 0 0 77.9 21.382 29.805972972972974 111
210 0 0 0 77.9 21.382 29.805972972972974 111
220 0.1 23.221 0.0 77.9 21.382 29.805972972972974 111
230 5.7 29.87975438596492 19.632940533062317 163.039 21.382 29.747178571428574 112
240 7.2 32.955972222222215 15.481581215873037 163.039 21.382 29.791893491124267 169
250 1.7 32.933647058823524 12.552644506665784 163.039 21.382 30.737178423236514 241
260 0 0 0 163.039 21.382 30.881906976744187 258
270 0 0 0 163.039 21.382 30.881906976744187 258
280 0 0 0 163.039 21.382 30.881906976744187 258
290 0.7 23.49528571428571 1.1334249882906378 163.039 21.382 30.881906976744187 258
300 11 42.27938181818181 34.57923400907277 227.533 21.382 30.686788679245282 265
310 13.3 92.73475939849622 36.74991069891464 237.687 21.382 34.08728266666667 375
320 2.2 86.91095454545456 22.474665752347732 237.687 21.382 49.441838582677164 508
330 0.2 76.2405 2.207499999999996 237.687 21.382 50.99716037735849 530
340 0 0 0 237.687 21.382 51.092060150375936 532
