10 0.2 10.473500000000001 0.9234999999999993 11.397 9.55 0 0
20 0.1 9.187 0.0 11.397 9.187 10.473500000000001 2
30 0.1 9.182 0.0 11.397 9.182 10.044666666666666 3
40 0 0 0 11.397 9.182 9.829 4
50 0 0 0 11.397 9.182 9.829 4
60 0.1 8.875 0.0 11.397 8.875 9.829 4
70 1.2 9.330333333333334 0.9481866318868287 11.397 8.105 9.638200000000001 5
80 0.1 9.301 0.0 11.397 8.105 9.420882352941177 17
90 0 0 0 11.397 8.105 9.414222222222223 18
100 0 0 0 11.397 8.105 9.414222222222223 18
110 0.8 8.993875 1.0991079834916133 11.397 7.276 9.414222222222223 18
120 1.6 9.553812500000003 3.4215286462842522 21.851 7.274 9.284884615384616 26
130 0.3 9.110666666666667 0.07237095795659663 21.851 7.274 9.387333333333334 42
140 0 0 0 21.851 7.274 9.36888888888889 45
150 0 0 0 21.851 7.274 9.36888888888889 45
160 0 0 0 21.851 7.274 9.36888888888889 45
170 2.2 7.951136363636365 0.704955272304856 21.851 7.078 9.36888888888889 45
180 1.9 8.939947368421052 1.7385964234248572 21.851 7.078 8.903358208955225 67
190 0.7 13.593714285714286 12.52329217001305 43.955 6.533 8.911441860465116 86
200 0 0 0 43.955 6.533 9.263870967741935 93
210 0 0 0 43.955 6.533 9.263870967741935 93
220 0 0 0 43.955 6.533 9.263870967741935 93
230 2.1 9.386000000000001 4.942010165528849 43.955 6.533 9.263870967741935 93
240 5.5 9.764909090909088 4.517511391635191 43.955 6.533 9.28636842105263 114
250 1.2 8.353916666666665 0.977945163623991 43.955 6.476 9.442106508875739 169
260 0.2 8.342500000000001 0.2664999999999993 43.955 6.476 9.36996132596685 181
270 0 0 0 43.955 6.476 9.358732240437156 183
280 0 0 0 43.955 6.476 9.358732240437156 183
290 0 0 0 43.955 6.476 9.358732240437156 183
300 6.5 16.037492307692307 26.620122517271714 138.447 6.476 9.358732240437156 183
310 10.3 34.89540776699029 33.89439486995919 190.045 6.476 11.109213709677418 248
320 2.9 31.47072413793103 26.268977334486436 190.045 6.476 18.089207977207977 351
330 0.1 23.498 0.0 190.045 6.476 19.11042894736842 380
340 0 0 0 190.045 6.476 19.12194488188976 381
