10 0.3 22.028000000000002 8.398116137960146 33.302 13.156 0 0
20 0.2 15.1585 0.5694999999999997 33.302 13.156 22.028000000000002 3
30 0 0 0 33.302 13.156 19.2802 5
40 0 0 0 33.302 13.156 19.2802 5
50 0 0 0 33.302 13.156 19.2802 5
60 0.1 16.8 0.0 33.302 13.156 19.2802 5
70 1 14.2056 1.567617249203389 33.302 10.781 18.866833333333336 6
80 1.2 15.254333333333335 7.5912431715028665 39.838 10.732 15.953562500000002 16
90 0.2 14.713000000000001 1.1919999999999988 39.838 10.732 15.65389285714286 28
100 0 0 0 39.838 10.732 15.59116666666667 30
110 0.7 12.34742857142857 1.450413621512631 39.838 10.732 15.59116666666667 30
120 1.7 12.113588235294117 1.9738300796651673 39.838 10.732 14.977486486486487 37
130 0.7 15.287999999999998 8.837623096738172 39.838 10.24 14.075888888888889 54
140 0 0 0 39.838 10.24 14.214983606557375 61
150 0 0 0 39.838 10.24 14.214983606557375 61
160 0 0 0 39.838 10.24 14.214983606557375 61
170 0.9 11.091555555555555 0.5209947986754889 39.838 10.24 14.214983606557375 61
180 3 14.821433333333337 10.239628149769676 65.856 9.427 13.813399999999998 70
190 1.7 11.946882352941175 1.5279397463617834 65.856 9.427 14.11581 100
200 0 0 0 65.856 9.427 13.800666666666666 117
210 0 0 0 65.856 9.427 13.800666666666666 117
220 0 0 0 65.856 9.427 13.800666666666666 117
230 1.7 13.303117647058826 5.507566879061538 65.856 9.427 13.800666666666666 117
240 7.9 14.578873417721516 6.146072689365484 65.856 9.427 13.737544776119401 134
250 4.9 14.292897959183671 6.058264718362094 65.856 9.427 14.049586854460092 213
260 0.2 183.949 171.20499999999998 355.154 9.427 14.095091603053433 262
270 0 0 0 355.154 9.427 15.381863636363635 264
280 0 0 0 355.154 9.427 15.381863636363635 264
290 0 0 0 355.154 9.427 15.381863636363635 264
300 3 18.186466666666664 10.084049099884872 355.154 9.427 15.381863636363635 264
310 5.7 43.927368421052634 30.825508388193402 355.154 9.427 15.668047619047616 294
320 10.6 39.6226320754717 22.11567772875992 355.154 9.427 20.25716809116809 351
330 8.9 30.212606741573023 12.56914823803178 355.154 9.427 24.74893873085339 457
340 0.5 17.5366 3.848934740938069 355.154 9.427 25.639536630036627 546
