0 0.4 39.6215 0.49833246934150266 40.262 38.896 0 0
10 1.4 29.118642857142852 9.043757141232389 42.471 16.579 39.6215 4
20 1 26.7856 13.689897028100686 59.323 15.128 31.452611111111107 18
30 0.1 16.73 0.0 59.323 15.128 29.785821428571428 28
40 0 0 0 59.323 15.128 29.33562068965517 29
50 0.1 18.152 0.0 59.323 15.128 29.33562068965517 29
60 2.2 17.94127272727273 3.922954500950645 59.323 13.653 28.962833333333332 30
70 3.5 16.27488571428571 4.099610188935588 59.323 12.674 24.299865384615387 52
80 0.2 14.738 0.45899999999999963 59.323 12.674 21.07142528735632 87
90 0 0 0 59.323 12.674 20.9291011235955 89
100 0.5 18.220599999999997 1.9785835943927161 59.323 12.674 20.9291011235955 89
110 5.9 16.117932203389824 5.509685748411706 59.323 12.674 20.785031914893615 94
120 4.4 16.949090909090913 6.039510816351474 59.323 12.674 18.985300653594766 153
130 0.1 14.493 0.0 59.323 12.674 18.530512690355327 197
140 0 0 0 59.323 12.674 18.51012121212121 198
150 0 0 0 59.323 12.674 18.51012121212121 198
160 1.7 17.021176470588237 4.3596399910097015 59.323 12.674 18.51012121212121 198
170 12 15.877749999999999 5.5685393256071505 59.323 12.212 18.392390697674415 215
180 6.4 18.188593749999992 10.544716490556347 87.366 11.942 17.491623880597015 335
190 0.6 27.548999999999996 20.390443954624104 87.366 11.942 17.603418546365912 399
200 0 0 0 87.366 11.942 17.75076049382716 405
210 0 0 0 87.366 11.942 17.75076049382716 405
220 2.8 16.441749999999995 7.174309292911559 87.366 11.942 17.75076049382716 405
230 22.5 17.532844444444443 12.806106465893622 138.648 11.486 17.666113163972284 433
240 19.5 18.045230769230795 6.738782909442305 138.648 11.486 17.620542553191488 658
250 1.6 18.2669375 6.329211438528005 138.648 11.486 17.717628370457216 853
260 0 0 0 138.648 11.486 17.7277422324511 869
270 0 0 0 138.648 11.486 17.7277422324511 869
280 0 0 0 138.648 11.486 17.7277422324511 869
290 5.7 20.485368421052634 24.195975207308486 152.582 11.486 17.7277422324511 869
300 52.5 22.64781142857141 21.06172058572394 180.439 11.486 17.897488120950328 926
310 34 46.95543235294118 28.294298385293317 183.028 11.486 19.61624741557546 1451
320 3.3 51.926272727272725 39.36423418672638 260.304 11.486 24.806265773310997 1791
330 0.1 48.508 0.0 260.304 11.486 25.296923793859648 1824
340 0 0 0 260.304 11.486 25.309642191780824 1825
