10 0.1 44.548 0 44.548 44.548 0 0
20 0.2 40.707499999999996 6.188500000000003 46.896 34.519 44.548 1
30 0.1 27.0 0.0 46.896 27.0 41.98766666666666 3
40 0 0 0 46.896 27.0 38.24075 4
50 0 0 0 46.896 27.0 38.24075 4
60 0 0 0 46.896 27.0 38.24075 4
70 0.9 27.111444444444444 4.088011663146851 46.896 21.75 38.24075 4
80 0.5 28.062199999999997 1.6951648179454415 46.896 21.75 30.535846153846155 13
90 0 0 0 46.896 21.75 29.848722222222225 18
100 0 0 0 46.896 21.75 29.848722222222225 18
110 0.3 32.398 9.926334301577128 46.896 21.75 29.848722222222225 18
120 1.3 25.613384615384614 2.2348034000077925 46.896 21.75 30.212904761904763 21
130 1.1 28.487090909090906 7.271292175454541 50.677 21.75 28.454264705882352 34
140 0 0 0 50.677 21.75 28.462288888888885 45
150 0 0 0 50.677 21.75 28.462288888888885 45
160 0 0 0 50.677 21.75 28.462288888888885 45
170 1.2 25.394666666666666 5.87020051238078 50.677 21.75 28.462288888888885 45
180 2.9 28.558999999999994 8.516132985955702 60.712 21.75 27.81647368421052 57
190 0.7 31.444285714285712 9.43733465269399 60.712 21.75 28.066860465116275 86
200 0 0 0 60.712 21.75 28.3210752688172 93
210 0 0 0 60.712 21.75 28.3210752688172 93
220 0 0 0 60.712 21.75 28.3210752688172 93
230 1.1 28.112181818181817 8.985963931884212 60.712 21.75 28.3210752688172 93
240 4.3 29.733534883720928 8.00737798837941 60.712 21.75 28.298980769230766 104
250 3.2 28.64121875 8.91730020358732 74.968 21.75 28.718612244897955 147
260 0.4 25.4035 0.6099612692622378 74.968 21.75 28.70477653631285 179
270 0 0 0 74.968 21.75 28.632617486338795 183
280 0 0 0 74.968 21.75 28.632617486338795 183
290 0 0 0 74.968 21.75 28.632617486338795 183
300 3.6 49.036694444444414 49.458756559166126 292.198 21.75 28.632617486338795 183
310 9.2 97.2525 35.883896116654746 292.198 21.75 31.986712328767116 219
320 5.8 92.02743103448275 32.274681275763825 292.198 21.75 51.29363344051446 311
330 1.1 67.05836363636365 18.610279887850485 292.198 21.75 57.69623577235772 369
340 0.1 51.636 0.0 292.198 21.75 57.9672447368421 380
