10 0.3 45.903 10.40401191848606 59.129 33.707 0 0
20 0.6 28.8575 8.52413651052117 59.129 22.492 45.903 3
30 0.3 42.663666666666664 24.535107965706796 77.346 22.492 34.53933333333334 9
40 0 0 0 77.346 22.492 36.57041666666667 12
50 0 0 0 77.346 22.492 36.57041666666667 12
60 0.1 24.317 0.0 77.346 22.492 36.57041666666667 12
70 0.8 28.8855 5.596014742653917 77.346 22.46 35.62784615384616 13
80 0.6 27.936000000000003 4.368243125101901 77.346 22.46 33.059333333333335 21
90 0.1 27.871 0.0 77.346 22.46 31.920814814814815 27
100 0 0 0 77.346 22.46 31.77617857142857 28
110 0.3 30.33966666666667 8.112851629085519 77.346 22.46 31.77617857142857 28
120 1.3 28.27961538461539 5.8700767330649954 77.346 21.605 31.637161290322577 31
130 0.7 28.008285714285716 3.8903174205523467 77.346 21.605 30.64515909090909 44
140 0.1 24.762 0.0 77.346 21.605 30.283235294117645 51
150 0 0 0 77.346 21.605 30.17705769230769 52
160 0 0 0 77.346 21.605 30.17705769230769 52
170 1 35.680099999999996 11.93016315437471 77.346 21.605 30.17705769230769 52
180 3.2 31.016437500000006 5.755028398808624 77.346 21.605 31.06464516129032 62
190 1.3 30.51876923076923 5.952877573769178 77.346 21.605 31.048234042553194 94
200 0.4 26.32675 2.267367898577557 77.346 21.605 30.983906542056076 107
210 0 0 0 77.346 21.605 30.81608108108108 111
220 0 0 0 77.346 21.605 30.81608108108108 111
230 2.7 36.9481111111111 10.175676034811257 77.346 21.605 30.81608108108108 111
240 5.9 46.63974576271186 17.93840831949865 135.984 21.605 32.01582608695652 138
250 5 32.3815 5.606692430479845 135.984 21.605 36.395578680203045 197
260 1.1 28.208181818181824 4.645476975572964 135.984 21.605 35.58301214574899 247
270 0 0 0 135.984 21.605 35.268581395348846 258
280 0 0 0 135.984 21.605 35.268581395348846 258
290 0 0 0 135.984 21.605 35.268581395348846 258
300 4.8 57.38747916666666 39.807647288235536 257.307 21.605 35.268581395348846 258
310 13.4 132.5775746268656 39.822783066791416 293.774 21.605 38.73821241830066 306
320 6.9 135.82562318840579 29.175415421505715 293.774 21.605 67.31656363636363 440
330 2 89.24780000000001 24.619263611245568 293.774 21.605 76.60364636542238 509
340 0.3 47.32033333333333 14.748116859073528 293.774 21.605 77.08168620037806 529
