0 5.1 76.06109803921571 68.07651295338466 314.869 4.261 0 0
10 10.8 58.464444444444446 57.16152816026951 314.869 4.261 76.06109803921571 51
20 6.2 54.336451612903225 113.91467153739885 874.501 4.261 64.10865408805033 159
30 1.5 12.958466666666665 13.494592901685557 874.501 4.261 61.36713122171947 221
40 0 0 0 874.501 4.261 58.29030932203391 236
50 3.5 73.4549142857143 67.56374201950605 874.501 4.261 58.29030932203391 236
60 19.7 76.16276649746193 109.63137338485751 962.171 4.166 60.24883763837639 271
70 23.2 70.7497025862069 128.99428360093162 1111.734 4.145 66.94764957264958 468
80 4.8 84.09987499999998 201.25906342630725 1111.734 4.145 68.20775857142857 700
90 1.1 15.296999999999999 11.849317540762344 1111.734 4.145 69.22757352941176 748
100 20.9 71.83067942583735 62.971618472381714 1111.734 3.968 68.44597101449274 759
110 46.1 84.62745986984801 115.12240452400827 1320.594 3.968 69.1767603305785 968
120 28.2 76.90727659574462 180.48763108158192 1620.187 3.968 74.16120573827847 1429
130 7.1 83.72239436619716 273.27060700851496 1620.187 3.968 74.61380187025127 1711
140 0.7 19.065857142857144 12.138215571710123 1620.187 3.968 74.97671436588098 1782
150 34.1 87.53532258064517 81.07345169443327 1620.187 3.968 74.75794633873669 1789
160 101.1 162.38565182987148 302.5160985259077 4118.465 3.968 76.80352629107979 2130
170 57.6 230.74318055555523 820.7155686252686 7006.209 3.968 104.35001751034703 3141
180 13.1 202.6829160305343 837.7751836271265 7006.209 3.968 123.93636723163837 3717
190 2.2 102.45840909090909 339.3995855071476 7006.209 3.968 126.61718788981285 3848
200 64 130.88878437499983 147.66020026972112 7006.209 3.968 126.47985116279067 3870
210 113.2 572.1371095406363 1074.6888843458348 7006.209 3.968 127.10550909090904 4510
220 120.9 1807.8751149710536 2625.35256963534 8583.251 3.968 216.39579120879122 5642
230 75.8 615.2829340369402 987.3153112596046 8583.251 3.968 497.24508363742575 6851
240 11.8 99.1407033898305 318.9155375193821 8583.251 3.968 509.0038811933243 7609
250 1.8 2587.6448888888885 9704.581555086877 42547.8 3.968 502.7448084638287 7727
260 0 0 0 42547.8 3.968 507.5902831504202 7745
270 5.4 26394.08072222222 25506.570095572886 57420.0 3.968 507.5902831504202 7745
280 13.5 7609.124303703694 16790.273463476657 57420.0 3.968 686.8274268495967 7799
290 1.4 32.225928571428575 12.238077880500013 57420.0 3.968 804.6129169397534 7934
293 0.1 37.41 0.0 57420.0 3.968 803.2523963261201 7948
