10 0.1 808 0 808 808 0 0
20 0.1 1606.0 0.0 1606 808 808.0 1
30 0.1 806.0 0.0 1606 806 1207.0 2
40 0.1 103.0 0.0 1606 103 1073.3333333333333 3
50 0.1 15.0 0.0 1606 15 830.75 4
60 0.1 875.0 0.0 1606 15 667.6 5
70 0.1 3443.0 0.0 3443 15 702.1666666666666 6
80 0.1 2548.0 0.0 3443 15 1093.7142857142858 7
90 0.1 483.0 0.0 3443 15 1275.5 8
100 0.1 27.0 0.0 3443 15 1187.4444444444443 9
110 0.1 4099.0 0.0 4099 15 1071.4 10
120 0.1 7240.0 0.0 7240 15 1346.6363636363637 11
130 0.1 3986.0 0.0 7240 15 1837.75 12
140 0.1 562.0 0.0 7240 15 2003.0 13
150 0.1 22.0 0.0 7240 15 1900.0714285714287 14
160 0.1 7857.0 0.0 7857 15 1774.8666666666666 15
170 0.1 17440.0 0.0 17440 15 2155.0 16
180 0.1 8313.0 0.0 17440 15 3054.1176470588234 17
190 0.1 1289.0 0.0 17440 15 3346.277777777778 18
200 0.1 141.0 0.0 17440 15 3238.0 19
210 0.1 16355.0 0.0 17440 15 3083.15 20
220 0.1 17890.0 0.0 17890 15 3715.1428571428573 21
230 0.1 29440.0 0.0 29440 15 4359.454545454545 22
240 0.1 11744.0 0.0 29440 15 5449.91304347826 23
250 0.1 970.0 0.0 29440 15 5712.166666666667 24
260 0.1 211.0 0.0 29440 15 5522.48 25
270 0.1 39.0 0.0 29440 15 5318.192307692308 26
280 0.1 2218.0 0.0 29440 15 5122.666666666667 27
290 0.1 662.0 0.0 29440 15 5018.928571428572 28
293 0.1 44.0 0.0 29440 15 4868.689655172414 29
