10 0.1 271 0 271 271 0 0
20 0.1 434.0 0.0 434 271 271.0 1
30 0.1 232.0 0.0 434 232 352.5 2
40 0.1 74.0 0.0 434 74 312.3333333333333 3
50 0.1 15.0 0.0 434 15 252.75 4
60 0.1 282.0 0.0 434 15 205.2 5
70 0.1 945.0 0.0 945 15 218.0 6
80 0.1 763.0 0.0 945 15 321.85714285714283 7
90 0.1 189.0 0.0 945 15 377.0 8
100 0.1 25.0 0.0 945 15 356.1111111111111 9
110 0.1 1199.0 0.0 1199 15 323.0 10
120 0.1 1969.0 0.0 1969 15 402.6363636363636 11
130 0.1 1074.0 0.0 1969 15 533.1666666666666 12
140 0.1 243.0 0.0 1969 15 574.7692307692307 13
150 0.1 22.0 0.0 1969 15 551.0714285714286 14
160 0.1 2306.0 0.0 2306 15 515.8 15
170 0.1 4907.0 0.0 4907 15 627.6875 16
180 0.1 2937.0 0.0 4907 15 879.4117647058823 17
190 0.1 745.0 0.0 4907 15 993.7222222222222 18
200 0.1 85.0 0.0 4907 15 980.6315789473684 19
210 0.1 4597.0 0.0 4907 15 935.85 20
220 0.1 5432.0 0.0 5432 15 1110.1904761904761 21
230 0.1 7077.0 0.0 7077 15 1306.6363636363637 22
240 0.1 3304.0 0.0 7077 15 1557.5217391304348 23
250 0.1 443.0 0.0 7077 15 1630.2916666666667 24
260 0.1 66.0 0.0 7077 15 1582.8 25
270 0.1 10.0 0.0 7077 10 1524.4615384615386 26
280 0.1 445.0 0.0 7077 10 1468.3703703703704 27
290 0.1 418.0 0.0 7077 10 1431.8214285714287 28
293 0.1 42.0 0.0 7077 10 1396.8620689655172 29
