0 17.25 17.25
10 47.815625 65.065625
20 29.07890625 94.14453125
30 6.7578125 100.90234375
40 0 100.90234375
50 10.86640625 111.76875
60 79.2421875 191.0109375
70 106.3265625 297.3375
80 21.9296875 319.2671875
90 5.33671875 324.60390625
100 76.4796875 401.08359375
110 196.0734375 597.15703125
120 131.4875 728.64453125
130 32.49921875 761.14375
140 4.096875 765.240625
150 120.35625 885.596875
160 435.140625 1320.7375
170 266.37421875 1587.11171875
180 60.13203125 1647.24375
190 11.88046875 1659.12421875
200 227.0140625 1886.13828125
210 567.7828125 2453.92109375
220 484.98515625 2938.90625
230 323.33671875 3262.24296875
240 53.60234375 3315.8453125
250 7.81171875 3323.65703125
260 0 3323.65703125
270 13.59765625 3337.2546875
280 65.56328125 3402.81796875
290 9.240625 3412.05859375
293 0.8734375 3412.93203125
