0 0.5 2455.6008 1069.1450215042673 4142.015 1010.989 0 0
10 1.9 5177.424526315791 2435.022444849682 9578.791 1010.989 2455.6008 5
20 0.4 8709.75175 4730.293950382437 16657.509 1010.989 4610.377916666667 24
30 0 0 0 16657.509 1010.989 5196.00275 28
40 0 0 0 16657.509 1010.989 5196.00275 28
50 0.3 1001.0533333333333 321.44009587929276 16657.509 725.495 5196.00275 28
60 3 3524.800566666667 2611.3010391965495 16657.509 275.718 4790.0399032258065 31
70 2.6 3783.4485769230764 2126.618802634273 16657.509 275.718 4167.791049180328 61
80 0.1 8363.752 0.0 16657.509 275.718 4052.9300804597697 87
90 0 0 0 16657.509 275.718 4101.916693181817 88
100 2.9 2147.707620689656 1271.6715715439782 16657.509 275.718 4101.916693181817 88
110 6.8 3729.049970588235 2656.7452838321738 16657.509 204.229 3617.540085470085 117
120 2.2 6066.1875 2784.2850140529754 16657.509 204.229 3658.527502702702 185
130 0 0 0 16657.509 204.229 3914.4140724637673 207
140 0 0 0 16657.509 204.229 3914.4140724637673 207
150 4.8 2173.7862499999987 1454.7818635097337 16657.509 204.229 3914.4140724637673 207
160 15.2 3517.4876118421075 2429.1966649291394 16657.509 204.229 3586.7664823529403 255
170 3.8 6171.2158947368425 2639.442590188931 16657.509 204.229 3560.8932923832926 407
180 0.2 11927.574 180.30800000000045 16657.509 204.229 3783.7972449438207 445
190 0 0 0 16657.509 204.229 3820.2347248322153 447
200 8.8 2385.2369545454517 1422.2007512147802 16657.509 198.068 3820.2347248322153 447
210 22.6 4425.496030973451 2678.492320886696 16657.509 198.068 3584.197708411215 535
220 13.4 5266.074432835822 3286.9447488678957 17692.376 198.068 3834.0445164257553 761
230 1.9 8448.455368421055 3507.7440884475536 18505.918 198.068 4048.448995530726 895
240 0 0 0 18505.918 198.068 4139.915211159738 914
250 0 0 0 18505.918 198.068 4139.915211159738 914
260 0 0 0 18505.918 198.068 4139.915211159738 914
270 0 0 0 18505.918 198.068 4139.915211159738 914
280 0 0 0 18505.918 198.068 4139.915211159738 914
290 0 0 0 18505.918 198.068 4139.915211159738 914
293 0 0 0 18505.918 198.068 4139.915211159738 914
