0 0.1 99.697 0 99.697 99.697 0 0
10 0 0 0 99.697 99.697 99.697 1
20 0 0 0 99.697 99.697 99.697 1
30 0 0 0 99.697 99.697 99.697 1
40 0 0 0 99.697 99.697 99.697 1
50 0.2 121.882 1.1550000000000011 123.037 99.697 99.697 1
60 0.5 128.5896 21.417811695875937 166.72 99.697 114.48700000000001 3
70 0 0 0 166.72 99.697 123.301125 8
80 0 0 0 166.72 99.697 123.301125 8
90 0 0 0 166.72 99.697 123.301125 8
100 0.3 141.40200000000002 24.794995019156598 174.949 99.697 123.301125 8
110 0.6 179.30066666666667 57.24567399570227 268.369 99.697 128.23772727272728 11
120 0 0 0 268.369 99.697 146.25994117647062 17
130 0 0 0 268.369 99.697 146.25994117647062 17
140 0 0 0 268.369 99.697 146.25994117647062 17
150 1.2 173.75900000000001 31.958587387951507 268.369 99.697 146.25994117647062 17
160 1.1 379.24345454545454 135.92206686277228 589.614 99.697 157.63886206896552 29
170 0 0 0 589.614 99.697 218.580125 40
180 0 0 0 589.614 99.697 218.580125 40
190 0 0 0 589.614 99.697 218.580125 40
200 1.7 264.4570588235294 80.08265763239334 589.614 99.697 218.580125 40
210 2.4 2345.848 1886.9136121206193 5827.391 99.697 232.2627192982456 57
220 1.1 6450.92090909091 529.9392101189881 7549.213 99.697 858.5102098765431 81
230 0 0 0 7549.213 99.697 1527.1680108695653 92
240 0 0 0 7549.213 99.697 1527.1680108695653 92
250 0 0 0 7549.213 99.697 1527.1680108695653 92
260 0 0 0 7549.213 99.697 1527.1680108695653 92
270 0 0 0 7549.213 99.697 1527.1680108695653 92
280 0 0 0 7549.213 99.697 1527.1680108695653 92
290 0 0 0 7549.213 99.697 1527.1680108695653 92
293 0 0 0 7549.213 99.697 1527.1680108695653 92
