0 0.1 72.674 0 72.674 72.674 0 0
10 0.5 70.28200000000001 11.811715370766432 92.897 61.234 72.674 1
20 0.3 61.13066666666666 1.0298745338902016 92.897 59.724 70.68066666666668 6
30 0 0 0 92.897 59.724 67.49733333333334 9
40 0 0 0 92.897 59.724 67.49733333333334 9
50 0 0 0 92.897 59.724 67.49733333333334 9
60 0.4 67.47 4.791881415477636 92.897 59.298 67.49733333333334 9
70 0.8 71.054625 15.87735446270489 111.312 59.298 67.48892307692309 13
80 0 0 0 111.312 59.298 68.84728571428572 21
90 0 0 0 111.312 59.298 68.84728571428572 21
100 0.5 65.8364 4.442311767537256 111.312 59.298 68.84728571428572 21
110 1.6 72.664 14.459941437467856 111.856 59.298 68.26826923076923 26
120 1.3 65.21676923076922 4.218030148228075 111.856 59.298 69.94283333333334 42
130 0.1 61.525 0.0 111.856 59.298 68.82576363636363 55
140 0 0 0 111.856 59.298 68.69539285714286 56
150 0.7 108.65957142857143 53.12414487071673 193.69 59.298 68.69539285714286 56
160 4.6 103.04826086956518 43.51251905133529 268.735 59.298 73.13585714285715 63
170 2.2 93.40050000000001 23.800848084106736 268.735 59.298 85.75944036697247 109
180 0.2 73.02 0.4549999999999983 268.735 59.298 87.04267175572518 131
190 0 0 0 268.735 59.298 86.8318045112782 133
200 1.1 101.93909090909091 22.975114119627733 268.735 59.298 86.8318045112782 133
210 3.5 394.85491428571424 505.6018913982125 2954.039 59.298 87.98583333333333 144
220 7.9 334.91240506329103 298.84990776852123 2954.039 59.298 147.98816759776534 179
230 1.9 175.75563157894737 48.51152523311563 2954.039 59.298 205.22465891472862 258
240 0 0 0 2954.039 59.298 203.20331768953065 277
250 0 0 0 2954.039 59.298 203.20331768953065 277
260 0 0 0 2954.039 59.298 203.20331768953065 277
270 0 0 0 2954.039 59.298 203.20331768953065 277
280 0 0 0 2954.039 59.298 203.20331768953065 277
290 0 0 0 2954.039 59.298 203.20331768953065 277
293 0 0 0 2954.039 59.298 203.20331768953065 277
