20 0.2 6.393 0.33499999999999996 6.728 6.058 0 0
30 0 0 0 6.728 6.058 6.393 2
40 0 0 0 6.728 6.058 6.393 2
50 0 0 0 6.728 6.058 6.393 2
60 0.2 7.433 0.27800000000000025 7.711 6.058 6.393 2
70 0.2 6.4165 0.16849999999999987 7.711 6.058 6.913 4
80 0 0 0 7.711 6.058 6.7475 6
90 0 0 0 7.711 6.058 6.7475 6
100 0.2 5.9765 0.09650000000000047 7.711 5.88 6.7475 6
110 0.4 6.88975 0.8245739430154216 7.998 5.83 6.55475 8
120 0.6 6.380833333333334 0.44745257352657564 7.998 5.83 6.666416666666667 12
130 0.1 6.97 0.0 7.998 5.83 6.5712222222222225 18
140 0 0 0 7.998 5.83 6.59221052631579 19
150 0 0 0 7.998 5.83 6.59221052631579 19
160 0.9 8.638666666666664 1.9933112596325184 14.017 5.83 6.59221052631579 19
170 1.3 8.628384615384615 4.2409830053975694 22.019 5.83 7.25 28
180 0.2 6.2945 0.10250000000000004 22.019 5.83 7.687048780487804 41
190 0 0 0 22.019 5.83 7.622279069767441 43
200 0.4 8.4065 1.5901815147963452 22.019 5.83 7.622279069767441 43
210 1.1 14.395272727272728 12.845576876468265 52.35 5.83 7.689021276595744 47
220 1.6 8.404812500000004 1.4969446473880557 52.35 5.83 8.960896551724137 58
230 1.1 10.378454545454543 6.862504795343731 52.35 5.83 8.840662162162163 74
240 0 0 0 52.35 5.83 9.039670588235294 85
250 0 0 0 52.35 5.83 9.039670588235294 85
260 0 0 0 52.35 5.83 9.039670588235294 85
270 0 0 0 52.35 5.83 9.039670588235294 85
280 0 0 0 52.35 5.83 9.039670588235294 85
290 0 0 0 52.35 5.83 9.039670588235294 85
293 0 0 0 52.35 5.83 9.039670588235294 85
