0 0.1 10.036 0 10.036 10.036 0 0
10 0.1 10.845 0.0 10.845 10.036 10.036 1
20 0.2 10.834499999999998 0.2724999999999995 11.107 10.036 10.4405 2
30 0.1 11.128 0.0 11.128 10.036 10.6375 4
40 0 0 0 11.128 10.036 10.7356 5
50 0 0 0 11.128 10.036 10.7356 5
60 0.5 12.8178 4.9197590754019656 22.638 9.769 10.7356 5
70 0.9 12.688777777777778 5.307648124855674 27.661 9.769 11.7767 10
80 0.6 14.3215 4.316552241083154 27.661 9.769 12.208736842105264 19
90 0 0 0 27.661 9.769 12.7158 25
100 0.1 10.739 0.0 27.661 9.769 12.7158 25
110 1.1 13.990090909090908 6.037751334193362 28.9 9.608 12.639769230769229 26
120 2.2 13.160954545454546 4.2030896371519235 28.9 9.608 13.041216216216215 37
130 0.3 17.708333333333332 7.441429537095381 28.9 9.608 13.085864406779661 59
140 0 0 0 28.9 9.608 13.309532258064516 62
150 0.1 15.632 0.0 28.9 9.608 13.309532258064516 62
160 1.9 19.26494736842105 6.276174274472126 33.475 9.608 13.346396825396825 63
170 3.7 17.648756756756747 5.021702599207441 36.741 9.608 14.717768292682926 82
180 0.6 13.124833333333333 0.6298405662458465 36.741 9.608 15.629084033613442 119
190 0 0 0 36.741 9.608 15.508879999999998 125
200 0.1 17.952 0.0 36.741 9.608 15.508879999999998 125
210 1.4 360.2477857142857 659.246107613427 1964.966 9.608 15.52826984126984 126
220 2.2 174.6587727272727 423.7173962176303 1964.966 9.608 50.00022142857143 140
230 8.3 149.6183855421686 350.5599930038214 1964.966 9.608 66.92916049382715 162
240 1.5 20.8584 6.617426164302855 1964.966 9.608 94.94224489795914 245
250 0.1 17.59 0.0 1964.966 9.608 90.66817692307689 260
260 0 0 0 1964.966 9.608 90.38818390804595 261
270 0 0 0 1964.966 9.608 90.38818390804595 261
280 0 0 0 1964.966 9.608 90.38818390804595 261
290 0 0 0 1964.966 9.608 90.38818390804595 261
293 0 0 0 1964.966 9.608 90.38818390804595 261
