0 0.1 8.573 0 8.573 8.573 0 0
10 0.5 9.5166 0.6564472865356368 10.526 8.488 8.573 1
20 0.3 8.880333333333333 0.7370817834918694 10.526 7.838 9.359333333333334 6
30 0 0 0 10.526 7.838 9.199666666666666 9
40 0 0 0 10.526 7.838 9.199666666666666 9
50 0 0 0 10.526 7.838 9.199666666666666 9
60 0.4 8.93675 0.37569227766883906 10.526 7.838 9.199666666666666 9
70 0.8 10.1725 2.418858925195928 14.786 7.838 9.11876923076923 13
80 0 0 0 14.786 7.838 9.520190476190475 21
90 0 0 0 14.786 7.838 9.520190476190475 21
100 0.5 11.0698 3.8088048204128295 18.658 7.838 9.520190476190475 21
110 1.6 10.2436875 1.9572382877012573 18.658 7.838 9.818192307692307 26
120 1.3 9.724461538461536 2.643785590497216 18.658 7.793 9.980285714285714 42
130 0.1 9.35 0.0 18.658 7.793 9.919818181818181 55
140 0 0 0 18.658 7.793 9.909642857142856 56
150 0.7 26.271571428571423 41.934965870149604 128.977 7.793 9.909642857142856 56
160 4.6 28.670326086956532 38.41023197696288 175.375 7.793 11.72763492063492 63
170 2.2 17.333772727272734 3.519950592781075 175.375 7.793 18.87776146788991 109
180 0.2 10.637 1.673 175.375 7.793 18.61846564885497 131
190 0 0 0 175.375 7.793 18.498443609022562 133
200 1.1 14.919272727272727 4.488255099112655 175.375 7.793 18.498443609022562 133
210 3.3 220.184 501.7106065721855 2564.547 7.793 18.225034722222226 144
220 8.1 121.24364197530868 198.18295439803487 2564.547 7.793 55.878401129943505 177
230 1.9 132.5415263157895 361.97344954777066 2564.547 7.793 76.40004651162792 258
240 0 0 0 2564.547 7.793 80.25090613718413 277
250 0 0 0 2564.547 7.793 80.25090613718413 277
260 0 0 0 2564.547 7.793 80.25090613718413 277
270 0 0 0 2564.547 7.793 80.25090613718413 277
280 0 0 0 2564.547 7.793 80.25090613718413 277
290 0 0 0 2564.547 7.793 80.25090613718413 277
293 0 0 0 2564.547 7.793 80.25090613718413 277
