10 0.3 9.229 0.644156813206225 9.806 8.33 0 0
20 0.6 9.304166666666667 0.8096586557858125 10.951 8.33 9.229 3
30 0 0 0 10.951 8.33 9.279111111111112 9
40 0 0 0 10.951 8.33 9.279111111111112 9
50 0 0 0 10.951 8.33 9.279111111111112 9
60 0.3 8.387666666666668 0.4278834212986311 10.951 7.82 9.279111111111112 9
70 0.8 12.576 6.104610306972919 28.231 7.82 9.05625 12
80 0.1 10.072 0.0 28.231 7.82 10.46415 20
90 0 0 0 28.231 7.82 10.44547619047619 21
100 0.2 8.943 0.41999999999999993 28.231 7.82 10.44547619047619 21
110 1.1 9.950181818181818 1.248568621784876 28.231 7.82 10.31482608695652 23
120 1.6 9.413499999999999 1.1917663361582251 28.231 7.82 10.19685294117647 34
130 0.6 9.836666666666668 1.1326127120757368 28.231 7.82 9.94618 50
140 0 0 0 28.231 7.82 9.93444642857143 56
150 0 0 0 28.231 7.82 9.93444642857143 56
160 2.8 22.03325 22.23478959813235 135.066 7.82 9.93444642857143 56
170 3.8 29.117473684210523 31.110651351465872 137.675 7.82 13.967380952380953 84
180 1 9.7773 1.535536586994918 137.675 7.82 18.686262295081967 122
190 0.1 12.272 0.0 137.675 7.82 18.01134090909091 132
200 0.4 17.020999999999997 8.643913031723537 137.675 7.82 17.968187969924813 133
210 2.5 319.3106 540.627031459952 2484.203 7.82 17.940532846715328 137
220 5 180.83710000000008 423.5763514002287 2510.788 7.82 64.44825925925926 162
230 6.1 424.96026229508203 711.4100652072108 2510.788 7.82 91.89845754716984 212
240 0.4 31.295 4.362321916135947 2510.788 7.82 166.31886080586085 273
250 0 0 0 2510.788 7.82 164.3690577617329 277
260 0 0 0 2510.788 7.82 164.3690577617329 277
270 0 0 0 2510.788 7.82 164.3690577617329 277
280 0 0 0 2510.788 7.82 164.3690577617329 277
290 0 0 0 2510.788 7.82 164.3690577617329 277
293 0 0 0 2510.788 7.82 164.3690577617329 277
