10 0.3 7.288333333333334 0.24037516972895126 7.523 6.958 0 0
20 0.6 6.923000000000001 0.3471099729672618 7.554 6.517 7.288333333333334 3
30 0.2 7.926 0.08099999999999974 8.007 6.517 7.044777777777778 9
40 0 0 0 8.007 6.517 7.205000000000001 11
50 0 0 0 8.007 6.517 7.205000000000001 11
60 0.1 7.239 0.0 8.007 6.517 7.205000000000001 11
70 1.4 8.064857142857146 3.7561728405603576 21.488 6.228 7.207833333333334 12
80 0.1 22.522 0.0 22.522 6.228 7.669307692307694 26
90 0.1 7.543 0.0 22.522 6.228 8.21940740740741 27
100 0.1 6.767 0.0 22.522 6.228 8.195250000000003 28
110 0.7 8.576142857142857 3.2452115241898634 22.522 6.228 8.146000000000003 29
120 1.2 7.179333333333333 0.8820470823916119 22.522 6.025 8.229638888888891 36
130 0.4 7.2015 0.2053661364490257 22.522 6.025 7.967062500000001 48
140 0.1 7.173 0.0 22.522 6.025 7.908173076923077 52
150 0 0 0 22.522 6.025 7.894301886792453 53
160 2.1 18.029571428571426 25.744154422151148 131.099 6.025 7.894301886792453 53
170 2.7 12.006888888888893 2.7615859149105058 131.099 6.025 10.770527027027027 74
180 0.4 7.072 0.7988156858750329 131.099 5.974 11.101039603960398 101
190 0.1 7.167 0.0 131.099 5.974 10.947552380952382 105
200 0 0 0 131.099 5.974 10.911886792452831 106
210 2.2 165.54595454545458 435.3094292953083 1953.897 5.974 10.911886792452831 106
220 3.2 83.42703124999998 202.7041032747124 1953.897 5.974 37.48961718750001 128
230 3.4 329.50732352941174 642.6656539686284 2500.734 5.974 46.67710000000001 160
240 0.5 19.8534 4.739770483894764 2500.734 5.974 96.24528350515463 194
250 0 0 0 2500.734 5.974 94.32588944723618 199
260 0 0 0 2500.734 5.974 94.32588944723618 199
270 0 0 0 2500.734 5.974 94.32588944723618 199
280 0 0 0 2500.734 5.974 94.32588944723618 199
290 0 0 0 2500.734 5.974 94.32588944723618 199
293 0 0 0 2500.734 5.974 94.32588944723618 199
