20 0.2 124.493 0.03200000000000003 124.525 124.461 0 0
30 0 0 0 124.525 124.461 124.493 2
40 0 0 0 124.525 124.461 124.493 2
50 0 0 0 124.525 124.461 124.493 2
60 0.2 139.611 2.100999999999999 141.712 124.461 124.493 2
70 0.2 131.989 7.067000000000007 141.712 124.461 132.052 4
80 0 0 0 141.712 124.461 132.03099999999998 6
90 0 0 0 141.712 124.461 132.03099999999998 6
100 0.2 124.0815 0.17249999999999943 141.712 123.909 132.03099999999998 6
110 0.3 124.56700000000001 0.5404559803227891 141.712 123.909 130.043625 8
120 0.7 127.18085714285712 3.6815865535147148 141.712 123.909 128.54999999999998 11
130 0.1 124.547 0.0 141.712 123.909 128.01755555555553 18
140 0 0 0 141.712 123.909 127.8348947368421 19
150 0 0 0 141.712 123.909 127.8348947368421 19
160 0.6 129.7055 2.087587982177837 141.712 123.909 127.8348947368421 19
170 1.5 129.68120000000005 2.1961450832462486 141.712 123.909 128.28383999999997 25
180 0.3 124.46 0.36207826041709174 141.712 123.909 128.80785 40
190 0 0 0 141.712 123.909 128.504511627907 43
200 0.2 137.7615 2.5805000000000007 141.712 123.909 128.504511627907 43
210 1.2 260.9393333333333 320.18983490431975 1319.23 123.909 128.91593333333336 45
220 1.4 165.7012857142857 33.53002980576532 1319.23 123.909 156.71033333333335 57
230 1.3 144.1076923076923 13.843263367954687 1319.23 123.909 158.4831971830986 71
240 0.1 131.396 0.0 1319.23 123.909 156.25841666666668 84
250 0 0 0 1319.23 123.909 155.96591764705883 85
260 0 0 0 1319.23 123.909 155.96591764705883 85
270 0 0 0 1319.23 123.909 155.96591764705883 85
280 0 0 0 1319.23 123.909 155.96591764705883 85
290 0 0 0 1319.23 123.909 155.96591764705883 85
293 0 0 0 1319.23 123.909 155.96591764705883 85
