10 0.2 7.5495 0.2955000000000003 7.845 7.254 0 0
20 0.4 7.72275 0.5407196015496387 8.609 7.228 7.5495 2
30 0.5 8.156600000000001 0.8583198937459156 8.793 6.513 7.664999999999999 6
40 0 0 0 8.793 6.513 7.888454545454545 11
50 0 0 0 8.793 6.513 7.888454545454545 11
60 0.1 7.04 0.0 8.793 6.513 7.888454545454545 11
70 1 7.1173 0.3560104071512516 8.793 6.331 7.81775 12
80 0.4 8.1 0.31223308601107624 8.793 6.331 7.499363636363636 22
90 0.2 8.518 0.18199999999999994 8.793 6.331 7.591769230769231 26
100 0 0 0 8.793 6.331 7.657928571428571 28
110 0.5 7.5508 1.0192921857838406 9.382 6.331 7.657928571428571 28
120 0.8 7.415625 0.7637759713260165 9.382 6.331 7.641696969696969 33
130 1.1 9.429727272727272 3.162720063228345 17.673 6.331 7.597585365853658 41
140 0.1 7.363 0.0 17.673 6.331 7.985153846153845 52
150 0 0 0 17.673 6.331 7.973415094339622 53
160 1 11.302900000000003 2.643530724239838 18.14 6.331 7.973415094339622 53
170 2.5 11.367079999999998 2.275904284806371 19.384 6.331 8.501904761904761 63
180 1.5 7.3762 0.6572544104074157 19.384 6.049 9.315875 88
190 0.3 8.615 0.6871700420322955 19.384 6.049 9.033398058252427 103
200 0 0 0 19.384 6.049 9.021556603773584 106
210 1.6 289.950875 384.46827986289634 1265.317 6.049 9.021556603773584 106
220 1.5 45.391133333333336 30.244875523779044 1265.317 6.049 45.864745901639346 122
230 3.9 76.92471794871794 241.9234257198931 1265.317 6.049 45.812890510948904 137
240 2.1 15.90480952380952 4.7993370536142805 1265.317 6.049 52.70698863636364 176
250 0.2 14.035 2.965 1265.317 6.049 48.78391370558376 197
260 0 0 0 1265.317 6.049 48.4346783919598 199
270 0 0 0 1265.317 6.049 48.4346783919598 199
280 0 0 0 1265.317 6.049 48.4346783919598 199
290 0 0 0 1265.317 6.049 48.4346783919598 199
293 0 0 0 1265.317 6.049 48.4346783919598 199
