0 0.3 102.356 4.577453950250797 106.733 96.037 0 0
10 1.7 107.69358823529411 15.358004397243283 145.309 95.236 102.356 3
20 0.8 106.31524999999999 5.6218075329470345 145.309 95.236 106.89295 20
30 0 0 0 145.309 95.236 106.72789285714285 28
40 0 0 0 145.309 95.236 106.72789285714285 28
50 0.1 109.961 0.0 145.309 95.236 106.72789285714285 28
60 2.2 132.53731818181822 46.34037449566803 243.89 95.236 106.83937931034481 29
70 3.3 125.1291515151515 19.983943858221732 243.89 95.236 117.92476470588237 51
80 0.4 124.60175000000001 10.333168884108108 243.89 95.236 120.75505952380952 84
90 0 0 0 243.89 95.236 120.92990909090908 88
100 1.8 134.90788888888892 32.18776207382222 243.89 95.236 120.92990909090908 88
110 6.3 159.2529047619047 45.31065996258382 315.396 95.236 123.30352830188679 106
120 3.8 172.74273684210524 60.67938827827359 358.207 95.236 136.70477514792898 169
130 0 0 0 358.207 95.236 143.32043961352656 207
140 0 0 0 358.207 95.236 143.32043961352656 207
150 2.6 170.96988461538467 50.67697160926929 358.207 95.236 143.32043961352656 207
160 14.2 407.52343661971827 133.61018953918406 795.887 95.236 146.40578540772535 233
170 6.8 496.6371911764704 98.65743754784823 795.887 95.236 245.28233599999996 375
180 0.4 167.48775 1.5812478260854634 795.887 95.236 283.8650225733634 443
190 0 0 0 795.887 95.236 282.8236152125279 447
200 4.4 360.16659090909104 110.48904362081214 795.887 95.236 282.8236152125279 447
210 9.4 1833.8099042553204 1518.450433975906 5761.923 95.236 289.7545539714867 491
220 26.1 5531.107256704977 1336.5293700168188 8500.641 95.236 537.8591743589745 585
230 6.7 2555.1246119402995 463.3015407703796 8500.641 95.236 2078.329327423167 846
240 0 0 0 8500.641 95.236 2113.318685651697 913
250 0.1 1713.623 0.0 8500.641 95.236 2113.318685651697 913
260 0 0 0 8500.641 95.236 2112.8813818380736 914
270 0 0 0 8500.641 95.236 2112.8813818380736 914
280 0 0 0 8500.641 95.236 2112.8813818380736 914
290 0 0 0 8500.641 95.236 2112.8813818380736 914
293 0 0 0 8500.641 95.236 2112.8813818380736 914
