0 16 16
10 26 10
20 10 -16
30 2 -8
40 0 -2
50 33 33
60 36 3
70 12 -24
80 4 -8
90 0 -4
100 65 65
110 94 29
120 35 -59
130 7 -28
140 33 26
150 183 150
160 127 -56
170 42 -85
180 13 -29
190 3 -10
200 1 -2
210 85 84
220 391 306
230 257 -134
240 93 -164
250 27 -66
260 7 -20
270 124 117
280 686 562
290 539 -147
300 183 -356
310 103 -80
320 85 -18
330 54 -31
340 12 -42
350 1 -11
360 290 289
370 1374 1084
380 1000 -374
390 336 -664
400 187 -149
410 181 -6
420 179 -2
430 177 -2
440 138 -39
450 52 -86
460 13 -39
470 1 -12
480 638 637
490 2371 1733
500 3077 706
510 1547 -1530
520 435 -1112
530 356 -79
540 354 -2
550 347 -7
560 290 -57
570 160 -130
580 41 -119
590 6 -35
593 0 -6
