0 0 0
10 0.5 5
20 1.5 20
30 0.9 29
40 0.1 30
50 0 30
60 2.1 51
70 2.3 74
80 0.8 82
90 0.4 86
100 0 86
110 2.6 112
120 6 172
130 2.8 200
140 0.6 206
150 1.5 221
160 9.8 319
170 8.6 405
180 2.8 433
190 1 443
200 0.2 445
210 0.1 446
220 4.3 489
230 18 669
240 16.7 836
250 6.7 903
260 1.6 919
270 0.7 926
280 6.7 993
290 34 1333
300 34.2 1675
310 7.7 1752
320 1.6 1768
330 3.3 1801
340 4.1 1842
350 1 1852
360 0.1 1853
370 10.4 1957
380 74 2697
390 64.8 3345
400 14.3 3488
410 0.5 3493
420 0.2 3495
430 0.2 3497
440 4 3537
450 8.5 3622
460 3.9 3661
470 1.2 3673
480 0.1 3674
490 10.6 3780
500 56.6 4346
510 160.5 5951
520 103.1 6982
530 6.8 7050
540 0.2 7052
550 0.8 7060
560 6 7120
570 13.4 7254
580 11.5 7369
590 3.2 7401
593 0.5 7406
