0 0.1 0.01171875 0 0.01171875 0.01171875 0 0
10 0.1 0.01171875 0.0 0.01171875 0.01171875 0.01171875 1
20 0.1 0.01171875 0.0 0.01171875 0.01171875 0.01171875 2
30 0.1 0.01171875 0.0 0.01171875 0.01171875 0.01171875 3
40 0.1 0.01171875 0.0 0.01171875 0.01171875 0.01171875 4
50 0.1 0.0 0.0 0.01171875 0.0 0.01171875 5
60 0.1 0.0 0.0 0.01171875 0.0 0.009765625 6
70 0.1 0.0 0.0 0.01171875 0.0 0.008370535714285714 7
80 0.1 0.0 0.0 0.01171875 0.0 0.00732421875 8
90 0.1 0.0 0.0 0.01171875 0.0 0.006510416666666667 9
100 0.1 0.0 0.0 0.01171875 0.0 0.005859375 10
110 0.1 0.0 0.0 0.01171875 0.0 0.005326704545454545 11
120 0.1 0.0 0.0 0.01171875 0.0 0.004882812499999999 12
130 0.1 0.0 0.0 0.01171875 0.0 0.004507211538461537 13
140 0.1 0.0 0.0 0.01171875 0.0 0.004185267857142856 14
150 0.1 0.0 0.0 0.01171875 0.0 0.003906249999999999 15
160 0.1 0.0 0.0 0.01171875 0.0 0.003662109374999999 16
170 0.1 0.0 0.0 0.01171875 0.0 0.0034466911764705873 17
180 0.1 0.0 0.0 0.01171875 0.0 0.0032552083333333326 18
190 0.1 0.0 0.0 0.01171875 0.0 0.0030838815789473676 19
200 0.1 0.0 0.0 0.01171875 0.0 0.002929687499999999 20
210 0.1 0.0 0.0 0.01171875 0.0 0.0027901785714285706 21
220 0.1 0.0 0.0 0.01171875 0.0 0.002663352272727272 22
230 0.1 0.078125 0.0 0.078125 0.0 0.0025475543478260866 23
240 0.1 0.0703125 0.0 0.078125 0.0 0.005696614583333333 24
250 0.1 0.05859375 0.0 0.078125 0.0 0.00828125 25
260 0.1 0.05078125 0.0 0.078125 0.0 0.010216346153846154 26
270 0.1 0.0390625 0.0 0.078125 0.0 0.01171875 27
280 0.1 0.03125 0.0 0.078125 0.0 0.0126953125 28
290 0.1 0.19140625 0.0 0.19140625 0.0 0.013335129310344827 29
300 0.1 0.16015625 0.0 0.19140625 0.0 0.019270833333333334 30
310 0.1 0.37109375 0.0 0.37109375 0.0 0.023815524193548387 31
320 0.1 0.3203125 0.0 0.37109375 0.0 0.03466796875 32
330 0.1 0.26953125 0.0 0.37109375 0.0 0.04332386363636364 33
340 0.1 0.23046875 0.0 0.37109375 0.0 0.04997702205882353 34
350 0.1 0.19140625 0.0 0.37109375 0.0 0.05513392857142857 35
360 0.1 0.16015625 0.0 0.37109375 0.0 0.058919270833333336 36
370 0.1 0.140625 0.0 0.37109375 0.0 0.06165540540540541 37
380 0.1 0.26953125 0.0 0.37109375 0.0 0.06373355263157894 38
390 0.1 0.7109375 0.0 0.7109375 0.0 0.06901041666666666 39
400 0.1 0.6015625 0.0 0.7109375 0.0 0.08505859375 40
410 0.1 0.578125 0.0 0.7109375 0.0 0.09765625 41
420 0.1 0.48828125 0.0 0.7109375 0.0 0.10909598214285714 42
430 0.1 0.41015625 0.0 0.7109375 0.0 0.11791424418604651 43
440 0.1 0.3515625 0.0 0.7109375 0.0 0.12455610795454546 44
450 0.1 0.30078125 0.0 0.7109375 0.0 0.12960069444444444 45
460 0.1 0.48828125 0.0 0.7109375 0.0 0.13332201086956522 46
470 0.1 0.41015625 0.0 0.7109375 0.0 0.14087433510638298 47
480 0.1 0.3515625 0.0 0.7109375 0.0 0.146484375 48
490 0.1 0.30078125 0.0 0.7109375 0.0 0.15066964285714285 49
500 0.1 0.71875 0.0 0.71875 0.0 0.153671875 50
510 0.1 0.69140625 0.0 0.71875 0.0 0.16475183823529413 51
520 0.1 1.4296875 0.0 1.4296875 0.0 0.17487980769230768 52
530 0.1 1.2109375 0.0 1.4296875 0.0 0.19855542452830188 53
540 0.1 1.01953125 0.0 1.4296875 0.0 0.21730324074074073 54
550 0.1 0.87109375 0.0 1.4296875 0.0 0.23188920454545456 55
560 0.1 0.73046875 0.0 1.4296875 0.0 0.24330357142857142 56
570 0.1 0.62109375 0.0 1.4296875 0.0 0.2518503289473684 57
580 0.1 0.51953125 0.0 1.4296875 0.0 0.2582165948275862 58
590 0.1 0.44140625 0.0 1.4296875 0.0 0.262645656779661 59
593 0.1 0.37109375 0.0 1.4296875 0.0 0.265625 60
