0 4.3 34.10767441860467 43.509793376985265 124.808 5.007 0 0
10 12.8 41.00045312500001 47.6651649543228 202.898 4.367 34.10767441860467 43
20 6.9 503.191304347826 2207.7846185117514 11026.278 4.367 39.26718128654972 171
30 1.6 726.7366875 2662.534745480863 11038.174 4.367 172.64536666666666 240
40 0.3 48.641333333333336 19.126455749969875 11038.174 4.367 207.27607421875 256
50 9.1 40.49348351648353 48.95242411026962 11038.174 4.128 205.43860617760618 259
60 23.8 40.25396638655463 42.98997371753284 11038.174 4.128 162.5528742857143 350
70 12 38.568858333333324 34.51444325165331 11038.174 4.128 113.05093537414966 588
80 2.2 1612.4175454545452 3950.2601283946506 11635.234 4.128 100.426854519774 708
90 0.9 1276.0312222222224 3471.211060682673 11635.234 4.128 145.99369726027393 730
100 18.1 34.845607734806634 45.92382017258493 11635.234 4.128 159.75599458728007 739
110 54 78.02030740740736 646.2377822652504 11635.234 4.128 135.18123369565217 920
120 25.8 319.39916279069763 1714.911393663003 11635.234 4.128 114.0395212328767 1460
130 6 945.6215500000001 2999.5202634865263 11635.234 4.128 144.8793277066356 1718
140 5.6 27.822875 33.05281181310045 11635.234 4.128 171.90099999999998 1778
150 76.4 40.68374345549742 49.58134893296792 11635.234 4.128 167.50166793893126 1834
160 91.4 73.39697264770243 617.2459677095796 11635.234 4.128 130.20802117013085 2598
170 27.6 460.6933043478262 2183.1816972714455 12144.866 4.128 115.42291343963554 3512
180 8.1 2277.517691358025 4509.836105043263 12245.22 4.128 140.57989017951428 3788
190 2.6 1830.5168846153845 4193.795318032712 12245.22 4.128 185.31805556991472 3869
200 0.4 55.0815 27.211307415300723 12245.22 4.128 196.30012734274712 3895
210 14.1 26.735829787234046 38.08669075182206 12245.22 4.128 196.15525057707106 3899
220 163.2 40.465315563725454 50.03477495616939 12245.22 3.968 190.24234504950496 4040
230 168.3 72.75127391562685 619.5251431662922 13206.559 3.968 147.14712076868827 5672
240 49.3 647.6284361054768 2884.2351406181865 15190.974 3.968 130.1235707681849 7355
250 17.2 1658.4903081395355 4471.54721201939 15190.974 3.968 162.6324773190622 7848
260 4.5 1729.2987333333333 4298.475948659025 15190.974 3.968 194.71321882793018 8020
270 19.4 27.069484536082467 38.45235035799353 15190.974 3.968 203.27569225046497 8065
280 273.3 41.84162641785583 52.013758261549235 15190.974 3.968 199.13669185131374 8259
290 343.7 47.96554757055578 51.47899312811843 15190.974 3.968 160.02757487263466 10992
300 120.7 92.74412924606466 841.5386758132033 22234.908 3.968 133.3343052186569 14429
310 16 1623.1825250000002 6073.699723189016 27575.905 3.968 130.20100115118962 15636
320 5.5 8795.902145454545 14287.899172142534 35238.566 3.968 145.32362990630543 15796
330 19.9 12476.704271356786 16723.280535446458 37702.505 3.968 175.33951649738194 15851
340 10.2 634.5989019607836 4169.2553640307415 37702.505 3.968 327.8611106542057 16050
350 1.5 63.889133333333334 22.251041428411593 37702.505 3.968 329.7981620851907 16152
360 44.2 28.316542986425333 42.47095510369528 37702.505 3.968 329.5514474546917 16167
370 545.3 48.97829781771512 59.847963179051916 37702.505 3.968 321.5349607441749 16609
380 682.9 80.28091462878903 84.24206086451368 37702.505 3.968 254.16792770374406 22062
390 218.6 67.23425754803293 57.736900925985395 37702.505 3.968 213.06604780035312 28891
400 24 66.06297500000002 50.59964854554536 37702.505 3.968 202.80803404447025 31077
410 1 63.07330000000002 35.90901738574867 37702.505 3.968 201.7600788070378 31317
420 0.2 53.5165 30.3715 37702.505 3.968 201.71580812079043 31327
430 3.9 30779.008410256403 29992.173188645356 60044.308 3.502 201.706347282071 31329
440 27.2 20964.357452205888 28601.143360544967 60057.646 3.417 239.72326836266265 31368
450 28.5 12010.964154385965 23996.81104359606 60060.463 3.171 417.8870009165614 31640
460 10.1 4171.753336633665 15237.32810621282 60060.463 3.171 521.3804069851215 31925
470 1.7 19.461000000000002 12.036721099349664 60060.463 3.171 532.8925429338663 32026
480 96.2 38.4545062370062 49.2564162125548 60060.463 3.171 532.6201484567613 32043
490 833.3 248.73116056642206 372.74346137477875 60060.463 3.171 518.2166535979397 33005
500 970.5 1346.852990211224 1287.618694557954 60060.463 0.336 463.8932075330204 41338
510 675.5 1402.343879644712 1212.0332156140105 60060.463 0.336 631.7737139862455 51043
520 184.8 639.5051206709979 782.3339009831383 60060.463 0.336 721.8322189349105 57798
530 8.8 138.53988636363636 183.07471362536606 60060.463 0.336 719.2814950373867 59646
540 0.2 140.36950000000002 0.7165000000000177 60060.463 0.336 718.4259477516986 59734
550 7.3 30421.021561643844 29993.911467795 60060.463 0.336 718.4065940471402 59736
560 36.1 20452.18919667589 28434.482157442 60060.463 0.336 754.6601828487345 59809
570 59.5 15841.949099159663 26439.88536399046 60060.463 0.336 872.8388096393545 60170
580 31.7 6637.360018927447 18800.313281465977 60060.463 0.336 1019.4136573685504 60765
590 5.8 1049.2288103448277 7810.602291608209 60060.463 0.336 1048.5693660325458 61082
593 0.9 16.52911111111111 3.298262015211595 60060.463 0.336 1048.5699916094202 61140
