0 4.3 34.10767441860467 43.509793376985265 124.808 5.007 0 0
10 12.8 41.00045312500001 47.6651649543228 202.898 4.367 34.10767441860467 43
20 7 496.00024285714284 2192.7652778589895 11026.278 4.367 39.26718128654972 171
30 1.8 645.9701666666665 2520.550106543152 11038.174 4.367 171.92823651452284 241
40 0.4 36.41975 7.088805519091352 11038.174 4.367 204.8732355212355 259
50 9.1 40.49348351648353 48.95242411026962 11038.174 4.128 202.3112053231939 263
60 23.8 40.25396638655463 42.98997371753284 11038.174 4.128 160.71399435028246 354
70 12 38.568858333333324 34.51444325165331 11038.174 4.128 112.28580743243242 592
80 2.3 1542.3082608695647 3877.386599000114 11635.234 4.128 99.86160252808986 712
90 1.2 956.973 3056.421711664939 11635.234 4.128 144.99938911564624 735
100 18.1 34.845607734806634 45.92382017258493 11635.234 4.128 158.04314190093706 747
110 54 78.02030740740736 646.2377822652504 11635.234 4.128 134.0143125 928
120 26.1 315.7258467432948 1705.3551207123157 11635.234 4.128 113.4170626702997 1468
130 6.6 859.6449393939395 2872.7870401237433 11635.234 4.128 143.9564453441295 1729
140 6.1 25.52677049180328 29.10032745035385 11635.234 4.128 170.27145403899715 1795
150 76.4 40.68374345549742 49.58134893296792 11635.234 4.128 165.51422036637925 1856
160 91.4 73.39697264770243 617.2459677095796 11635.234 4.128 129.11327213740452 2620
170 28.5 446.1387859649125 2149.9218344636142 12144.866 4.128 114.70334069043574 3534
180 9.5 1941.8564947368411 4241.797090104747 12245.22 4.128 139.43732914375488 3819
190 3.3 1442.1893030303038 3796.9244967734444 12245.22 4.128 183.18536714358706 3914
200 0.6 36.6805 12.775876705077161 12245.22 4.128 193.71162249809976 3947
210 14.2 26.546105633802807 37.80591597078757 12245.22 4.128 193.47327523399943 3953
220 163.2 40.465315563725454 50.03477495616939 12245.22 3.968 187.68483614163608 4095
230 168.3 72.75127391562685 619.5251431662922 13206.559 3.968 145.73228548978517 5727
240 49.9 640.0334609218443 2867.664310678558 15190.974 3.968 129.15643630229414 7410
250 19.6 1454.8924948979588 4224.108537201983 15190.974 3.968 161.38903654064987 7909
260 6 1296.9349500000003 3797.088477403389 15190.974 3.968 192.66931758173965 8105
270 20 26.251724999999997 37.27580916263758 15190.974 3.968 200.7839456215554 8165
280 273.3 41.84162641785583 52.013758261549235 15190.974 3.968 196.61102940824864 8365
290 343.7 47.96554757055578 51.47899312811843 15190.974 3.968 158.4974253018562 11098
300 120.7 92.74412924606466 841.5386758132033 22234.908 3.968 132.36064760921914 14535
310 16.7 1555.1371317365267 5953.913292788153 27575.905 3.968 129.32309598526237 15742
320 6.3 7678.93680952381 13667.387861429876 35238.566 3.968 144.29015513231505 15909
330 23 10795.036595652165 16128.460558576613 37702.505 3.968 174.00983577510644 15972
340 14.4 449.45241666666664 3520.6899940407197 37702.505 3.968 324.7835769658066 16202
350 2.6 36.77938461538463 9.164979491675922 37702.505 3.968 325.8818464456135 16346
360 44.3 28.252239277652357 42.37654856020042 37702.505 3.968 325.42272941607615 16372
370 545.3 48.97829781771512 59.847963179051916 37702.505 3.968 317.59361688968175 16815
380 682.9 80.28091462878903 84.24206086451368 37702.505 3.968 251.8149508712053 22268
390 218.6 67.23425754803293 57.736900925985395 37702.505 3.968 211.55630106196514 29097
400 24 66.06297500000002 50.59964854554536 37702.505 3.968 201.47133519803089 31283
410 1 63.07330000000002 35.90901738574867 37702.505 3.968 200.44040519620594 31523
420 0.2 53.5165 30.3715 37702.505 3.968 200.3968422287762 31533
430 4.1 29277.582853658532 29993.488446241896 60044.308 2.387 200.3875268431901 31535
440 31.1 18335.365610932484 27634.170756001116 60057.646 2.077 238.14294261464403 31576
450 37.1 9226.712390835577 21634.512777321044 60060.463 2.03 414.6486110640701 31887
460 14 3009.576871428571 13076.557017255618 60060.463 2.03 515.9963592907186 32258
470 2.9 11.342758620689658 11.372357692820788 60060.463 2.03 526.7717550466078 32398
480 96.3 38.41447040498443 49.24523129297448 60060.463 2.03 526.3107984087335 32427
490 833.3 248.73116056642206 372.74346137477875 60060.463 2.03 512.2393948787063 33390
500 970.5 1346.852990211224 1287.618694557954 60060.463 0.336 459.6110096589411 41723
510 675.8 1401.7213216928108 1212.0662004846388 60060.463 0.336 627.0428254258368 51428
520 184.9 639.1591979448373 782.2636562456713 60060.463 0.336 717.017686694393 58186
530 8.8 138.53988636363636 183.07471362536606 60060.463 0.336 714.6197463979337 60035
540 0.2 140.36950000000002 0.7165000000000177 60060.463 0.336 713.7765578064958 60123
550 7.9 28110.54958227848 29937.553541865294 60060.463 0.336 713.7574839750511 60125
560 41.8 17663.233909090904 27340.98483680864 60060.463 0.336 749.7076961829771 60204
570 72.5 13001.296391724127 24711.33506357187 60060.463 0.336 866.3296149087781 60622
580 43.6 4825.742348623855 16301.067821174283 60060.463 0.336 1009.740880548355 61347
590 9.3 654.2936666666666 6189.093925281317 60060.463 0.336 1036.6702404059358 61783
593 1.5 9.852866666666666 5.448771566346145 60060.463 0.336 1036.0955261167485 61876
