0 14.89921875 14.89921875
10 56.16640625 71.065625
20 31.4921875 102.5578125
30 7.63359375 110.19140625
40 1.6859375 111.87734375
50 32.6078125 144.48515625
60 104.90859375 249.39375
70 56.44609375 305.83984375
80 9.89296875 315.7328125
90 4.6734375 320.40625
100 61.59296875 381.99921875
110 239.72890625 621.728125
120 118.21796875 739.94609375
130 27.3109375 767.25703125
140 14.48671875 781.74375
150 305.0421875 1086.7859375
160 420.2453125 1507.03125
170 129.37265625 1636.40390625
180 35.8515625 1672.25546875
190 12.7125 1684.96796875
200 2.475 1687.44296875
210 32.67734375 1720.1203125
220 650.859375 2370.9796875
230 786.06171875 3157.04140625
240 221.62890625 3378.6703125
250 79.77734375 3458.44765625
260 23.3953125 3481.84296875
270 45.61640625 3527.459375
280 1069.565625 4597.025
290 1585.7890625 6182.8140625
300 560.9484375 6743.7625
310 70.79765625 6814.56015625
320 21.53359375 6836.09375
330 71.98125 6908.075
340 60.396875 6968.471875
350 11.08125 6979.553125
360 96.6671875 7076.2203125
370 2185.74609375 9261.96640625
380 3131.57421875 12393.540625
390 1009.3078125 13402.8484375
400 110.88515625 13513.73359375
410 4.215625 13517.94921875
420 0.8765625 13518.82578125
430 8.86953125 13527.6953125
440 88.42578125 13616.12109375
450 125.5984375 13741.71953125
460 52.6515625 13794.37109375
470 11.85 13806.22109375
480 205.946875 14012.16796875
490 3622.4984375 17634.66640625
500 4555.45234375 22190.11875
510 3035.4296875 25225.5484375
520 760.09140625 25985.63984375
530 41.13984375 26026.7796875
540 1.165625 26027.9453125
550 17.44375 26045.3890625
560 120.8953125 26166.284375
570 230.90625 26397.190625
580 160.8203125 26558.0109375
590 36.79140625 26594.80234375
593 5.96171875 26600.7640625
