10 0.1 5.538 0 5.538 5.538 0 0
20 0.2 5.6594999999999995 0.10249999999999937 5.762 5.538 5.538 1
30 0 0 0 5.762 5.538 5.619 3
40 0 0 0 5.762 5.538 5.619 3
50 0.1 5.508 0.0 5.762 5.508 5.619 3
60 0.5 7.054400000000001 2.204582826749768 11.435 5.493 5.59125 4
70 0.2 5.765499999999999 0.056499999999999995 11.435 5.493 6.404111111111111 9
80 0 0 0 11.435 5.493 6.288 11
90 0 0 0 11.435 5.493 6.288 11
100 0 0 0 11.435 5.493 6.288 11
110 0.2 5.32 0.1379999999999999 11.435 5.182 6.288 11
120 0.3 5.985333333333333 0.4562983916498306 11.435 5.182 6.1390769230769235 13
130 0.2 6.250500000000001 0.28449999999999975 11.435 5.182 6.110250000000001 16
140 0 0 0 11.435 5.182 6.125833333333334 18
150 0.5 5.441 0.4900665260962028 11.435 5.042 6.125833333333334 18
160 1 8.400500000000001 7.938410738302721 32.178 5.042 5.976956521739131 23
170 0.7 6.608285714285714 0.8314613150155253 32.178 5.042 6.711363636363637 33
180 0 0 0 32.178 5.042 6.693325 40
190 0 0 0 32.178 5.042 6.693325 40
200 0 0 0 32.178 5.042 6.693325 40
210 0 0 0 32.178 5.042 6.693325 40
220 0.8 5.6785000000000005 0.31374711154048873 32.178 5.042 6.693325 40
230 2.7 6.9791851851851865 4.1283779438404045 32.178 5.042 6.5241875 48
240 0.6 6.9435 1.0722836611643403 32.178 5.042 6.687986666666667 75
250 0 0 0 32.178 5.042 6.706913580246914 81
260 0 0 0 32.178 5.042 6.706913580246914 81
270 0 0 0 32.178 5.042 6.706913580246914 81
280 2.7 6.443740740740738 2.170737092643241 32.178 4.466 6.706913580246914 81
290 4.3 7.298511627906977 3.453877486496192 32.178 4.466 6.64112037037037 108
300 1.7 8.523529411764702 2.798385230127148 32.178 4.466 6.828324503311258 151
310 0.4 8.481749999999998 1.2558794478372515 32.178 4.466 6.999863095238094 168
320 0 0 0 32.178 4.466 7.034325581395348 172
330 0 0 0 32.178 4.466 7.034325581395348 172
340 0 0 0 32.178 4.466 7.034325581395348 172
350 0 0 0 32.178 4.466 7.034325581395348 172
360 0 0 0 32.178 4.466 7.034325581395348 172
370 2.8 6.292178571428571 1.1828848227222004 32.178 4.466 7.034325581395348 172
380 9.9 12.57565656565657 18.803283814948042 191.04 4.466 6.930424999999999 200
390 3.2 8.057812499999997 2.1351474837452677 191.04 4.466 8.799581939799332 299
400 0.2 7.0055 0.16949999999999954 191.04 4.466 8.727870090634442 331
410 0 0 0 191.04 4.466 8.717525525525526 333
420 0 0 0 191.04 4.466 8.717525525525526 333
430 0 0 0 191.04 4.466 8.717525525525526 333
440 0 0 0 191.04 4.466 8.717525525525526 333
450 0 0 0 191.04 4.466 8.717525525525526 333
460 0 0 0 191.04 4.466 8.717525525525526 333
470 0 0 0 191.04 4.466 8.717525525525526 333
480 0 0 0 191.04 4.466 8.717525525525526 333
490 4.3 89.59330232558139 143.98017015733976 546.702 4.466 8.717525525525526 333
500 12.5 226.0777519999999 229.17866895721883 1040.493 4.466 17.966617021276598 376
510 17.3 179.19959537572262 195.99369928343967 1263.354 4.466 69.89055289421155 501
520 1 26.455000000000002 31.494456270905836 1263.354 4.466 97.94762166172107 674
530 0.2 7.1865000000000006 0.35850000000000004 1263.354 4.466 96.90240789473684 684
540 0 0 0 1263.354 4.466 96.64084548104958 686
550 0 0 0 1263.354 4.466 96.64084548104958 686
560 0 0 0 1263.354 4.466 96.64084548104958 686
570 0 0 0 1263.354 4.466 96.64084548104958 686
580 0 0 0 1263.354 4.466 96.64084548104958 686
590 0 0 0 1263.354 4.466 96.64084548104958 686
593 0 0 0 1263.354 4.466 96.64084548104958 686
