10 0.4 10.828 2.2853070909617372 14.552 8.359 0 0
20 0.4 7.6907499999999995 0.17259254763749193 14.552 7.494 10.828 4
30 0.1 7.568 0.0 14.552 7.494 9.259374999999999 8
40 0 0 0 14.552 7.494 9.071444444444444 9
50 0 0 0 14.552 7.494 9.071444444444444 9
60 0.6 7.448666666666665 0.6499994017091263 14.552 6.302 9.071444444444444 9
70 0.5 11.986 7.020632848967392 26.001 6.302 8.422333333333333 15
80 0.1 8.244 0.0 26.001 6.302 9.31325 20
90 0 0 0 26.001 6.302 9.262333333333332 21
100 0.2 15.212 3.719 26.001 6.302 9.262333333333332 21
110 1.6 8.907125 2.8984949947127734 26.001 6.302 9.779695652173913 23
120 0.9 9.596666666666666 4.1686974517760875 26.001 6.302 9.42171794871795 39
130 0.3 9.343333333333332 0.3394754122989697 26.001 6.302 9.454520833333335 48
140 0 0 0 26.001 6.302 9.447980392156865 51
150 0.8 7.962375 0.6471948967467219 26.001 6.302 9.447980392156865 51
160 1.7 8.288705882352943 0.5599699324602303 26.001 6.302 9.246542372881358 59
170 1.2 9.620083333333334 1.7300144247150722 26.001 6.302 9.03228947368421 76
180 0 0 0 26.001 6.302 9.11244318181818 88
190 0 0 0 26.001 6.302 9.11244318181818 88
200 0 0 0 26.001 6.302 9.11244318181818 88
210 0 0 0 26.001 6.302 9.11244318181818 88
220 2.6 8.435730769230771 0.8031696131669773 26.001 6.302 9.11244318181818 88
230 6.4 9.650453124999999 2.721562240525234 28.584 6.302 8.958105263157893 114
240 1.6 9.140375 0.9154333587842421 28.584 6.302 9.207039325842695 178
250 0.4 9.12725 0.2972569385228883 28.584 6.302 9.2015412371134 194
260 0 0 0 28.584 6.302 9.2000404040404 198
270 0 0 0 28.584 6.302 9.2000404040404 198
280 3.7 8.401945945945945 0.7448950931378605 28.584 6.302 9.2000404040404 198
290 9.2 10.860586956521734 4.677026090026267 40.712 6.302 9.074382978723401 235
300 4.1 14.656512195121952 11.223327622981435 81.051 6.302 9.576923547400607 327
310 0.2 11.145 0.27200000000000024 81.051 6.302 10.142855978260865 368
320 0 0 0 81.051 6.302 10.148272972972968 370
330 0 0 0 81.051 6.302 10.148272972972968 370
340 0 0 0 81.051 6.302 10.148272972972968 370
350 0 0 0 81.051 6.302 10.148272972972968 370
360 0 0 0 81.051 6.302 10.148272972972968 370
370 7.7 13.191363636363638 20.958989167722372 137.991 6.302 10.148272972972968 370
380 20.3 20.918665024630535 23.97981235163885 165.866 6.302 10.672474272930646 447
390 8.6 16.084837209302325 14.755371880965665 165.866 6.302 13.872438461538458 650
400 0.4 11.426499999999999 2.0701011448719115 165.866 6.302 14.13095244565217 736
410 0 0 0 165.866 6.302 14.11633378378378 740
420 0 0 0 165.866 6.302 14.11633378378378 740
430 0 0 0 165.866 6.302 14.11633378378378 740
440 0 0 0 165.866 6.302 14.11633378378378 740
450 0 0 0 165.866 6.302 14.11633378378378 740
460 0 0 0 165.866 6.302 14.11633378378378 740
470 0 0 0 165.866 6.302 14.11633378378378 740
480 0 0 0 165.866 6.302 14.11633378378378 740
490 10.3 224.7594174757281 295.6327590018388 1349.692 6.302 14.11633378378378 740
500 30.8 452.8696298701298 402.07084072580267 3162.69 6.302 39.853270462633446 843
510 35.4 293.53827683615805 233.20536285361456 3162.69 6.302 150.37372111207645 1151
520 3.8 102.64097368421051 129.1199406835787 3162.69 6.302 184.04830764119595 1505
530 0 0 0 3162.69 6.302 182.0434607906675 1543
540 0 0 0 3162.69 6.302 182.0434607906675 1543
550 0 0 0 3162.69 6.302 182.0434607906675 1543
560 0 0 0 3162.69 6.302 182.0434607906675 1543
570 0 0 0 3162.69 6.302 182.0434607906675 1543
580 0 0 0 3162.69 6.302 182.0434607906675 1543
590 0 0 0 3162.69 6.302 182.0434607906675 1543
593 0 0 0 3162.69 6.302 182.0434607906675 1543
