10 0.6 84.44133333333333 8.392014292700464 94.679 73.398 0 0
20 0.2 76.918 0.8420000000000094 94.679 73.398 84.44133333333333 6
30 0 0 0 94.679 73.398 82.5605 8
40 0 0 0 94.679 73.398 82.5605 8
50 0.3 88.96733333333333 21.24694435024063 118.985 72.795 82.5605 8
60 1.3 81.44961538461538 29.89609094472299 184.804 68.974 84.30781818181818 11
70 1 78.91920000000002 11.470027208337388 184.804 66.277 82.759625 24
80 0 0 0 184.804 66.277 81.63008823529412 34
90 0 0 0 184.804 66.277 81.63008823529412 34
100 0.1 77.374 0.0 184.804 66.277 81.63008823529412 34
110 2.4 83.24362500000002 14.723744252658983 184.804 66.277 81.50848571428571 35
120 0.6 80.00166666666667 9.711239359056544 184.804 66.277 82.21430508474576 59
130 0 0 0 184.804 66.277 82.01006153846154 65
140 0 0 0 184.804 66.277 82.01006153846154 65
150 2.4 82.56591666666667 13.693543855641934 184.804 66.277 82.01006153846154 65
160 4.3 86.56151162790698 28.38138560982507 203.613 66.277 82.15995505617978 89
170 0.9 83.23311111111111 8.066584248125025 203.613 66.277 83.59379545454546 132
180 0 0 0 203.613 66.277 83.5707730496454 141
190 0 0 0 203.613 66.277 83.5707730496454 141
200 0 0 0 203.613 66.277 83.5707730496454 141
210 0 0 0 203.613 66.277 83.5707730496454 141
220 4.3 93.03902325581397 36.76835581608271 203.613 66.277 83.5707730496454 141
230 7.4 89.93278378378379 23.442310478019124 211.167 66.277 85.78346195652175 184
240 1.3 91.1623076923077 13.084914063881795 211.167 66.277 86.97357751937984 258
250 0.1 82.955 0.0 211.167 66.277 87.17451291512916 271
260 0 0 0 211.167 66.277 87.159 272
270 0 0 0 211.167 66.277 87.159 272
280 8.5 97.75528235294117 39.265032862694916 229.591 66.277 87.159 272
290 15.1 105.91554966887419 36.0294863801452 319.588 66.277 89.6819243697479 357
300 4.4 131.5665909090909 31.38042478949271 319.588 66.277 94.50727362204726 508
310 0.1 107.317 0.0 319.588 66.277 97.46127717391306 552
320 0 0 0 319.588 66.277 97.47909945750455 553
330 0 0 0 319.588 66.277 97.47909945750455 553
340 0 0 0 319.588 66.277 97.47909945750455 553
350 0 0 0 319.588 66.277 97.47909945750455 553
360 0 0 0 319.588 66.277 97.47909945750455 553
370 16.7 122.96370658682625 65.12061407836883 376.234 66.277 97.47909945750455 553
380 32.1 199.2570872274143 85.04005385390613 613.378 66.277 103.39011249999999 720
390 6.4 152.26634374999998 56.99880182573434 613.378 66.277 132.9513986551393 1041
400 0.2 108.78450000000001 2.338500000000007 613.378 66.277 134.0700923076923 1105
410 0 0 0 613.378 66.277 134.02440921409212 1107
420 0 0 0 613.378 66.277 134.02440921409212 1107
430 0 0 0 613.378 66.277 134.02440921409212 1107
440 0 0 0 613.378 66.277 134.02440921409212 1107
450 0 0 0 613.378 66.277 134.02440921409212 1107
460 0 0 0 613.378 66.277 134.02440921409212 1107
470 0 0 0 613.378 66.277 134.02440921409212 1107
480 0 0 0 613.378 66.277 134.02440921409212 1107
490 17.1 932.6590292397655 771.1610306222708 4002.355 66.277 134.02440921409212 1107
500 38.5 4321.227992207792 1404.958561368311 8820.384 0.548 240.8839710485132 1278
510 52.7 3149.5739240986713 1124.6905759653662 8820.384 0.548 1185.5216428141912 1663
520 3 1259.6129666666666 1115.3898416913398 8820.384 0.548 1658.1497488584473 2190
530 0 0 0 8820.384 0.548 1652.7641166666665 2220
540 0 0 0 8820.384 0.548 1652.7641166666665 2220
550 0 0 0 8820.384 0.548 1652.7641166666665 2220
560 0 0 0 8820.384 0.548 1652.7641166666665 2220
570 0 0 0 8820.384 0.548 1652.7641166666665 2220
580 0 0 0 8820.384 0.548 1652.7641166666665 2220
590 0 0 0 8820.384 0.548 1652.7641166666665 2220
593 0 0 0 8820.384 0.548 1652.7641166666665 2220
