10 0.2 50.7615 11.054499999999999 61.816 39.707 0 0
20 0.4 46.761250000000004 16.65964812616101 75.611 36.622 50.7615 2
30 0 0 0 75.611 36.622 48.09466666666666 6
40 0 0 0 75.611 36.622 48.09466666666666 6
50 0 0 0 75.611 36.622 48.09466666666666 6
60 0.4 37.04125 2.06117992603751 75.611 35.029 48.09466666666666 6
70 0.2 34.596000000000004 0.29499999999999993 75.611 34.301 43.6733 10
80 0 0 0 75.611 34.301 42.16041666666666 12
90 0 0 0 75.611 34.301 42.16041666666666 12
100 0.2 35.971000000000004 0.9670000000000041 75.611 34.301 42.16041666666666 12
110 1.8 39.13188888888889 11.743334297894224 87.185 33.771 41.27621428571428 14
120 1.7 35.72664705882353 2.0917109220240917 87.185 30.886 40.07003125 32
130 0.1 39.055 0.0 87.185 30.886 38.56314285714286 49
140 0 0 0 87.185 30.886 38.57298 50
150 1.7 45.08923529411766 29.469112478959687 151.046 30.886 38.57298 50
160 4.3 40.00416279069767 18.125292347833437 152.82 30.886 40.226358208955226 67
170 1.1 36.893545454545446 1.619640440661074 152.82 30.886 40.139500000000005 110
180 0.1 36.664 0.0 152.82 30.886 39.84441322314049 121
190 0 0 0 152.82 30.886 39.81834426229508 122
200 0 0 0 152.82 30.886 39.81834426229508 122
210 0 0 0 152.82 30.886 39.81834426229508 122
220 3.4 46.406735294117645 29.37446058309119 154.743 30.886 39.81834426229508 122
230 9 48.65364444444444 27.66538586726546 182.143 30.886 41.254275641025636 156
240 2.1 50.80571428571429 21.22835775704811 182.143 30.886 43.96136178861788 246
250 0.2 38.675 0.6119999999999965 182.143 30.886 44.49968164794007 267
260 0 0 0 182.143 30.886 44.456375464684015 269
270 0 0 0 182.143 30.886 44.456375464684015 269
280 5.2 49.85653846153845 31.740117513149205 182.143 30.886 44.456375464684015 269
290 16.9 57.67865088757402 35.28682607473242 298.689 30.886 45.33116822429906 321
300 5.9 80.87538983050844 23.74979094146486 298.689 30.886 49.589789795918385 490
310 0.3 68.47800000000001 9.653427301568422 298.689 30.886 52.95199453551914 549
320 0 0 0 298.689 30.886 53.036375000000014 552
330 0 0 0 298.689 30.886 53.036375000000014 552
340 0 0 0 298.689 30.886 53.036375000000014 552
350 0 0 0 298.689 30.886 53.036375000000014 552
360 0 0 0 298.689 30.886 53.036375000000014 552
370 11.8 67.77461864406783 59.157987214060725 378.682 30.886 53.036375000000014 552
380 30.8 114.38720779220773 71.67632291756323 439.794 30.886 55.63206567164181 670
390 12.6 110.06088095238097 44.236673856458204 439.794 30.886 74.13573006134969 978
400 0.5 93.789 8.182963155239058 439.794 30.886 78.23588315217391 1104
410 0 0 0 439.794 30.886 78.30600541027952 1109
420 0 0 0 439.794 30.886 78.30600541027952 1109
430 0 0 0 439.794 30.886 78.30600541027952 1109
440 0 0 0 439.794 30.886 78.30600541027952 1109
450 0 0 0 439.794 30.886 78.30600541027952 1109
460 0 0 0 439.794 30.886 78.30600541027952 1109
470 0 0 0 439.794 30.886 78.30600541027952 1109
480 0 0 0 439.794 30.886 78.30600541027952 1109
490 8.9 766.4127977528092 776.1759556897829 3546.583 30.886 78.30600541027952 1109
500 35.9 3451.577738161558 1334.9983775522526 7439.859 0.464 129.4257921535893 1198
510 57.1 2284.460744308231 915.8424581445045 7439.859 0.464 895.4197219010914 1557
520 7.3 1014.2998356164388 814.9020200658973 7439.859 0.464 1268.1370263157892 2128
530 0.3 137.846 39.58345594647676 7439.859 0.464 1259.7180736029075 2201
540 0.1 139.815 0.0 7439.859 0.464 1258.1910245009074 2204
550 0 0 0 7439.859 0.464 1257.6838244897958 2205
560 0 0 0 7439.859 0.464 1257.6838244897958 2205
570 0 0 0 7439.859 0.464 1257.6838244897958 2205
580 0 0 0 7439.859 0.464 1257.6838244897958 2205
590 0 0 0 7439.859 0.464 1257.6838244897958 2205
593 0 0 0 7439.859 0.464 1257.6838244897958 2205
