0 0.8 18.423875 1.648802401555444 20.879 15.404 0 0
10 1 16.010399999999997 1.0625781100700313 20.879 14.35 18.423875 8
20 0 0 0 20.879 14.35 17.083055555555557 18
30 0 0 0 20.879 14.35 17.083055555555557 18
40 0 0 0 20.879 14.35 17.083055555555557 18
50 1.5 17.24666666666667 1.1658150034298875 20.879 14.35 17.083055555555557 18
60 1.1 16.885454545454547 1.8572534640570904 21.409 14.35 17.157424242424245 33
70 0 0 0 21.409 14.35 17.08943181818182 44
80 0 0 0 21.409 14.35 17.08943181818182 44
90 0 0 0 21.409 14.35 17.08943181818182 44
100 3.5 16.59462857142857 1.72006674431487 21.409 13.719 17.08943181818182 44
110 4 15.954749999999999 1.9895831315881223 23.938 13.681 16.870215189873417 79
120 0 0 0 23.938 13.681 16.562495798319326 119
130 0 0 0 23.938 13.681 16.562495798319326 119
140 2 17.33245 2.2831270984113 24.482 13.681 16.562495798319326 119
150 9.2 16.695554347826082 13.657920386739868 145.975 12.803 16.673280575539568 139
160 1.9 16.2791052631579 4.163576080533819 145.975 12.803 16.682151515151514 231
170 0 0 0 145.975 12.803 16.65152 250
180 0 0 0 145.975 12.803 16.65152 250
190 0 0 0 145.975 12.803 16.65152 250
200 0 0 0 145.975 12.803 16.65152 250
210 5.5 16.597527272727262 2.6352203554889813 145.975 12.803 16.65152 250
220 21.7 17.85091705069124 15.059700085829967 145.975 12.803 16.641783606557375 305
230 2.6 16.256307692307686 1.4870378601882122 145.975 12.803 17.144431034482754 522
240 0 0 0 145.975 12.803 17.102293795620437 548
250 0 0 0 145.975 12.803 17.102293795620437 548
260 0 0 0 145.975 12.803 17.102293795620437 548
270 6.6 15.798757575757573 1.8304877894405889 145.975 12.777 17.102293795620437 548
280 37.7 19.954893899204237 23.25321850982495 255.455 12.777 16.962174267100973 614
290 10.3 25.733135922330092 29.42083548840675 255.455 12.777 18.100676084762863 991
300 0 0 0 255.455 12.777 18.819271480804385 1094
310 0 0 0 255.455 12.777 18.819271480804385 1094
320 0 0 0 255.455 12.777 18.819271480804385 1094
330 0 0 0 255.455 12.777 18.819271480804385 1094
340 0 0 0 255.455 12.777 18.819271480804385 1094
350 0 0 0 255.455 12.777 18.819271480804385 1094
360 17.4 16.741477011494247 10.85619210124465 255.455 12.777 18.819271480804385 1094
370 70.4 23.447492897727248 27.651024462310442 257.243 12.457 18.534148264984225 1268
380 21 42.71878095238095 45.754400839384466 257.243 12.457 20.28820233265719 1972
390 0 0 0 257.243 12.457 22.446965627864337 2182
400 0 0 0 257.243 12.457 22.446965627864337 2182
410 0 0 0 257.243 12.457 22.446965627864337 2182
420 0 0 0 257.243 12.457 22.446965627864337 2182
430 0 0 0 257.243 12.457 22.446965627864337 2182
440 0 0 0 257.243 12.457 22.446965627864337 2182
450 0 0 0 257.243 12.457 22.446965627864337 2182
460 0 0 0 257.243 12.457 22.446965627864337 2182
470 0 0 0 257.243 12.457 22.446965627864337 2182
480 38.7 32.45412919896641 23.02668257090095 257.243 12.457 22.446965627864337 2182
490 124.7 238.21317642341626 342.10520997732385 2475.469 12.457 23.954467497080568 2569
500 62.2 1385.7075048231532 715.2486479735375 3878.566 0.985 93.97035062893083 3816
510 0 0 0 3878.566 0.985 275.011474988734 4438
520 0 0 0 3878.566 0.985 275.011474988734 4438
530 0 0 0 3878.566 0.985 275.011474988734 4438
540 0 0 0 3878.566 0.985 275.011474988734 4438
550 0 0 0 3878.566 0.985 275.011474988734 4438
560 0 0 0 3878.566 0.985 275.011474988734 4438
570 0 0 0 3878.566 0.985 275.011474988734 4438
580 0 0 0 3878.566 0.985 275.011474988734 4438
590 0 0 0 3878.566 0.985 275.011474988734 4438
593 0 0 0 3878.566 0.985 275.011474988734 4438
