10 0.3 19.63233333333333 2.692515098482376 22.473 16.016 0 0
20 0.5 15.3726 0.8446614943277563 22.473 14.185 19.63233333333333 3
30 0 0 0 22.473 14.185 16.97 8
40 0 0 0 22.473 14.185 16.97 8
50 0 0 0 22.473 14.185 16.97 8
60 1.2 15.914166666666665 2.0498160825357528 22.473 13.009 16.97 8
70 1.1 15.602727272727272 1.0833244364966306 22.473 13.009 16.336499999999997 20
80 0.3 16.262333333333334 0.6979313879044428 22.473 13.009 16.076129032258063 31
90 0 0 0 22.473 13.009 16.09255882352941 34
100 0 0 0 22.473 13.009 16.09255882352941 34
110 1.3 15.844461538461537 3.0278765246490336 26.107 13.009 16.09255882352941 34
120 1.7 15.492000000000003 1.0212757304700126 26.107 13.009 16.023936170212764 47
130 0.1 16.98 0.0 26.107 13.009 15.882640624999999 64
140 0 0 0 26.107 13.009 15.899523076923074 65
150 1 14.5542 1.0534272447587443 26.107 13.009 15.899523076923074 65
160 4.4 16.377681818181827 3.7238366015608104 37.316 13.009 15.720146666666663 75
170 1.9 17.295947368421057 3.671047039422265 37.316 13.009 15.963268907563027 119
180 0.3 14.4 0.4678895881152591 37.316 13.009 16.14675362318841 138
190 0 0 0 37.316 13.009 16.10958865248227 141
200 0 0 0 37.316 13.009 16.10958865248227 141
210 0 0 0 37.316 13.009 16.10958865248227 141
220 1.9 15.546157894736842 4.219499449774606 37.316 12.927 16.10958865248227 141
230 7.7 23.243038961038952 30.038917836112464 234.382 12.927 16.04268125 160
240 2.9 17.854827586206895 3.9159659051469644 234.382 12.927 18.38203797468354 237
250 0.6 15.860166666666666 1.381555695181663 234.382 12.927 18.324560150375937 266
260 0 0 0 234.382 12.927 18.270198529411765 272
270 0 0 0 234.382 12.927 18.270198529411765 272
280 3.1 17.153419354838714 6.029708358507702 234.382 12.927 18.270198529411765 272
290 14.3 23.585559440559432 19.753892612631102 234.382 12.927 18.155940594059405 303
300 9.4 46.27839361702127 169.42393368036298 1677.436 12.927 19.896827354260086 446
310 1.3 33.251230769230766 29.088032654615482 1677.436 12.927 24.48917407407407 540
320 0 0 0 1677.436 12.927 24.695153707052437 553
330 0 0 0 1677.436 12.927 24.695153707052437 553
340 0 0 0 1677.436 12.927 24.695153707052437 553
350 0 0 0 1677.436 12.927 24.695153707052437 553
360 0 0 0 1677.436 12.927 24.695153707052437 553
370 7 38.845628571428584 45.184032048998226 1677.436 12.881 24.695153707052437 553
380 29 47.899562068965515 45.219518503033036 1677.436 12.881 26.285094703049758 623
390 17.6 33.656636363636366 20.470040919976093 1677.436 12.881 33.150588170865284 913
400 1.7 25.567999999999998 2.4151426215345833 1677.436 12.881 33.23237373737374 1089
410 0.1 26.059 0.0 1677.436 12.881 33.114566907775774 1106
420 0 0 0 1677.436 12.881 33.10819331526649 1107
430 0 0 0 1677.436 12.881 33.10819331526649 1107
440 0 0 0 1677.436 12.881 33.10819331526649 1107
450 0 0 0 1677.436 12.881 33.10819331526649 1107
460 0 0 0 1677.436 12.881 33.10819331526649 1107
470 0 0 0 1677.436 12.881 33.10819331526649 1107
480 0 0 0 1677.436 12.881 33.10819331526649 1107
490 3.5 380.3414571428571 438.51031663122774 1677.436 12.881 33.10819331526649 1107
500 11.4 1318.5617894736847 666.3692174159945 3389.446 0.482 43.75019352014011 1142
510 58.3 699.3182161234998 431.22102007501513 3389.446 0.444 159.45761544585994 1256
520 37 239.19052162162194 300.47462903577207 3389.446 0.444 330.60428765633526 1839
530 1 118.9636 259.796332475345 3389.446 0.444 315.29279221367165 2209
540 0 0 0 3389.446 0.444 314.40802794051405 2219
550 0 0 0 3389.446 0.444 314.40802794051405 2219
560 0 0 0 3389.446 0.444 314.40802794051405 2219
570 0 0 0 3389.446 0.444 314.40802794051405 2219
580 0 0 0 3389.446 0.444 314.40802794051405 2219
590 0 0 0 3389.446 0.444 314.40802794051405 2219
593 0 0 0 3389.446 0.444 314.40802794051405 2219
