10 0.2 9.9375 0.4425000000000008 10.38 9.495 0 0
20 0.5 10.5852 0.3920813180961315 11.352 9.495 9.9375 2
30 0.2 11.9785 0.3494999999999995 12.328 9.495 10.400142857142857 7
40 0 0 0 12.328 9.495 10.75088888888889 9
50 0 0 0 12.328 9.495 10.75088888888889 9
60 0.3 10.744 0.49240904405450087 12.328 9.495 10.75088888888889 9
70 0.7 10.232142857142858 0.3858176581056423 12.328 9.495 10.749166666666667 12
80 0.2 10.622 0.5939999999999994 12.328 9.495 10.558684210526316 19
90 0 0 0 12.328 9.495 10.564714285714286 21
100 0 0 0 12.328 9.495 10.564714285714286 21
110 1.4 12.394642857142856 9.15019357021746 45.362 9.276 10.564714285714286 21
120 1.3 9.982384615384616 0.4541901564596618 45.362 9.129 11.296685714285715 35
130 0.3 10.400333333333334 0.3858931919010176 45.362 9.129 10.940729166666666 48
140 0 0 0 45.362 9.129 10.908941176470588 51
150 0.3 9.561333333333334 0.34194184040889547 45.362 9.087 10.908941176470588 51
160 2 10.29405 0.726386018243743 45.362 8.924 10.834074074074074 54
170 1.2 10.646 0.8619606526209107 45.362 8.924 10.68812162162162 74
180 0.2 11.7175 1.3704999999999998 45.362 8.924 10.682244186046512 86
190 0 0 0 45.362 8.924 10.705772727272727 88
200 0 0 0 45.362 8.924 10.705772727272727 88
210 0 0 0 45.362 8.924 10.705772727272727 88
220 1.7 10.689176470588237 2.945365756480231 45.362 8.924 10.705772727272727 88
230 6.1 20.64995081967213 47.65878474900173 286.008 8.924 10.703085714285715 105
240 2.5 11.8662 1.7979189303191623 286.008 8.924 14.35825903614458 166
250 0.7 10.937428571428569 0.8710033388722069 286.008 8.924 14.03207329842932 191
260 0 0 0 286.008 8.924 13.922666666666666 198
270 0 0 0 286.008 8.924 13.922666666666666 198
280 2.2 19.37309090909091 27.38481150848718 286.008 8.245 13.922666666666666 198
290 8.6 13.591465116279064 6.866385765549535 286.008 8.245 14.467709090909091 220
300 5.9 21.068796610169496 19.14145524087167 286.008 8.245 14.221444444444444 306
310 0.4 16.21975 1.7772695877384501 286.008 8.245 15.328276712328767 365
320 0.1 13.668 0.0 286.008 8.245 15.337940379403793 369
330 0 0 0 286.008 8.245 15.333427027027026 370
340 0 0 0 286.008 8.245 15.333427027027026 370
350 0 0 0 286.008 8.245 15.333427027027026 370
360 0 0 0 286.008 8.245 15.333427027027026 370
370 5.5 13.494727272727271 6.619540009985712 286.008 8.245 15.333427027027026 370
380 17.9 25.67876536312848 27.026432547331297 286.008 8.245 15.095477647058823 425
390 12.3 25.45478861788619 30.525130225314204 286.008 8.245 18.231915562913905 604
400 1.2 19.13083333333333 7.295937098062791 286.008 8.245 19.453942228335627 727
410 0.1 15.336 0.0 286.008 8.245 19.44869553450609 739
420 0 0 0 286.008 8.245 19.44313783783784 740
430 0 0 0 286.008 8.245 19.44313783783784 740
440 0 0 0 286.008 8.245 19.44313783783784 740
450 0 0 0 286.008 8.245 19.44313783783784 740
460 0 0 0 286.008 8.245 19.44313783783784 740
470 0 0 0 286.008 8.245 19.44313783783784 740
480 0 0 0 286.008 8.245 19.44313783783784 740
490 5 291.9876400000001 278.01696785043606 1060.109 8.245 19.44313783783784 740
500 25.2 783.7031507936509 495.6084433309763 2592.962 0.508 36.69278987341772 790
510 41.6 432.46147596153827 290.1411651512691 2592.962 0.508 217.35172552783115 1042
520 8.5 138.6115882352942 159.56765358395566 2592.962 0.508 278.7273470507544 1458
530 0 0 0 2592.962 0.508 271.00872132209975 1543
540 0 0 0 2592.962 0.508 271.00872132209975 1543
550 0 0 0 2592.962 0.508 271.00872132209975 1543
560 0 0 0 2592.962 0.508 271.00872132209975 1543
570 0 0 0 2592.962 0.508 271.00872132209975 1543
580 0 0 0 2592.962 0.508 271.00872132209975 1543
590 0 0 0 2592.962 0.508 271.00872132209975 1543
593 0 0 0 2592.962 0.508 271.00872132209975 1543
