10 0.6 96.24716666666666 50.24112069947176 208.406 69.446 0 0
20 0.9 75.23044444444444 4.65547336442961 208.406 68.019 96.24716666666666 6
30 0.1 91.782 0.0 208.406 68.019 83.63713333333332 15
40 0 0 0 208.406 68.019 84.14618749999998 16
50 0.1 91.232 0.0 208.406 68.019 84.14618749999998 16
60 2.4 74.00366666666667 6.11922289910156 208.406 64.997 84.56299999999999 17
70 2.3 77.29043478260871 11.777303005010685 208.406 64.997 78.3819268292683 41
80 0.4 77.422 9.334427111505022 208.406 64.997 77.989671875 64
90 0 0 0 208.406 64.997 77.95627941176471 68
100 0.1 71.823 0.0 208.406 64.997 77.95627941176471 68
110 2.4 81.46016666666664 17.39733482621851 208.406 64.997 77.86739130434783 69
120 2.9 74.93275862068963 8.718844947445618 208.406 64.997 78.79455913978495 93
130 0.8 83.62012500000002 11.195926987497508 208.406 64.997 77.87659016393442 122
140 0 0 0 208.406 64.997 78.23003846153846 130
150 2.3 75.87721739130436 7.295200286051824 208.406 64.997 78.23003846153846 130
160 8 79.61008749999999 13.39525492216717 208.406 64.997 77.87634640522874 153
170 4.3 80.52123255813956 14.499246947305233 208.406 64.997 78.47162231759656 233
180 0.6 81.223 8.58478526231146 208.406 64.997 78.79094565217392 276
190 0 0 0 208.406 64.997 78.8426914893617 282
200 0 0 0 208.406 64.997 78.8426914893617 282
210 0 0 0 208.406 64.997 78.8426914893617 282
220 4.5 79.43904444444448 12.331389906261458 208.406 64.997 78.8426914893617 282
230 13.3 86.7815338345865 20.935235230913154 208.406 64.997 78.92475840978594 327
240 6.9 88.76226086956522 22.021916456673363 209.062 64.997 81.19639130434784 460
250 1.5 76.78286666666666 10.814715849968296 209.062 64.997 82.18324385633271 529
260 0 0 0 209.062 64.997 82.03433639705884 544
270 0 0 0 209.062 64.997 82.03433639705884 544
280 7.4 91.9539864864865 32.14858474145006 213.435 64.997 82.03433639705884 544
290 26.5 105.5894339622641 37.35690295368343 367.045 64.997 83.22212621359225 618
300 19.9 119.60624623115578 28.552086833318526 367.045 64.997 89.9348516421291 883
310 2.3 110.29652173913043 16.978573394440332 367.045 64.997 95.39197504621072 1082
320 0.1 114.156 0.0 367.045 64.997 95.70220542986426 1105
330 0 0 0 367.045 64.997 95.71889059674504 1106
340 0 0 0 367.045 64.997 95.71889059674504 1106
350 0 0 0 367.045 64.997 95.71889059674504 1106
360 0 0 0 367.045 64.997 95.71889059674504 1106
370 14.6 122.71998630136986 56.8373597288352 367.045 64.997 95.71889059674504 1106
380 59.1 202.9874331641285 97.56939273792388 676.161 64.997 98.86758067092654 1252
390 32.7 142.311740061162 48.400769871834164 676.161 64.997 132.25598697775365 1843
400 4.3 123.31695348837206 38.94647955308966 676.161 64.997 133.77130092165896 2170
410 0.1 133.056 0.0 676.161 64.997 133.5681662901039 2213
420 0 0 0 676.161 64.997 133.56793495934957 2214
430 0 0 0 676.161 64.997 133.56793495934957 2214
440 0 0 0 676.161 64.997 133.56793495934957 2214
450 0 0 0 676.161 64.997 133.56793495934957 2214
460 0 0 0 676.161 64.997 133.56793495934957 2214
470 0 0 0 676.161 64.997 133.56793495934957 2214
480 0 0 0 676.161 64.997 133.56793495934957 2214
490 7 988.9019571428572 731.6348567423593 3473.207 64.997 133.56793495934957 2214
500 22 4412.634068181821 1291.712763910189 7555.562 5.217 159.78220008756566 2284
510 106.4 2647.657716165412 1052.3498720877615 7555.562 5.217 533.4353194888181 2504
520 82.6 920.1669322033937 899.9969560175791 7555.562 5.217 1163.9097113228695 3568
530 4.4 122.90127272727271 19.463885935196682 7555.562 5.217 1118.090062812927 4394
540 0 0 0 7555.562 5.217 1108.223387111312 4438
550 0 0 0 7555.562 5.217 1108.223387111312 4438
560 0 0 0 7555.562 5.217 1108.223387111312 4438
570 0 0 0 7555.562 5.217 1108.223387111312 4438
580 0 0 0 7555.562 5.217 1108.223387111312 4438
590 0 0 0 7555.562 5.217 1108.223387111312 4438
593 0 0 0 7555.562 5.217 1108.223387111312 4438
