0 0.4 22.095750000000002 5.723362445931587 31.961 18.001 0 0
10 1.8 20.32483333333333 1.3260390579969106 31.961 18.001 22.095750000000002 4
20 0.8 21.584750000000003 3.534215675011927 31.961 18.001 20.646818181818183 22
30 0 0 0 31.961 18.001 20.896933333333333 30
40 0 0 0 31.961 18.001 20.896933333333333 30
50 0.5 19.817 1.388476719286282 31.961 18.001 20.896933333333333 30
60 3.7 23.896648648648654 18.739833817971835 135.108 16.349 20.742657142857144 35
70 1.4 21.054 3.5563329427937433 135.108 16.349 22.363458333333337 72
80 0 0 0 135.108 16.349 22.15029069767442 86
90 0 0 0 135.108 16.349 22.15029069767442 86
100 1.3 20.669307692307694 3.199666121635323 135.108 16.349 22.15029069767442 86
110 7.8 22.665705128205122 18.718713117413408 138.04 16.114 21.955818181818184 99
120 2.6 20.202653846153844 2.404514679039406 138.04 16.114 22.268649717514123 177
130 0.3 20.885333333333335 1.9740135651903603 138.04 16.114 22.004039408866994 203
140 0 0 0 138.04 16.114 21.987747572815532 206
150 8.6 26.083709302325556 25.494354070759716 140.875 16.114 21.987747572815532 206
160 13.7 21.368532846715333 11.164317377121465 140.875 16.114 23.194092465753418 292
170 1.7 22.065941176470584 6.882615999497559 140.875 16.114 22.61110489510489 429
180 0 0 0 140.875 16.114 22.590325112107617 446
190 0 0 0 140.875 16.114 22.590325112107617 446
200 0 0 0 140.875 16.114 22.590325112107617 446
210 0.1 17.288 0.0 140.875 16.114 22.590325112107617 446
220 18.8 22.47636170212766 16.075685883816245 140.875 16.114 22.57846308724832 447
230 25.6 25.875019531250004 17.921042151845192 145.237 16.114 22.54823464566929 635
240 3.4 23.36914705882353 4.069918752855429 145.237 16.114 23.504078563411895 891
250 0.1 20.49 0.0 145.237 16.114 23.499118918918917 925
260 0 0 0 145.237 16.114 23.495869330453562 926
270 0.1 18.322 0.0 145.237 16.114 23.495869330453562 926
280 30 24.147979999999986 20.60220648020336 159.787 16.114 23.490288025889967 927
290 50.6 29.780333992094878 24.52740411437849 175.056 16.114 23.65109290953545 1227
300 11.5 40.76481739130435 24.05551411489414 218.389 16.114 25.440703981534913 1733
310 0.5 34.1288 1.973420320154834 218.389 16.114 26.394314935064937 1848
320 0 0 0 218.389 16.114 26.415185105234755 1853
330 0 0 0 218.389 16.114 26.415185105234755 1853
340 0 0 0 218.389 16.114 26.415185105234755 1853
350 0 0 0 218.389 16.114 26.415185105234755 1853
360 0.2 22.9735 0.1355000000000004 218.389 16.114 26.415185105234755 1853
370 63.7 35.350568288854014 39.90781338263436 281.047 16.114 26.411474393530998 1855
380 97.2 62.34705555555555 55.21790768400204 383.905 16.114 28.69646749598716 2492
390 20.2 50.53159900990097 30.34264359330439 383.905 16.114 38.13883804849885 3464
400 0.8 37.684999999999995 3.4533799747493785 383.905 16.114 38.8216906710311 3666
410 0 0 0 383.905 16.114 38.819215568862276 3674
420 0 0 0 383.905 16.114 38.819215568862276 3674
430 0 0 0 383.905 16.114 38.819215568862276 3674
440 0 0 0 383.905 16.114 38.819215568862276 3674
450 0 0 0 383.905 16.114 38.819215568862276 3674
460 0 0 0 383.905 16.114 38.819215568862276 3674
470 0 0 0 383.905 16.114 38.819215568862276 3674
480 0.9 31.099000000000004 5.923629217895996 383.905 16.114 38.819215568862276 3674
490 90.9 416.54895599559916 460.2231476967774 2981.671 16.114 38.800349986424116 3683
500 178 1688.4379623595494 821.9605331921922 5419.315 0.409 113.57680531358878 4592
510 98.4 1149.7246656504083 555.756087944709 5419.315 0.409 553.5097713433769 6372
520 4.2 326.5201190476189 286.78234854271676 5419.315 0.409 633.2644554105491 7356
530 0 0 0 5419.315 0.409 631.5230033792915 7398
540 0 0 0 5419.315 0.409 631.5230033792915 7398
550 0 0 0 5419.315 0.409 631.5230033792915 7398
560 0 0 0 5419.315 0.409 631.5230033792915 7398
570 0 0 0 5419.315 0.409 631.5230033792915 7398
580 0 0 0 5419.315 0.409 631.5230033792915 7398
590 0 0 0 5419.315 0.409 631.5230033792915 7398
593 0 0 0 5419.315 0.409 631.5230033792915 7398
