10 0.1 37.38 0 37.38 37.38 0 0
20 0.4 37.12675 1.4860323642168787 38.247 34.571 37.38 1
30 0.3 45.007666666666665 6.581466114949024 54.311 34.571 37.1774 5
40 0.1 41.47 0.0 54.311 34.571 40.113749999999996 8
50 0 0 0 54.311 34.571 40.26444444444444 9
60 0.2 36.9905 1.3544999999999998 54.311 34.571 40.26444444444444 9
70 0.6 48.03916666666667 18.30626269355806 87.671 34.571 39.66918181818182 11
80 0.3 40.10866666666667 0.7099766819332084 87.671 34.571 42.623294117647056 17
90 0.1 40.381 0.0 87.671 34.571 42.2461 20
100 0 0 0 87.671 34.571 42.15728571428571 21
110 0.9 42.21855555555557 15.578075456024095 87.671 33.759 42.15728571428571 21
120 1.7 36.98635294117647 3.1815767815045737 87.671 32.882 42.175666666666665 30
130 0.3 50.157333333333334 9.953403918035056 87.671 32.882 40.29868085106383 47
140 0.1 40.805 0.0 87.671 32.882 40.8902 50
150 0 0 0 87.671 32.882 40.88852941176471 51
160 1.4 36.91392857142857 1.905986788452402 87.671 32.882 40.88852941176471 51
170 2 38.932500000000005 3.336595263138759 87.671 32.882 40.03246153846154 65
180 0.2 37.920500000000004 0.063500000000003 87.671 32.882 39.773647058823535 85
190 0.1 38.097 0.0 87.671 32.882 39.7310459770115 87
200 0 0 0 87.671 32.882 39.71247727272728 88
210 0 0 0 87.671 32.882 39.71247727272728 88
220 1.2 35.9915 2.7407839967182137 87.671 32.41 39.71247727272728 88
230 4 40.806725 3.911406754528988 87.671 32.41 39.26596000000001 100
240 4.2 43.51595238095236 8.40634240420767 87.671 32.41 39.70617857142857 140
250 1.3 39.36246153846153 5.485170295587698 87.671 32.41 40.58535714285714 182
260 0.3 35.81766666666666 1.0818472884633759 87.671 32.41 40.50383076923077 195
270 0 0 0 87.671 32.41 40.432828282828275 198
280 0.7 38.87071428571429 1.8314583349486997 87.671 32.41 40.432828282828275 198
290 6.3 52.72131746031746 20.947315390992117 167.779 32.41 40.37948780487804 205
300 7.9 80.05549367088604 19.489987941149742 167.779 32.41 43.28073880597014 268
310 1.8 70.7736111111111 5.172363473724657 167.779 32.41 51.65308933717578 347
320 0.5 74.2388 10.247908926215146 167.779 32.41 52.59601917808218 365
330 0 0 0 167.779 32.41 52.88848918918917 370
340 0 0 0 167.779 32.41 52.88848918918917 370
350 0 0 0 167.779 32.41 52.88848918918917 370
360 0 0 0 167.779 32.41 52.88848918918917 370
370 1.7 66.33805882352942 34.64674051466685 167.779 32.41 52.88848918918917 370
380 15.2 118.61157894736839 68.91824633411737 364.8 32.41 53.479297157622725 387
390 14.8 108.25460135135135 49.826526930229804 403.917 32.41 71.84684230055656 539
400 4.8 100.57583333333336 29.661437586208727 403.917 32.41 79.69014410480348 687
410 0.4 85.5395 2.8966461209474628 403.917 32.41 81.05410748299319 735
420 0.1 84.04 0.0 403.917 32.41 81.07838565629228 739
430 0 0 0 403.917 32.41 81.08238783783783 740
440 0 0 0 403.917 32.41 81.08238783783783 740
450 0 0 0 403.917 32.41 81.08238783783783 740
460 0 0 0 403.917 32.41 81.08238783783783 740
470 0 0 0 403.917 32.41 81.08238783783783 740
480 0 0 0 403.917 32.41 81.08238783783783 740
490 1 858.7041000000002 711.1378233673764 2248.342 32.41 81.08238783783783 740
500 10.3 3599.8216990291276 1330.3324226894256 7992.167 0.456 91.45067733333332 750
510 41.4 2112.882963768116 910.8275659362973 7992.167 0.456 515.0875064478313 853
520 24.9 650.6379076305222 707.5516964948117 7992.167 0.456 1037.1769455406472 1267
530 2.4 130.90525000000002 28.041931430523228 7992.167 0.456 973.6886734828497 1516
540 0.1 141.278 0.0 7992.167 0.456 960.5543863636365 1540
550 0.1 139.368 0.0 7992.167 0.456 960.0227339390007 1541
560 0 0 0 7992.167 0.456 959.4905324254215 1542
570 0 0 0 7992.167 0.456 959.4905324254215 1542
580 0 0 0 7992.167 0.456 959.4905324254215 1542
590 0 0 0 7992.167 0.456 959.4905324254215 1542
593 0 0 0 7992.167 0.456 959.4905324254215 1542
