0 16 16
10 25 28
20 10 28
30 1 28
40 0 28
50 35 35
60 35 47
70 12 47
80 4 47
90 0 47
100 68 68
110 94 115
120 34 115
130 6 115
140 38 115
150 187 187
160 127 213
170 41 213
180 13 213
190 3 213
200 1 213
210 85 213
220 391 393
230 257 424
240 90 424
250 23 424
260 7 424
270 144 424
280 690 692
290 520 803
300 178 803
310 101 803
320 85 803
330 52 803
340 11 803
350 1 803
360 321 803
370 1397 1397
380 977 1584
390 329 1584
400 186 1584
410 181 1584
420 179 1584
430 177 1584
440 137 1584
450 52 1584
460 13 1584
470 1 1584
480 643 1584
490 2995 2995
500 3060 3560
510 1455 3560
520 424 3560
530 356 3560
540 354 3560
550 346 3560
560 286 3560
570 152 3560
580 37 3560
590 5 3560
593 0 3560
