0 2.7 27
10 6.3 90
20 5.9 149
30 0.8 157
40 5.8 215
50 12.6 341
60 7.3 414
70 2 434
80 0.2 436
90 3.4 470
100 20 670
110 25.8 928
120 12.1 1049
130 3.5 1084
140 1 1094
150 18.9 1283
160 57.5 1858
170 42.4 2282
180 10.1 2383
190 1.4 2397
200 9.6 2493
210 87.3 3366
220 108.1 4447
230 44.9 4896
240 5.3 4949
250 1.3 4962
260 18 5142
270 172.4 6866
280 219.9 9065
290 87.6 9941
300 18.1 10122
310 1.9 10141
320 33.6 10477
330 329.9 13776
340 438.2 18158
350 176.1 19919
360 28.1 20200
370 3 20230
380 0.4 20234
390 0 20234
400 328 23514
410 574.5 29259
420 579 35049
430 432 39369
440 52.5 39894
450 6 39954
460 0.4 39958
470 144.4 41402
480 690.1 48303
490 626.3 54566
500 670.8 61274
510 334.5 64619
520 22.9 64848
530 1.7 64865
540 0.4 64869
