0 0.1 375571.578125 0 375571.578125 375571.578125 0 0
10 0.1 375572.13671875 0.0 375572.13671875 375571.578125 375571.578125 1
20 0.1 375566.26171875 0.0 375572.13671875 375566.26171875 375571.857421875 2
30 0.1 375562.71875 0.0 375572.13671875 375562.71875 375569.9921875 3
40 0.1 375564.171875 0.0 375572.13671875 375562.71875 375568.173828125 4
50 0.1 375563.15234375 0.0 375572.13671875 375562.71875 375567.3734375 5
60 0.1 375544.7578125 0.0 375572.13671875 375544.7578125 375566.669921875 6
70 0.1 375547.28515625 0.0 375572.13671875 375544.7578125 375563.53962053574 7
80 0.1 375553.19140625 0.0 375572.13671875 375544.7578125 375561.5078125 8
90 0.1 375553.078125 0.0 375572.13671875 375544.7578125 375560.5837673611 9
100 0.1 375551.05859375 0.0 375572.13671875 375544.7578125 375559.833203125 10
110 0.1 375524.3125 0.0 375572.13671875 375524.3125 375559.03551136365 11
120 0.1 375501.953125 0.0 375572.13671875 375501.953125 375556.1419270833 12
130 0.1 375513.73828125 0.0 375572.13671875 375501.953125 375551.9735576923 13
140 0.1 375525.65625 0.0 375572.13671875 375501.953125 375549.24246651784 14
150 0.1 375526.390625 0.0 375572.13671875 375501.953125 375547.6700520833 15
160 0.1 375512.74609375 0.0 375572.13671875 375501.953125 375546.3400878906 16
170 0.1 375442.93359375 0.0 375572.13671875 375442.93359375 375544.36397058825 17
180 0.1 375439.3359375 0.0 375572.13671875 375439.3359375 375538.72894965275 18
190 0.1 375468.671875 0.0 375572.13671875 375439.3359375 375533.49773848685 19
200 0.1 375492.54296875 0.0 375572.13671875 375439.3359375 375530.2564453125 20
210 0.1 375490.69921875 0.0 375572.13671875 375439.3359375 375528.4605654762 21
220 0.1 375370.77734375 0.0 375572.13671875 375370.77734375 375526.744140625 22
230 0.1 375318.55859375 0.0 375572.13671875 375318.55859375 375519.96297554346 23
240 0.1 375382.15625 0.0 375572.13671875 375318.55859375 375511.57112630206 24
250 0.1 375428.0390625 0.0 375572.13671875 375318.55859375 375506.39453125 25
260 0.1 375434.4375 0.0 375572.13671875 375318.55859375 375503.380859375 26
270 0.1 375439.3125 0.0 375572.13671875 375318.55859375 375500.8274016204 27
280 0.1 375188.37109375 0.0 375572.13671875 375188.37109375 375498.63044084824 28
290 0.1 375091.24609375 0.0 375572.13671875 375091.24609375 375487.9318426724 29
300 0.1 375206.359375 0.0 375572.13671875 375091.24609375 375474.708984375 30
310 0.1 375329.80859375 0.0 375572.13671875 375091.24609375 375466.0525453629 31
320 0.1 375358.734375 0.0 375572.13671875 375091.24609375 375461.794921875 32
330 0.1 375346.86328125 0.0 375572.13671875 375091.24609375 375458.671875 33
340 0.1 374888.81640625 0.0 375572.13671875 374888.81640625 375455.38338694855 34
350 0.1 374707.7421875 0.0 375572.13671875 374707.7421875 375439.19575892854 35
360 0.1 374927.8125 0.0 375572.13671875 374707.7421875 375418.8776041667 36
370 0.1 375174.78515625 0.0 375572.13671875 374707.7421875 375405.6055743243 37
380 0.1 375240.14453125 0.0 375572.13671875 374707.7421875 375399.53135279607 38
390 0.1 375243.58984375 0.0 375572.13671875 374707.7421875 375395.44451121794 39
400 0.1 375243.953125 0.0 375572.13671875 374707.7421875 375391.64814453124 40
410 0.1 374737.30859375 0.0 375572.13671875 374707.7421875 375388.0458269817 41
420 0.1 374043.20703125 0.0 375572.13671875 374043.20703125 375372.5520833333 42
430 0.1 373447.47265625 0.0 375572.13671875 373447.47265625 375341.6370821221 43
440 0.1 374324.82421875 0.0 375572.13671875 373447.47265625 375298.587890625 44
450 0.1 374821.81640625 0.0 375572.13671875 373447.47265625 375276.94869791664 45
460 0.1 374959.05078125 0.0 375572.13671875 373447.47265625 375267.054517663 46
470 0.1 374992.75390625 0.0 375572.13671875 373447.47265625 375260.50124667556 47
480 0.1 374849.0625 0.0 375572.13671875 373447.47265625 375254.9231770833 48
490 0.1 373875.0859375 0.0 375572.13671875 373447.47265625 375246.6403061224 49
500 0.1 372989.80859375 0.0 375572.13671875 372989.80859375 375219.20921875 50
510 0.1 372959.9375 0.0 375572.13671875 372959.9375 375175.4954810049 51
520 0.1 374425.828125 0.0 375572.13671875 372959.9375 375132.8885967548 52
530 0.1 374840.5390625 0.0 375572.13671875 372959.9375 375119.5478331368 53
540 0.1 374951.7734375 0.0 375572.13671875 372959.9375 375114.3810040509 54
