0 0.1 0.0 0 0.0 0.0 0 0
10 0.1 0.0 0.0 0.0 0.0 0.0 1
20 0.1 0.0 0.0 0.0 0.0 0.0 2
30 0.1 0.0 0.0 0.0 0.0 0.0 3
40 0.1 0.0 0.0 0.0 0.0 0.0 4
50 0.1 0.0 0.0 0.0 0.0 0.0 5
60 0.1 0.0 0.0 0.0 0.0 0.0 6
70 0.1 0.0 0.0 0.0 0.0 0.0 7
80 0.1 0.0 0.0 0.0 0.0 0.0 8
90 0.1 0.0 0.0 0.0 0.0 0.0 9
100 0.1 0.0 0.0 0.0 0.0 0.0 10
110 0.1 0.0 0.0 0.0 0.0 0.0 11
120 0.1 0.0 0.0 0.0 0.0 0.0 12
130 0.1 0.0 0.0 0.0 0.0 0.0 13
140 0.1 0.0 0.0 0.0 0.0 0.0 14
150 0.1 0.0 0.0 0.0 0.0 0.0 15
160 0.1 0.0 0.0 0.0 0.0 0.0 16
170 0.1 0.0 0.0 0.0 0.0 0.0 17
180 0.1 0.0 0.0 0.0 0.0 0.0 18
190 0.1 0.0 0.0 0.0 0.0 0.0 19
200 0.1 0.0 0.0 0.0 0.0 0.0 20
210 0.1 0.0 0.0 0.0 0.0 0.0 21
220 0.1 0.0703125 0.0 0.0703125 0.0 0.0 22
230 0.1 0.140625 0.0 0.140625 0.0 0.0030570652173913045 23
240 0.1 0.12109375 0.0 0.140625 0.0 0.0087890625 24
250 0.1 0.171875 0.0 0.171875 0.0 0.01328125 25
260 0.1 0.1484375 0.0 0.171875 0.0 0.019381009615384616 26
270 0.1 0.12109375 0.0 0.171875 0.0 0.02416087962962963 27
280 0.1 0.1796875 0.0 0.1796875 0.0 0.027622767857142856 28
290 0.1 0.23828125 0.0 0.23828125 0.0 0.03286637931034483 29
300 0.1 0.19921875 0.0 0.23828125 0.0 0.039713541666666664 30
310 0.1 0.171875 0.0 0.23828125 0.0 0.04485887096774194 31
320 0.1 0.140625 0.0 0.23828125 0.0 0.048828125 32
330 0.1 0.12109375 0.0 0.23828125 0.0 0.05160984848484849 33
340 0.1 0.1015625 0.0 0.23828125 0.0 0.05365349264705882 34
350 0.1 0.16015625 0.0 0.23828125 0.0 0.05502232142857143 35
360 0.1 0.2109375 0.0 0.23828125 0.0 0.057942708333333336 36
370 0.1 0.1796875 0.0 0.23828125 0.0 0.0620777027027027 37
380 0.1 0.1484375 0.0 0.23828125 0.0 0.06517269736842106 38
390 0.1 0.12109375 0.0 0.23828125 0.0 0.06730769230769232 39
400 0.1 0.1015625 0.0 0.23828125 0.0 0.06865234375000001 40
410 0.1 0.171875 0.0 0.23828125 0.0 0.0694550304878049 41
420 0.1 1.0 0.0 1.0 0.0 0.0718936011904762 42
430 0.1 1.30859375 0.0 1.30859375 0.0 0.09347747093023256 43
440 0.1 1.7109375 0.0 1.7109375 0.0 0.12109375 44
450 0.1 1.51953125 0.0 1.7109375 0.0 0.1564236111111111 45
460 0.1 1.2890625 0.0 1.7109375 0.0 0.18605638586956522 46
470 0.1 1.08984375 0.0 1.7109375 0.0 0.20952460106382978 47
480 0.1 1.0 0.0 1.7109375 0.0 0.22786458333333334 48
490 0.1 1.078125 0.0 1.7109375 0.0 0.24362244897959184 49
500 0.1 1.30859375 0.0 1.7109375 0.0 0.2603125 50
510 0.1 1.55859375 0.0 1.7109375 0.0 0.2808670343137255 51
520 0.1 1.4609375 0.0 1.7109375 0.0 0.3054387019230769 52
530 0.1 1.23828125 0.0 1.7109375 0.0 0.3272405660377358 53
540 0.1 1.05078125 0.0 1.7109375 0.0 0.3441116898148148 54
