10 0.1 255 0 255 255 0 0
20 0.1 890.0 0.0 890 255 255.0 1
30 0.1 1057.0 0.0 1057 255 572.5 2
40 0.1 133.0 0.0 1057 133 734.0 3
50 0.1 788.0 0.0 1057 133 583.75 4
60 0.1 2080.0 0.0 2080 133 624.6 5
70 0.1 1316.0 0.0 2080 133 867.1666666666666 6
80 0.1 330.0 0.0 2080 133 931.2857142857143 7
90 0.1 13.0 0.0 2080 13 856.125 8
100 0.1 366.0 0.0 2080 13 762.4444444444445 9
110 0.1 2480.0 0.0 2480 13 722.8 10
120 0.1 4159.0 0.0 4159 13 882.5454545454545 11
130 0.1 2329.0 0.0 4159 13 1155.5833333333333 12
140 0.1 815.0 0.0 4159 13 1245.8461538461538 13
150 0.1 85.0 0.0 4159 13 1215.0714285714287 14
160 0.1 2217.0 0.0 4159 13 1139.7333333333333 15
170 0.1 8443.0 0.0 8443 13 1207.0625 16
180 0.1 8292.0 0.0 8443 13 1632.7058823529412 17
190 0.1 1043.0 0.0 8443 13 2002.6666666666667 18
200 0.1 86.0 0.0 8443 13 1952.157894736842 19
210 0.1 1168.0 0.0 8443 13 1858.85 20
220 0.1 11584.0 0.0 11584 13 1825.952380952381 21
230 0.1 19730.0 0.0 19730 13 2269.5 22
240 0.1 7731.0 0.0 19730 13 3028.6521739130435 23
250 0.1 856.0 0.0 19730 13 3224.5833333333335 24
260 0.1 104.0 0.0 19730 13 3129.84 25
270 0.1 2629.0 0.0 19730 13 3013.4615384615386 26
280 0.1 24606.0 0.0 24606 13 2999.222222222222 27
290 0.1 42703.0 0.0 42703 13 3770.8928571428573 28
300 0.1 16328.0 0.0 42703 13 5113.379310344828 29
310 0.1 1904.0 0.0 42703 13 5487.2 30
320 0.1 188.0 0.0 42703 13 5371.612903225807 31
330 0.1 4263.0 0.0 42703 13 5209.625 32
340 0.1 46942.0 0.0 46942 13 5180.939393939394 33
350 0.1 88431.0 0.0 88431 13 6409.205882352941 34
360 0.1 36358.0 0.0 88431 13 8752.685714285713 35
370 0.1 4704.0 0.0 88431 13 9519.499999999998 36
380 0.1 207.0 0.0 88431 13 9389.35135135135 37
390 0.1 27.0 0.0 88431 13 9147.710526315788 38
400 0.1 1.0 0.0 88431 1 8913.846153846152 39
410 0.1 38379.0 0.0 88431 1 8691.024999999998 40
420 0.1 92289.0 0.0 92289 1 9415.12195121951 41
430 0.1 182981.0 0.0 182981 1 11388.309523809521 42
440 0.1 128847.0 0.0 182981 1 15378.837209302323 43
450 0.1 7362.0 0.0 182981 1 17957.65909090909 44
460 0.1 437.0 0.0 182981 1 17722.199999999997 45
470 0.1 24.0 0.0 182981 1 17346.434782608692 46
480 0.1 16169.0 0.0 182981 1 16977.87234042553 47
490 0.1 86916.0 0.0 182981 1 16961.020833333332 48
500 0.1 176121.0 0.0 182981 1 18388.673469387755 49
510 0.1 196924.0 0.0 196924 1 21543.32 50
520 0.1 52120.0 0.0 196924 1 24982.156862745098 51
530 0.1 2861.0 0.0 196924 1 25504.03846153846 52
540 0.1 235.0 0.0 196924 1 25076.811320754718 53
