0 0.1 6574.226 0 6574.226 6574.226 0 0
10 0.6 9505.7135 3176.305513871986 15154.919 5986.918 6574.226 1
20 1.5 13888.513533333333 3403.802921956143 21797.498 5986.918 9086.929571428573 7
30 0.6 19130.301166666664 3950.643180816444 27394.658 5986.918 12360.736818181816 22
40 0.2 28121.729 962.3729999999996 29084.102 5986.918 13811.357749999997 28
50 1.4 10886.923142857142 2292.2388243836085 29084.102 5986.918 14765.382499999998 30
60 2.3 14477.297608695651 3484.8597463967862 29084.102 5986.918 13531.32725 44
70 1.1 20758.542636363636 2920.973117476661 29084.102 5986.918 13856.063343283582 67
80 0.2 30129.826500000003 48.28650000000107 30178.113 5986.918 14829.48991025641 78
90 0.1 40585.323 0.0 40585.323 5986.918 15211.998324999999 80
100 1.1 8348.880636363638 2427.610227339647 40585.323 4086.846 15525.24924691358 81
110 4.5 12940.131266666667 3490.286628799249 40585.323 4086.846 14667.205173913042 92
120 4.1 18068.20417073171 4215.345896313689 40585.323 4086.846 14099.91812408759 137
130 1.6 24148.672375000002 3201.136080578657 40585.323 4086.846 15013.961539325843 178
140 0.7 33737.963 2273.859745740708 40585.323 4086.846 15767.33975257732 194
150 0.2 4971.2085 1244.4345 40585.323 3726.774 16393.18235323383 201
160 5.1 10527.972215686277 2932.76026821369 40585.323 3208.298 16280.650591133004 203
170 11.2 14309.494499999999 4306.9066528100075 40585.323 3208.298 15125.585248031495 254
180 6.5 21003.54193846154 5106.027998178512 40585.323 3208.298 14875.852560109288 366
190 0.8 28710.623375 3477.933030980936 40585.323 3208.298 15799.9820487239 431
200 0.2 36956.210999999996 3460.906000000001 40585.323 3208.298 16035.255694760821 439
210 3 7860.693000000001 2173.1743672654984 40585.323 2975.078 16130.135310657597 441
220 19.2 12747.447244791663 3703.475177176747 40585.323 2975.078 15603.419239915074 471
230 20.7 16851.240454106282 4152.349496364658 40585.323 2975.078 14776.350426847663 663
240 4.3 24852.881511627915 3704.656896089884 40585.323 2975.078 15270.031157471265 870
250 0.6 33518.818999999996 4881.593381496969 43739.012 2975.078 15721.359268346114 913
260 0.2 44607.845499999996 1257.2204999999976 45865.066 2975.078 15837.55595865071 919
270 6.3 8122.898888888887 1814.5672394742703 45865.066 2975.078 15900.03215743757 921
280 40 12782.483880000013 3585.998779762008 45865.066 2068.845 15402.105942073173 984
290 36.9 17766.41730894308 4338.426121422476 45865.066 2068.845 14644.989739161854 1384
300 11 25718.803190909097 4809.13801683224 45865.066 2068.845 15302.03866856817 1753
310 1.6 34230.272000000004 4905.978490764968 45865.066 2068.845 15917.09186097692 1863
320 0.2 43030.1155 1717.9784999999974 45865.066 2068.845 16073.031659925495 1879
330 11.8 8247.227330508476 2018.2282342764606 45865.066 2068.845 16101.694162679427 1881
340 78.3 12476.083702426571 3654.7735040081247 45865.066 2068.845 15638.04879689845 1999
350 76.9 17304.966592977886 4387.231079552601 45865.066 2068.845 14748.106787922361 2782
360 17.6 25012.92119318184 4145.436191489599 45865.066 2068.845 15301.817063925655 3551
370 2.5 33549.0162 3933.782234709554 47006.76 2068.845 15760.404218942851 3727
380 0.3 42964.23066666667 2097.280626079133 47006.76 2068.845 15878.931750799575 3752
390 0 0 0 47006.76 2068.845 15900.571137416779 3755
400 2.5 4731.560080000001 1138.1887191162953 47006.76 2027.433 15900.571137416779 3755
410 22.9 10459.986358078595 3241.509291305524 47006.76 1876.596 15826.702016666668 3780
420 84 18552.031020238097 3710.429128244572 47006.76 1876.596 15520.147293339984 4009
430 212.5 23501.839206588218 4084.60223807092 47006.76 1876.596 16045.365344607135 4849
440 39.7 30304.927690176326 4246.489481227526 47006.76 1876.596 18317.376666188695 6974
450 4.8 40013.45899999998 4007.803596868156 53756.26 1876.596 18963.022814136475 7371
460 0.3 49037.195 3248.361536455061 53756.26 1876.596 19099.216497506397 7419
470 0.1 55873.017 0.0 55873.017 1876.596 19111.317539746695 7422
480 4.4 8462.648545454545 1980.4755920982202 55873.017 1876.596 19116.269944362113 7423
490 135.4 14461.470119645488 3696.8580482036487 55873.017 1740.406 19053.49247796973 7467
500 342.6 20519.28971074133 4519.600991650727 55873.017 1740.406 18348.629279560137 8821
510 224.2 26013.691315343465 4318.934021752146 55873.017 1740.406 18955.85412133582 12247
520 20.6 34983.78764563105 4599.864899136289 55873.017 1740.406 20047.9702776589 14489
530 2 45263.226899999994 3945.2419499883777 55873.017 1740.406 20257.34614549165 14695
540 0.2 51613.083 3434.711000000001 55873.017 1740.406 20291.3330714237 14715
