0 13.19140625 13.19140625
10 50.3296875 63.52109375
20 42.23515625 105.75625
30 4.9734375 110.7296875
40 37.3234375 148.053125
50 94.97734375 243.03046875
60 52.33046875 295.3609375
70 13.15 308.5109375
80 1.4375 309.9484375
90 9.4609375 319.409375
100 129.4171875 448.8265625
110 204.1171875 652.94375
120 81.65390625 734.59765625
130 23.946875 758.54453125
140 6.471875 765.01640625
150 98.21875 863.23515625
160 417.9828125 1281.21796875
170 315.8515625 1597.06953125
180 65.4296875 1662.49921875
190 8.3140625 1670.81328125
200 24.084375 1694.89765625
210 584.24609375 2279.14375
220 837.0625 3116.20625
230 315.015625 3431.221875
240 31.53046875 3462.75234375
250 8.7734375 3471.52578125
260 45.36328125 3516.8890625
270 1135.31640625 4652.20546875
280 1717.58671875 6369.7921875
290 598.88515625 6968.67734375
300 113.2734375 7081.95078125
310 10.93984375 7092.890625
320 82.44453125 7175.33515625
330 2145.2046875 9320.53984375
340 3388.98125 12709.52109375
350 1200.846875 13910.36796875
360 177.7203125 14088.08828125
370 17.08984375 14105.178125
380 3.11953125 14108.29765625
390 0 14108.29765625
400 1713.3671875 15821.66484375
410 4770.93359375 20592.5984375
420 4422.88203125 25015.48046875
430 2539.53203125 27555.0125
440 319.3046875 27874.3171875
450 35.009375 27909.3265625
460 2.59609375 27911.92265625
470 362.56171875 28274.484375
480 5927.30859375 34201.79296875
490 9912.98203125 44114.775
500 5767.16015625 49881.93515625
510 1847.4640625 51729.39921875
520 174.83359375 51904.2328125
530 16.734375 51920.9671875
540 2.6515625 51923.61875
