0 95.59765625 95.59765625
10 558.33984375 653.9375
20 1133.05546875 1786.99296875
30 123.25546875 1910.2484375
40 402.26484375 2312.51328125
50 1528.21171875 3840.725
60 1583.23125 5423.95625
70 352.475 5776.43125
80 7.7890625 5784.2203125
90 72.43046875 5856.65078125
100 1402.87421875 7259.525
110 3516.56484375 10776.08984375
120 2688.440625 13464.53046875
130 897.58984375 14362.1203125
140 55.62734375 14417.74765625
150 873.43515625 15291.1828125
160 5623.93203125 20915.11484375
170 8520.16875 29435.28359375
180 1727.425 31162.70859375
190 80.98125 31243.68984375
200 201.75 31445.43984375
210 7124.06953125 38569.509375
220 17530.253125 56099.7625
230 8951.68671875 65051.44921875
240 883.1609375 65934.61015625
250 98.65859375 66033.26875
260 407.98515625 66441.25390625
270 12980.99921875 79422.253125
280 39577.30703125 118999.56015625
290 20532.41875 139531.97890625
300 2600.621875 142132.60078125
310 145.79140625 142278.3921875
320 703.45859375 142981.85078125
330 25027.7171875 168009.56796875
340 82212.121875 250221.68984375
350 43700.23203125 293921.921875
360 6000.1078125 299922.0296875
370 214.690625 300136.7203125
380 9.4921875 300146.2125
390 0 300146.2125
400 13856.734375 314002.946875
410 57737.625 371740.571875
420 161543.70703125 533284.27890625
430 153350.1921875 686634.47109375
440 12101.265625 698735.73671875
450 349.33046875 699085.0671875
460 9.36484375 699094.43203125
470 3000.9515625 702095.38359375
480 26270.33125 728365.71484375
490 112841.90703125 841207.621875
500 178583.99921875 1019791.62109375
510 81476.9546875 1101268.57578125
520 3798.5453125 1105067.12109375
530 130.2703125 1105197.39140625
540 7.75859375 1105205.15
