10 0.1 5.299 0 5.299 5.299 0 0
20 0.1 7.87 0.0 7.87 5.299 5.299 1
30 0 0 0 7.87 5.299 6.5845 2
40 0 0 0 7.87 5.299 6.5845 2
50 0 0 0 7.87 5.299 6.5845 2
60 0 0 0 7.87 5.299 6.5845 2
70 0 0 0 7.87 5.299 6.5845 2
80 0 0 0 7.87 5.299 6.5845 2
90 0 0 0 7.87 5.299 6.5845 2
100 0.4 5.696 0.4054115193232676 7.87 5.299 6.5845 2
110 0.6 5.792999999999999 0.5843837209687942 7.87 5.174 5.992166666666667 6
120 0.2 5.6945 0.46950000000000003 7.87 5.174 5.8925833333333335 12
130 0 0 0 7.87 5.174 5.864285714285714 14
140 0 0 0 7.87 5.174 5.864285714285714 14
150 0 0 0 7.87 5.174 5.864285714285714 14
160 0.7 5.493428571428572 0.2525893658788947 7.87 4.999 5.864285714285714 14
170 1.1 5.439909090909091 0.3572280795604487 7.87 4.999 5.740666666666667 21
180 0.1 5.416 0.0 7.87 4.999 5.63728125 32
190 0 0 0 7.87 4.999 5.630575757575757 33
200 0 0 0 7.87 4.999 5.630575757575757 33
210 1 5.644700000000001 0.29220850432525053 7.87 4.999 5.630575757575757 33
220 2.6 6.113384615384614 2.483343265669877 18.312 4.837 5.633860465116279 43
230 1.5 7.3776666666666655 4.243716274943722 22.479 4.837 5.81455072463768 69
240 0 0 0 22.479 4.837 6.093678571428571 84
250 0 0 0 22.479 4.837 6.093678571428571 84
260 0 0 0 22.479 4.837 6.093678571428571 84
270 1.4 5.634142857142857 0.48792444630918264 22.479 4.837 6.093678571428571 84
280 5.9 6.600203389830508 2.8300913848793243 22.479 4.777 6.028030612244898 98
290 1.9 5.7459999999999996 0.5636774927114561 22.479 4.777 6.243050955414012 157
300 0.2 5.3405000000000005 0.06650000000000023 22.479 4.777 6.189392045454545 176
310 0 0 0 22.479 4.777 6.179853932584269 178
320 0 0 0 22.479 4.777 6.179853932584269 178
330 3.4 7.125441176470586 3.6769797163942965 22.479 4.777 6.179853932584269 178
340 10.6 6.811179245283017 2.15291042061482 22.479 4.777 6.331504716981131 212
350 4.3 6.001069767441861 0.7722693648440875 22.479 4.777 6.491396226415094 318
360 0.2 5.896 0.08199999999999985 22.479 4.777 6.432991689750691 361
370 0 0 0 22.479 4.777 6.430033057851238 363
380 0 0 0 22.479 4.777 6.430033057851238 363
390 0 0 0 22.479 4.777 6.430033057851238 363
400 1.4 8.021571428571429 5.878096833819183 29.082 4.777 6.430033057851238 363
410 10.4 239.54400961538462 279.41692440806685 1782.6 4.777 6.4891352785145875 377
420 17.9 208.93596648044672 221.6248355532108 1782.6 4.777 56.87937837837838 481
430 6.7 94.76514925373138 151.6965742632364 1782.6 4.777 98.11896818181813 660
440 0.2 5.2895 0.022499999999999964 1782.6 4.777 97.80988170563957 727
450 0 0 0 1782.6 4.777 97.55605349794234 729
460 0 0 0 1782.6 4.777 97.55605349794234 729
470 0 0 0 1782.6 4.777 97.55605349794234 729
480 5.9 317.90564406779686 397.2874606536633 1996.043 0.433 97.55605349794234 729
490 36.7 175.73025340599457 273.46580447217076 1996.043 0.379 114.05430964467004 788
500 25.5 217.99708235294125 263.60347317042476 1996.043 0.379 133.65177402597402 1155
510 3.4 109.87770588235293 288.9334169076216 1996.043 0.379 148.90571276595747 1410
520 0.1 5.109 0.0 1996.043 0.379 147.9867707756233 1444
530 0 0 0 1996.043 0.379 147.88789342560557 1445
540 0 0 0 1996.043 0.379 147.88789342560557 1445
