0 0.1 59.663 0 59.663 59.663 0 0
10 0.2 34.333999999999996 12.218999999999998 59.663 22.115 59.663 1
20 0.3 33.39833333333333 10.023173427390926 59.663 22.115 42.776999999999994 3
30 0 0 0 59.663 22.115 38.087666666666664 6
40 0 0 0 59.663 22.115 38.087666666666664 6
50 0.8 26.871375 1.602563644406986 59.663 22.115 38.087666666666664 6
60 0.6 36.389833333333335 15.055976038511162 65.072 22.115 31.67835714285714 14
70 0 0 0 65.072 22.115 33.0918 20
80 0 0 0 65.072 22.115 33.0918 20
90 0 0 0 65.072 22.115 33.0918 20
100 0.2 26.9615 1.0515000000000008 65.072 22.115 33.0918 20
110 2 31.530499999999996 24.67384139833115 136.508 21.76 32.5345 22
120 1.1 27.675727272727272 4.3670335904553435 136.508 21.76 32.05640476190476 42
130 0 0 0 136.508 21.76 31.14720754716981 53
140 0 0 0 136.508 21.76 31.14720754716981 53
150 0.3 24.339333333333332 0.5589062731999183 136.508 21.76 31.14720754716981 53
160 2.4 28.444249999999997 9.395589542661316 136.508 21.76 30.7825 56
170 4 24.574800000000003 2.645025474357477 136.508 20.826 30.081025 80
180 0.7 27.476428571428567 4.344457712572021 136.508 20.826 28.245616666666667 120
190 0 0 0 136.508 20.826 28.203220472440947 127
200 0 0 0 136.508 20.826 28.203220472440947 127
210 3 29.95933333333334 22.286730465059748 144.082 20.826 28.203220472440947 127
220 7.1 27.77497183098592 17.815378867607325 145.851 20.023 28.538783439490444 157
230 3.4 28.954529411764703 18.15371907972594 145.851 20.023 28.300929824561404 228
240 0.1 29.602 0.0 145.851 20.023 28.385748091603052 262
250 0 0 0 145.851 20.023 28.390372623574144 263
260 0 0 0 145.851 20.023 28.390372623574144 263
270 5.1 24.863137254901968 5.002980206031741 145.851 20.023 28.390372623574144 263
280 15 32.80208 32.491638757382894 285.973 20.023 27.81747770700637 314
290 6.6 29.485742424242417 18.28818834352381 285.973 20.023 29.42887931034483 464
300 0.9 26.373666666666665 2.5477168428047707 285.973 20.023 29.43596037735849 530
310 0 0 0 285.973 20.023 29.384827458256026 539
320 0 0 0 285.973 20.023 29.384827458256026 539
330 10.2 37.45050980392158 35.22671257355844 285.973 20.023 29.384827458256026 539
340 32.9 45.047802431610926 42.25930361176389 285.973 20.023 30.668290171606863 641
350 13.5 28.04588888888889 19.810807876161252 285.973 20.023 35.545464948453606 970
360 0.9 25.864555555555555 6.417485525432511 285.973 20.023 34.62922714932126 1105
370 0 0 0 285.973 20.023 34.558417414721724 1114
380 0 0 0 285.973 20.023 34.558417414721724 1114
390 0 0 0 285.973 20.023 34.558417414721724 1114
400 4.4 61.394386363636364 54.50424043062067 285.973 20.023 34.558417414721724 1114
410 16.6 1783.4407590361436 1514.4904855415944 5759.358 0.459 35.57809153713299 1158
420 59.9 2910.292400667777 1271.4116539414808 7348.391 0.459 254.7209939577038 1324
430 28.3 1394.5694946996462 1129.4260784234489 7348.391 0.459 1081.9114633385327 1923
440 0.3 46.536333333333324 31.822960320428322 7348.391 0.459 1122.0212651858558 2206
450 0 0 0 7348.391 0.459 1120.5606699864184 2209
460 0 0 0 7348.391 0.459 1120.5606699864184 2209
470 0 0 0 7348.391 0.459 1120.5606699864184 2209
480 10.3 974.3649902912623 1800.726666807681 7348.391 0.397 1120.5606699864184 2209
490 106.9 1374.4969363891491 1879.0018590442178 7656.854 0.381 1114.047627162629 2312
500 87.8 1789.5427539863324 1323.8295817334638 7656.854 0.381 1196.396136941733 3381
510 12.7 887.2760944881898 1056.5277280448877 7656.854 0.381 1318.6743078187367 4259
520 0.2 25.1525 0.09149999999999991 7656.854 0.381 1306.1828410852713 4386
530 0 0 0 7656.854 0.381 1305.5989621695533 4388
540 0 0 0 7656.854 0.381 1305.5989621695533 4388
