0 0.9 30.26422222222222 18.123667085258546 76.8 13.083 0 0
10 0.9 17.447666666666663 6.8836532129063235 76.8 12.22 30.26422222222222 9
20 0 0 0 76.8 12.22 23.85594444444444 18
30 0 0 0 76.8 12.22 23.85594444444444 18
40 1.4 13.274500000000002 0.9987186612283329 76.8 11.466 23.85594444444444 18
50 1.2 13.501083333333334 1.3480732212021063 76.8 11.2 19.2265625 32
60 0 0 0 76.8 11.2 17.66506818181818 44
70 0 0 0 76.8 11.2 17.66506818181818 44
80 0 0 0 76.8 11.2 17.66506818181818 44
90 1.6 13.4168125 1.1339035022186632 76.8 10.492 17.66506818181818 44
100 4.2 13.232595238095238 2.37977134815535 76.8 9.707 16.5322 60
110 1.1 12.360909090909088 0.7245266109104311 76.8 9.707 15.173539215686274 102
120 0 0 0 76.8 9.707 14.89974336283186 113
130 0 0 0 76.8 9.707 14.89974336283186 113
140 0 0 0 76.8 9.707 14.89974336283186 113
150 6 13.959449999999995 6.584814453030041 76.8 9.707 14.89974336283186 113
160 8.5 13.02974117647059 4.733918258080388 76.8 9.707 14.573630057803467 173
170 0 0 0 76.8 9.707 14.064984496124032 258
180 0 0 0 76.8 9.707 14.064984496124032 258
190 0 0 0 76.8 9.707 14.064984496124032 258
200 3.8 12.923105263157892 1.1874034207700892 76.8 9.707 14.064984496124032 258
210 18.7 15.413491978609628 17.963543767840836 135.203 9.707 13.918391891891892 296
220 5.4 12.858592592592588 7.591765125641606 135.203 9.392 14.49724016563147 483
230 0 0 0 135.203 9.392 14.332459962756053 537
240 0 0 0 135.203 9.392 14.332459962756053 537
250 0 0 0 135.203 9.392 14.332459962756053 537
260 7.8 13.054128205128206 2.7120662827491855 135.203 9.392 14.332459962756053 537
270 36.7 13.350585831062673 9.709547944343495 135.49 9.392 14.170330081300815 615
280 10.9 17.03902752293578 22.408080522153522 204.609 9.392 13.863969450101834 982
290 0 0 0 204.609 9.392 14.181184234647114 1091
300 0 0 0 204.609 9.392 14.181184234647114 1091
310 0 0 0 204.609 9.392 14.181184234647114 1091
320 16.3 13.302957055214726 9.483164421218982 204.609 9.392 14.181184234647114 1091
330 75.3 17.909726427622843 24.66362450849311 260.21 9.392 14.067028708133975 1254
340 24.4 25.87611475409837 34.80553947966384 260.21 9.392 15.508758345789738 2007
350 0 0 0 260.21 9.392 16.632541092847624 2251
360 0 0 0 260.21 9.392 16.632541092847624 2251
370 0 0 0 260.21 9.392 16.632541092847624 2251
380 0 0 0 260.21 9.392 16.632541092847624 2251
390 0 0 0 260.21 9.392 16.632541092847624 2251
400 105.4 24.38472296015178 38.3541902896573 410.258 9.192 16.632541092847624 2251
410 108.1 783.6607409805732 753.070798288678 4007.433 9.192 19.104795158850223 3305
420 1.7 3427.8858823529413 471.7042337093024 4157.65 9.192 207.5418625170998 4386
430 0 0 0 4157.65 9.192 219.97562321144667 4403
440 0 0 0 4157.65 9.192 219.97562321144667 4403
450 0 0 0 4157.65 9.192 219.97562321144667 4403
460 0 0 0 4157.65 9.192 219.97562321144667 4403
470 66.7 16.33311394302848 19.8009300739918 4157.65 9.192 219.97562321144667 4403
480 268.9 899.3782484194875 955.393118115267 4832.202 0.875 193.18478422090726 5070
490 102.9 886.2729280855192 973.0329307392997 4832.202 0.819 437.9269191906175 7759
500 0 0 0 4832.202 0.819 490.4244206873009 8788
510 0 0 0 4832.202 0.819 490.4244206873009 8788
520 0 0 0 4832.202 0.819 490.4244206873009 8788
530 0 0 0 4832.202 0.819 490.4244206873009 8788
540 0 0 0 4832.202 0.819 490.4244206873009 8788
