10 0.3 17.768 6.942654439525754 27.528 11.962 0 0
20 0.6 15.5355 5.685368523675488 27.528 10.691 17.768 3
30 0 0 0 27.528 10.691 16.279666666666667 9
40 0.5 11.801800000000002 1.2902519753908541 27.528 9.978 16.279666666666667 9
50 1.2 12.688249999999998 2.1213905472983208 27.528 9.536 14.680428571428573 14
60 0.4 12.182 1.2530057860999693 27.528 9.536 13.760961538461537 26
70 0 0 0 27.528 9.536 13.550433333333332 30
80 0 0 0 27.528 9.536 13.550433333333332 30
90 0 0 0 27.528 9.536 13.550433333333332 30
100 0.7 11.168571428571429 1.1638248342847641 27.528 9.536 13.550433333333332 30
110 1.7 13.090823529411765 4.701322420156896 27.528 9.536 13.09981081081081 37
120 0.7 14.47257142857143 6.788939552308442 30.999 9.536 13.09698148148148 54
130 0.2 12.4275 0.4924999999999997 30.999 9.536 13.25483606557377 61
140 0 0 0 30.999 9.536 13.228571428571428 63
150 0.7 11.17357142857143 0.7617942836568447 30.999 9.536 13.228571428571428 63
160 3.4 16.658205882352938 21.35250828189046 127.568 8.955 13.023071428571429 70
170 2.9 12.119620689655177 3.9675579166082633 127.568 8.955 14.211480769230768 104
180 0 0 0 127.568 8.955 13.755360902255639 133
190 0 0 0 127.568 8.955 13.755360902255639 133
200 0 0 0 127.568 8.955 13.755360902255639 133
210 5 13.622959999999996 16.896816912022214 130.135 8.955 13.755360902255639 133
220 8.4 17.45685714285714 25.697967111623207 133.195 8.955 13.719185792349727 183
230 2.6 12.051615384615387 5.50226730942606 133.195 8.703 14.895082397003744 267
240 0 0 0 133.195 8.703 14.64276109215017 293
250 0.1 12.833 0.0 133.195 8.703 14.64276109215017 293
260 0 0 0 133.195 8.703 14.636605442176869 294
270 7.8 14.508743589743593 19.404713215090165 133.195 8.667 14.636605442176869 294
280 18.8 13.042148936170214 12.980849476725028 133.195 8.456 14.60979569892473 372
290 3.9 12.823717948717949 8.268690594720322 133.195 8.456 14.083514285714285 560
300 0.2 28.0535 2.775500000000001 133.195 8.456 14.00149081803005 599
310 0 0 0 133.195 8.456 14.048252911813645 601
320 0 0 0 133.195 8.456 14.048252911813645 601
330 14.3 17.787580419580422 26.337927465550425 166.61 8.456 14.048252911813645 601
340 32.2 24.982888198757784 36.650340202126365 262.686 8.456 14.766967741935483 744
350 8.2 13.386609756097558 9.040572897285012 262.686 8.456 17.85282739212008 1066
360 0.2 10.5455 0.30449999999999955 262.686 8.456 17.5338118466899 1148
370 0 0 0 262.686 8.456 17.52165826086957 1150
380 0 0 0 262.686 8.456 17.52165826086957 1150
390 0 0 0 262.686 8.456 17.52165826086957 1150
400 6.6 19.86681818181818 28.21052305483804 262.686 8.456 17.52165826086957 1150
410 19.2 741.3646458333328 770.5334101674981 3444.444 0.433 17.648944901315794 1216
420 62.6 918.1841805111819 600.5386018009816 3507.315 0.433 116.33744957386357 1408
430 25.8 504.46839147286823 520.9018651308779 3507.315 0.433 363.1201701081611 2034
440 0.3 84.414 102.28965357584642 3507.315 0.433 379.0310955497381 2292
450 0 0 0 3507.315 0.433 378.64597516339853 2295
460 0 0 0 3507.315 0.433 378.64597516339853 2295
470 0 0 0 3507.315 0.433 378.64597516339853 2295
480 15.5 290.74889032258085 575.3140286574782 3507.315 0.393 378.64597516339853 2295
490 119.5 276.60217573221684 518.9388155169366 4674.561 0.386 373.08513918367333 2450
500 71.9 443.6093226703756 535.0154433736957 4674.561 0.386 341.45355034293516 3645
510 8.7 236.21293103448278 413.37145356265347 4674.561 0.386 358.28443950504095 4364
520 0 0 0 4674.561 0.386 355.8984091215454 4451
530 0 0 0 4674.561 0.386 355.8984091215454 4451
540 0 0 0 4674.561 0.386 355.8984091215454 4451
