10 0.3 11.928666666666667 1.889712735370702 14.566 10.236 0 0
20 0.5 12.838 1.2697138260253764 14.566 10.236 11.928666666666667 3
30 0.1 13.095 0.0 14.566 10.236 12.497 8
40 0.1 14.034 0.0 14.566 10.236 12.563444444444444 9
50 1 12.4924 1.291112016828904 14.566 10.236 12.7105 10
60 1 13.997000000000003 6.385981177548208 33.001 10.236 12.60145 20
70 0 0 0 33.001 10.236 13.066633333333334 30
80 0 0 0 33.001 10.236 13.066633333333334 30
90 0 0 0 33.001 10.236 13.066633333333334 30
100 0.6 12.042333333333332 0.7602444051458421 33.001 10.236 13.066633333333334 30
110 1.4 11.333999999999998 1.1550891122086029 33.001 9.103 12.895916666666668 36
120 0.8 12.22225 1.8418200746815627 33.001 9.103 12.45858 50
130 0.4 11.95075 0.9975588641779489 33.001 9.103 12.42598275862069 58
140 0.1 96.89 0.0 96.89 9.103 12.39532258064516 62
150 0.1 10.855 0.0 96.89 9.103 13.736507936507936 63
160 2.3 12.001608695652173 4.4739250225892775 96.89 9.103 13.691484375 64
170 3.6 12.244749999999998 3.930228226162219 96.89 9.103 13.244735632183907 87
180 1 11.698199999999998 0.9751637606063913 96.89 9.103 12.952056910569105 123
190 0 0 0 96.89 9.103 12.857781954887217 133
200 0 0 0 96.89 9.103 12.857781954887217 133
210 1.9 11.274052631578945 1.7950109653288941 96.89 9.103 12.857781954887217 133
220 8.3 15.148469879518073 19.755966978030827 138.027 8.495 12.659815789473683 152
230 5.3 11.803169811320757 5.141569438597405 138.027 8.446 13.538787234042552 235
240 0.5 11.7364 1.2636467227829147 138.027 8.446 13.219385416666666 288
250 0 0 0 138.027 8.446 13.194078498293514 293
260 0.1 13.482 0.0 138.027 8.446 13.194078498293514 293
270 3.2 14.468312500000001 21.373985156372775 138.027 8.446 13.19505782312925 294
280 17.1 14.540760233918133 19.67808109808338 151.756 8.446 13.320039877300612 326
290 8.8 11.087670454545453 4.510325360471115 151.756 8.159 13.740046277665996 497
300 1.6 11.332249999999998 0.7965587313563266 151.756 8.159 13.34105641025641 585
310 0 0 0 151.756 8.159 13.287577371048252 601
320 0 0 0 151.756 8.159 13.287577371048252 601
330 5.7 22.26192982456142 32.59366653085994 151.756 8.159 13.287577371048252 601
340 29.4 20.529180272108842 29.411336672018983 261.884 8.159 14.064990881458968 658
350 17.7 12.702728813559322 9.296172246410483 261.884 8.159 16.061284663865546 952
360 2 11.3107 2.363836206254571 261.884 8.159 15.534744021257753 1129
370 0.1 13.276 0.0 261.884 8.159 15.461218450826808 1149
380 0 0 0 261.884 8.159 15.45931826086957 1150
390 0 0 0 261.884 8.159 15.45931826086957 1150
400 1.4 24.182 34.0825227541289 261.884 8.159 15.45931826086957 1150
410 7.8 961.403435897436 733.3751288946685 2645.785 0.475 15.564230240549831 1164
420 24.8 940.407254032258 622.8262423499849 3776.671 0.475 74.96476006441225 1242
430 76.2 271.9991679790025 403.5589951151047 3776.671 0.475 219.01156442953018 1490
440 4.2 22.619999999999997 41.99441757231663 3776.671 0.475 236.94076243339248 2252
450 0.1 12.589 0.0 3776.671 0.475 233.01684263295547 2294
460 0 0 0 3776.671 0.475 232.92079564270148 2295
470 0 0 0 3776.671 0.475 232.92079564270148 2295
480 1.6 342.95868750000005 667.267496345611 3776.671 0.399 232.92079564270148 2295
490 55.2 95.10432065217395 384.0109398613484 3776.671 0.378 233.68263305928167 2311
500 103.9 306.453601539942 545.5619518256126 3776.671 0.367 206.96407614390498 2863
510 53.7 114.53380633147087 303.6668105473921 3776.671 0.367 233.45552075858524 3902
520 0.9 6.334111111111111 5.096535194389843 3776.671 0.367 219.06918134715013 4439
530 0.3 8.104000000000001 5.116110697264737 3776.671 0.367 218.63873718525167 4448
540 0 0 0 3776.671 0.367 218.4968355425746 4451
