10 0.1 134.011 0 134.011 134.011 0 0
20 0.1 114.187 0.0 134.011 114.187 134.011 1
30 0 0 0 134.011 114.187 124.09899999999999 2
40 0 0 0 134.011 114.187 124.09899999999999 2
50 0 0 0 134.011 114.187 124.09899999999999 2
60 0 0 0 134.011 114.187 124.09899999999999 2
70 0 0 0 134.011 114.187 124.09899999999999 2
80 0 0 0 134.011 114.187 124.09899999999999 2
90 0 0 0 134.011 114.187 124.09899999999999 2
100 0.3 119.05266666666667 1.8237341424183038 134.011 114.187 124.09899999999999 2
110 0.7 120.21742857142856 3.8855103307818153 134.011 114.187 121.0712 5
120 0.2 121.07 2.2200000000000024 134.011 114.187 120.57316666666667 12
130 0 0 0 134.011 114.187 120.64414285714285 14
140 0 0 0 134.011 114.187 120.64414285714285 14
150 0 0 0 134.011 114.187 120.64414285714285 14
160 0.6 123.30766666666669 1.3038056688871371 134.011 114.187 120.64414285714285 14
170 1 122.1256 1.6871105595069982 134.011 114.187 121.4432 20
180 0.3 116.41699999999999 2.89056811025099 134.011 112.967 121.67066666666666 30
190 0 0 0 134.011 112.967 121.19306060606061 33
200 0 0 0 134.011 112.967 121.19306060606061 33
210 0.7 124.73428571428572 1.1925913818578577 134.011 112.967 121.19306060606061 33
220 2.2 125.19749999999998 3.6256299734729436 138.855 112.967 121.81277500000002 40
230 2.1 120.8814761904762 3.3245521949658383 138.855 112.967 123.0138064516129 62
240 0.1 112.322 0.0 138.855 112.322 122.47430120481928 83
250 0 0 0 138.855 112.322 122.35344047619049 84
260 0 0 0 138.855 112.322 122.35344047619049 84
270 0.8 125.40812500000001 1.301397464026648 138.855 112.322 122.35344047619049 84
280 5.8 128.30948275862065 17.127008064740977 254.678 112.322 122.6190652173913 92
290 2.4 123.40266666666666 1.9672444913860798 254.678 112.322 124.81935999999996 150
300 0.4 119.25925000000001 2.931506982338602 254.678 112.322 124.62395402298849 174
310 0 0 0 254.678 112.322 124.50339887640448 178
320 0 0 0 254.678 112.322 124.50339887640448 178
330 1.9 138.25689473684216 28.831676377306977 254.678 112.322 124.50339887640448 178
340 10 131.22934000000006 8.85101796769164 254.678 112.322 125.82987817258882 197
350 5.9 126.91150847457624 3.970406329258965 254.678 112.322 127.64787878787881 297
360 0.6 123.6295 1.4964299460159627 254.678 112.322 127.52583988764044 356
370 0.1 113.058 0.0 254.678 112.322 127.46125966850829 362
380 0 0 0 254.678 112.322 127.42158126721763 363
390 0 0 0 254.678 112.322 127.42158126721763 363
400 0.7 136.5225714285714 4.903247607661763 254.678 112.322 127.42158126721763 363
410 7.2 648.5573750000002 516.2486737835383 2465.891 8.344 127.59376216216216 370
420 16.8 584.6704821428575 343.1693895571624 2465.891 8.344 212.456613122172 442
430 11.1 341.67316216216227 309.83076077597383 2465.891 8.344 314.96797377049194 610
440 0.7 122.48171428571428 3.8040476080198538 2465.891 8.344 319.07931345353694 721
450 0 0 0 2465.891 8.344 317.1889519230771 728
460 0 0 0 2465.891 8.344 317.1889519230771 728
470 0 0 0 2465.891 8.344 317.1889519230771 728
480 2.7 398.5535925925925 504.2451828763654 2465.891 0.43 317.1889519230771 728
490 27.8 211.84166546762603 360.08753522276396 2465.891 0.394 320.09868079470215 755
500 33.7 428.4818071216621 441.00427447312575 2465.891 0.394 290.96465343659264 1033
510 7 219.45914285714278 221.41421474385226 2465.891 0.394 324.7918656934309 1370
520 0.4 121.99475000000001 2.2913749556761784 2465.891 0.394 319.67152500000026 1440
530 0 0 0 2465.891 0.394 319.12394390581744 1444
540 0 0 0 2465.891 0.394 319.12394390581744 1444
