10 0.3 34.79633333333333 8.927693331551113 47.291 26.978 0 0
20 0.4 26.85575 1.4598152922544703 47.291 24.369 34.79633333333333 3
30 0.2 29.962 2.7979999999999983 47.291 24.369 30.258857142857142 7
40 0.1 32.114 0.0 47.291 24.369 30.192888888888888 9
50 0.5 25.6204 3.1617177356620556 47.291 22.534 30.384999999999998 10
60 0.2 24.691 1.686 47.291 22.534 28.7968 15
70 0.3 27.33 0.23443975772040077 47.291 22.534 28.313764705882353 17
80 0.2 31.2595 0.854499999999998 47.291 22.534 28.166199999999996 20
90 0 0 0 47.291 22.534 28.44740909090909 22
100 0.2 24.5985 1.4775 47.291 22.534 28.44740909090909 22
110 1.4 26.124285714285712 5.086150585217686 47.291 20.769 28.126666666666665 24
120 0.7 27.204857142857144 5.3007860988070545 47.291 20.769 27.388947368421054 38
130 0 0 0 47.291 20.769 27.36031111111111 45
140 0.1 29.074 0.0 47.291 20.769 27.36031111111111 45
150 0.1 23.988 0.0 47.291 20.769 27.397565217391303 46
160 1.2 49.75391666666667 44.440923980527856 147.704 20.769 27.325021276595745 47
170 2 24.27765 1.5352256926914691 147.704 20.769 31.886830508474578 59
180 1.2 26.17516666666667 1.873761494664912 147.704 20.769 29.960455696202533 79
190 0.5 28.4518 1.3361124802949786 147.704 20.769 29.461296703296703 91
200 0.2 27.148 0.06599999999999895 147.704 20.769 29.408718750000002 96
210 0.4 53.692750000000004 54.72162715679698 148.472 20.769 29.36258163265306 98
220 3.6 24.963388888888893 4.708452607797655 148.472 20.769 30.31670588235294 102
230 4.2 25.673023809523812 3.464570862507773 148.472 20.417 28.920188405797102 138
240 0.8 28.058000000000003 1.7996633018428743 148.472 20.417 28.162516666666665 180
250 0.2 28.1685 1.7835 148.472 20.417 28.158069148936168 188
260 0 0 0 148.472 20.417 28.158178947368423 190
270 0.7 29.115571428571428 6.600932571714888 148.472 20.417 28.158178947368423 190
280 7.4 34.41786486486486 32.232384029497126 211.19 20.417 28.192197969543148 197
290 7.9 25.80205063291139 7.167782413802298 211.19 20.417 29.892195571955718 271
300 2.2 26.854136363636368 2.7012640693412493 211.19 20.417 28.968991428571425 350
310 0.1 26.777 0.0 211.19 20.417 28.843919354838704 372
320 0.1 30.009 0.0 211.19 20.417 28.838378016085787 373
330 1.6 28.401812499999995 10.80954100100202 211.19 20.417 28.84150802139037 374
340 16.4 41.23618902439024 45.06367377180683 465.179 20.417 28.823469230769227 390
350 17.5 29.861960000000014 24.257788931241972 465.179 20.369 32.497992779783395 554
360 3.9 25.843820512820514 5.089167776767833 465.179 20.369 31.86520027434843 729
370 0.5 28.433600000000002 0.649295803159084 465.179 20.369 31.559427083333343 768
380 0.1 27.928 0.0 465.179 20.369 31.5392082794308 773
390 0 0 0 465.179 20.369 31.534542635658926 774
400 0.2 192.23250000000002 0.6724999999999923 465.179 20.369 31.534542635658926 774
410 3.8 1765.7482631578946 1506.8821440345432 4571.842 0.434 31.94871262886599 776
420 22.9 2533.610641921398 1192.895327765809 7481.081 0.434 112.88775798525799 814
430 34.3 911.5052244897946 1115.336161235184 7481.081 0.434 644.379167785235 1043
440 6 25.89943333333333 5.210888309961066 7481.081 0.434 710.486121212121 1386
450 1 27.320600000000002 1.9515739903985185 7481.081 0.434 682.0800345781464 1446
460 0.1 29.895 0.0 7481.081 0.434 677.5830604395603 1456
470 0.1 29.893 0.0 7481.081 0.434 677.1385250514755 1457
480 0.9 578.6784444444446 1193.6442052422778 7481.081 0.4 676.694598079561 1458
490 33.4 664.0071167664678 1122.7014011848428 7481.081 0.387 676.0932719836401 1467
500 73.7 1040.1151492537333 927.5867673286367 7481.081 0.386 673.8518639644643 1801
510 35.4 368.1044745762708 658.9526016120712 7481.081 0.386 780.2096422379833 2538
520 4 20.770699999999998 6.8975886083471245 7481.081 0.386 729.7652337482715 2892
530 0.2 14.154 0.8460000000000001 7481.081 0.386 720.0927298772174 2932
540 0.1 13.619 0.0 7481.081 0.386 719.6115173824137 2934
