0 0.1 32.405 0 32.405 32.405 0 0
10 0 0 0 32.405 32.405 32.405 1
20 0.4 15.64 3.063093289470629 32.405 12.325 32.405 1
30 0.1 13.477 0.0 32.405 12.325 18.993000000000002 5
40 0 0 0 32.405 12.325 18.073666666666668 6
50 0.2 13.451 0.5099999999999998 32.405 12.325 18.073666666666668 6
60 0.9 13.087666666666664 0.9015977176348915 32.405 11.57 16.918 8
70 0.2 14.109 2.7889999999999997 32.405 11.32 14.890176470588234 17
80 0 0 0 32.405 11.32 14.807947368421052 19
90 0.1 14.243 0.0 32.405 11.32 14.807947368421052 19
100 0.1 20.406 0.0 32.405 11.32 14.7797 20
110 1.2 12.447333333333335 1.0808527754612198 32.405 10.34 15.047619047619047 21
120 1.4 16.80521428571429 15.937494426569653 74.157 10.34 14.102060606060608 33
130 0.5 14.4482 2.308488544480999 74.157 10.34 14.907255319148938 47
140 0.1 12.883 0.0 74.157 10.34 14.863115384615385 52
150 0 0 0 74.157 10.34 14.825754716981134 53
160 1.4 12.519499999999997 1.8506829916855794 74.157 10.34 14.825754716981134 53
170 3 13.043933333333333 5.485059993189582 74.157 9.951 14.343850746268657 67
180 2.5 12.32404 1.1008196756962512 74.157 9.951 13.941814432989691 97
190 0.5 15.404399999999999 5.889293933910923 74.157 9.951 13.610303278688523 122
200 0 0 0 74.157 9.951 13.680937007874014 127
210 0.8 13.9675 5.517141266090619 74.157 9.951 13.680937007874014 127
220 4.8 11.853083333333338 2.193822091249779 74.157 9.948 13.697918518518517 135
230 5.9 11.934762711864407 1.2859241923379863 74.157 9.446 13.214027322404371 183
240 1.8 12.502333333333334 1.0108269441952518 74.157 9.446 12.902140495867767 242
250 0.2 11.265 0.09100000000000064 74.157 9.446 12.874461538461537 260
260 0.1 13.982 0.0 74.157 9.446 12.862175572519083 262
270 1.8 11.611222222222223 0.9550415090196956 74.157 9.446 12.866433460076045 263
280 9.1 14.675241758241768 14.453224201183797 134.73 9.201 12.786028469750889 281
290 11.6 12.257094827586208 3.426750091454525 134.73 9.201 13.248174731182798 372
300 4.2 12.305428571428568 2.2861643500356994 134.73 9.201 13.012590163934428 488
310 0.7 12.114142857142857 0.7433915385527584 134.73 9.201 12.956550943396227 530
320 0.2 12.4885 0.5884999999999998 134.73 9.201 12.945569832402235 537
330 3.3 13.373060606060607 3.3536446654023226 134.73 9.201 12.94387384044527 539
340 21.1 18.796890995260657 24.148035445933704 265.168 9.201 12.968634615384616 572
350 25.9 13.107880308880313 9.061276531668009 265.168 9.201 14.539212005108556 783
360 6.1 13.0815737704918 5.525918982867342 265.168 9.201 14.18343953934741 1042
370 1.1 12.612636363636364 1.2178888046516674 265.168 9.201 14.122502266545785 1103
380 0 0 0 265.168 9.201 14.107593357271096 1114
390 0 0 0 265.168 9.201 14.107593357271096 1114
400 0.6 17.666666666666668 4.854306152502356 265.168 9.201 14.107593357271096 1114
410 6.8 1026.7612352941176 833.7260444036074 2849.957 9.201 14.126659821428571 1120
420 26 991.2914999999995 660.3655526630714 4643.396 9.201 72.08890824915824 1188
430 61.3 289.1338009787924 461.5982652601893 4643.396 9.201 237.13909737569048 1448
440 13.2 12.92615909090909 7.2990827140891 4643.396 9.201 252.60380058224143 2061
450 1.6 12.287125 1.1804874986102136 4643.396 9.201 238.17723939808465 2193
460 0 0 0 4643.396 9.201 236.54109551833392 2209
470 0 0 0 4643.396 9.201 236.54109551833392 2209
480 0.2 1431.8825000000002 462.9025000000001 4643.396 9.201 236.54109551833392 2209
490 29.2 856.0032123287666 1732.8697001959638 7657.648 0.376 237.6223631840794 2211
500 106.8 1983.2481254681627 1599.694625850702 7657.648 0.376 309.76267798641607 2503
510 72.8 556.5757912087915 914.6454280716936 7657.648 0.376 810.2618260991311 3571
520 8.3 49.42179518072289 42.431659478112365 7657.648 0.376 767.3021998139097 4299
530 0.6 39.39083333333334 37.465828690584466 7657.648 0.376 753.704738931994 4382
540 0 0 0 7657.648 0.376 752.7280107110297 4388
