10 0.4 78.19375 18.337312117306073 108.123 60.803 0 0
20 1.1 68.67527272727274 8.646099079310632 108.123 57.764 78.19375 4
30 0.3 59.32633333333333 0.7148157493757101 108.123 57.764 71.21353333333333 15
40 0.3 64.71966666666667 3.1636999787520206 108.123 57.764 69.23233333333333 18
50 1.8 68.55816666666668 7.838674790563911 108.123 57.764 68.58766666666666 21
60 1.8 63.54566666666666 5.09325893270267 108.123 57.764 68.57405128205129 39
70 0.3 59.113 0.7439681892841018 108.123 57.764 66.98614035087719 57
80 0 0 0 108.123 57.764 66.59248333333333 60
90 0 0 0 108.123 57.764 66.59248333333333 60
100 0.8 69.27125 8.373097541382164 108.123 57.764 66.59248333333333 60
110 2.6 73.47157692307691 24.954092467157917 186.307 56.643 66.90763235294118 68
120 2.3 66.61965217391304 11.300516208327346 186.307 52.528 68.7231914893617 94
130 0.8 67.46199999999999 18.019730810974952 186.307 52.528 68.30967521367522 117
140 0.1 58.787 0.0 186.307 52.528 68.255424 125
150 0.4 63.305 3.5983401034365823 186.307 52.528 68.18027777777777 126
160 4.2 70.52209523809522 19.856959124135706 190.265 52.528 68.03026923076922 130
170 7.7 72.70909090909092 25.119390818044486 190.265 52.528 68.63873837209302 172
180 1.7 65.62917647058826 19.746302448322396 190.265 52.528 69.89744176706827 249
190 0 0 0 190.265 52.528 69.62465789473684 266
200 0 0 0 190.265 52.528 69.62465789473684 266
210 4.2 79.10426190476186 32.66152661922086 192.54 52.528 69.62465789473684 266
220 16.1 73.25091925465834 27.47848440290033 204.97 52.528 70.91733116883115 308
230 10.5 65.17341904761903 9.39743327852872 204.97 52.528 71.71841364605541 469
240 1.2 63.26575 5.501558841592083 204.97 52.528 70.52115853658535 574
250 0.1 64.67 0.0 204.97 52.528 70.37258361774742 586
260 0.1 61.634 0.0 204.97 52.528 70.36286882453149 587
270 7.1 75.21997183098593 26.403948813175344 204.97 52.528 70.34802380952378 588
280 32.7 76.50806727828756 30.719483795402958 305.031 52.528 70.87292261001515 659
290 17.8 66.20874157303382 11.616865703618682 305.031 52.528 72.74177890466532 986
300 3.5 61.80502857142856 4.24865991299922 305.031 52.528 71.74274054982821 1164
310 0.3 59.17466666666667 1.5945879997318704 305.031 52.528 71.45264887406177 1199
320 0 0 0 305.031 52.528 71.42200499168058 1202
330 12.3 101.29201626016258 60.49062070305102 332.681 52.528 71.42200499168058 1202
340 57.3 103.53726876090762 59.07324814752568 475.185 52.528 74.19484377358495 1325
350 34.7 71.83110086455328 24.776403163065453 475.185 52.528 83.05322602739733 1898
360 5.3 63.14994339622641 8.351221077624643 475.185 52.528 81.3186703786192 2245
370 0.2 59.594 1.911999999999999 475.185 52.528 80.89963533507401 2298
380 0 0 0 475.185 52.528 80.8811086956522 2300
390 0 0 0 475.185 52.528 80.8811086956522 2300
400 3.7 142.50616216216216 106.91399182280686 570.812 52.528 80.8811086956522 2300
410 13.7 2352.146058394161 1837.7521755934788 6874.345 1.138 81.85677278562262 2337
420 51.8 3573.060600386099 1387.211676075244 8328.091 1.138 207.5761067097818 2474
430 146.4 1150.4373176229496 1300.6527351570523 8328.091 1.138 790.2368579545453 2992
440 12.8 65.23693749999995 13.769188099447573 8328.091 1.138 908.5791992818666 4456
450 0.6 60.653166666666664 1.8095114825707916 8328.091 1.138 885.0303752181496 4584
460 0 0 0 8328.091 1.138 883.9527579520693 4590
470 0 0 0 8328.091 1.138 883.9527579520693 4590
480 4.2 889.0275714285715 1956.0369092045971 8328.091 0.486 883.9527579520693 4590
490 99.2 1218.6026834677446 2050.3144269196614 9715.745 0.419 883.9987731001722 4632
500 193.4 2803.7661168562495 1810.1388930256899 9715.745 0.402 943.0185240042675 5624
510 130.1 1024.2692636433526 1310.5552673854725 9715.745 0.402 1419.161133765545 7558
520 3.9 53.70646153846153 11.396611693598874 9715.745 0.402 1361.1687731120883 8859
530 0.4 52.647 7.625299764599424 9715.745 0.402 1355.4381561024936 8898
540 0 0 0 9715.745 0.402 1354.8527635362825 8902
