0 0.1 0.2459005569650486 0 0.2459005569650486 0.2459005569650486 0 0
10 0.1 1.2419274714356683 0.0 1.2419274714356683 0.2459005569650486 0.2459005569650486 1
20 0.1 2.6732673267326734 0.0 2.6732673267326734 0.2459005569650486 0.7439140142003584 2
30 0.1 0.6493506493506493 0.0 2.6732673267326734 0.2459005569650486 1.3870317850444636 3
40 0.1 0.24937655860349126 0.0 2.6732673267326734 0.2459005569650486 1.2026115011210101 4
50 0.1 0.1 0.0 2.6732673267326734 0.1 1.0119645126175063 5
60 0.1 0.14985014985014986 0.0 2.6732673267326734 0.1 0.8599704271812553 6
70 0.1 0.1 0.0 2.6732673267326734 0.1 0.7585246732768116 7
80 0.1 0.10005002501250625 0.0 2.6732673267326734 0.1 0.6762090891172101 8
90 0.1 0.24962556165751376 0.0 2.6732673267326734 0.1 0.6121914153277985 9
100 0.1 0.29985007496251875 0.0 2.6732673267326734 0.1 0.57593482996077 10
110 0.1 1.9851116625310175 0.0 2.6732673267326734 0.1 0.5508362158700199 11
120 0.1 3.371343579573624 0.0 3.371343579573624 0.1 0.6703591697584365 12
130 0.1 1.0468594217347957 0.0 3.371343579573624 0.1 0.8781272012826816 13
140 0.1 0.15 0.0 3.371343579573624 0.1 0.890179502743547 14
150 0.1 0.0999000999000999 0.0 3.371343579573624 0.0999000999000999 0.8408342025606438 15
160 0.1 0.04997501249375312 0.0 3.371343579573624 0.04997501249375312 0.7945258211443599 16
170 0.1 0.05002501250625312 0.0 3.371343579573624 0.04997501249375312 0.7507287147531477 17
180 0.1 0.1998001998001998 0.0 3.371343579573624 0.04997501249375312 0.711800731294987 18
182 0.1 0.09995002498750624 0.0 3.371343579573624 0.04997501249375312 0.6848533349005246 19
