0 3.1 80.68593548387099 61.5979655162228 158.293 6.396 0 0
10 11.7 147.26288034188042 238.03037202999502 839.191 5.621 80.68593548387099 31
20 5.7 148.52385964912278 270.9419426938494 959.657 5.621 133.3177094594595 148
30 1.9 137.81415789473687 224.4649818993607 1012.239 5.621 137.5457609756098 205
40 0 0 0 1012.239 5.621 137.56852678571434 224
50 0 0 0 1012.239 5.621 137.56852678571434 224
60 0.4 15033.0945 25979.69532793599 60031.232 5.621 137.56852678571434 224
70 1.2 25026.951666666664 29577.924529077864 60061.595 5.621 398.8935438596491 228
80 1.5 8032.772733333331 20383.895391651462 60061.595 5.621 1630.29645 240
90 2.3 2662.3576956521733 12224.80686505209 60061.595 5.621 2006.912701960784 255
100 16.2 106.61235802469143 196.87537924003817 60061.595 5.621 2061.1401654676256 278
110 21.6 199.28528240740732 337.9224941975091 60061.595 5.621 1341.5185636363635 440
120 8.1 321.44239506172846 425.0210255627791 60061.595 5.621 965.4173612804876 656
130 1.3 323.3308461538462 411.3280485517138 60061.595 5.621 894.6412795115331 737
140 0 0 0 60061.595 5.621 884.7385653333332 750
150 0 0 0 60061.595 5.621 884.7385653333332 750
160 0.7 25739.407428571427 29703.357678262266 60061.595 5.621 884.7385653333332 750
170 1.8 13357.248666666668 24947.484871324206 60061.595 5.621 1114.5703778071331 757
180 1.1 10937.177363636365 23143.0322359295 60061.775 5.621 1398.9164541935481 775
182 0 0 0 60061.775 5.621 1532.4035661577607 786
