10 0.1 205 0 205 205 0 0
20 0.1 846.0 0.0 846 205 205.0 1
30 0.1 183.0 0.0 846 183 525.5 2
40 0.1 64.0 0.0 846 64 411.3333333333333 3
50 0.1 0.0 0.0 846 0 324.5 4
60 0.1 1.0 0.0 846 0 259.6 5
70 0.1 15.0 0.0 846 0 216.5 6
80 0.1 44.0 0.0 846 0 187.71428571428572 7
90 0.1 246.0 0.0 846 0 169.75 8
100 0.1 169.0 0.0 846 0 178.22222222222223 9
110 0.1 719.0 0.0 846 0 177.3 10
120 0.1 784.0 0.0 846 0 226.54545454545453 11
130 0.1 289.0 0.0 846 0 273.0 12
140 0.1 73.0 0.0 846 0 274.2307692307692 13
150 0.1 1.0 0.0 846 0 259.85714285714283 14
160 0.1 0.0 0.0 846 0 242.59999999999997 15
170 0.1 25.0 0.0 846 0 227.43749999999997 16
180 0.1 55.0 0.0 846 0 215.52941176470586 17
182 0.1 28.0 0.0 846 0 206.6111111111111 18
