10 0.6 10620.269833333332 2876.2729287552793 13148.09 4893.575 0 0
20 0.9 15866.61966666667 3118.601607631429 21067.993 4893.575 10620.269833333332 6
30 0.6 23740.493333333336 3426.3190181445284 27233.471 4893.575 13768.079733333334 15
40 0 0 0 27233.471 4893.575 16617.34076190476 21
50 0 0 0 27233.471 4893.575 16617.34076190476 21
60 0.1 63906.111 0.0 63906.111 4893.575 16617.34076190476 21
70 0.1 76468.621 0.0 76468.621 4893.575 18766.830318181816 22
80 0.5 72237.60259999998 2662.477296850485 77243.563 4893.575 21275.603826086954 23
90 0.2 79713.704 1538.0690000000031 81251.773 4893.575 30375.960749999995 28
100 0.1 6631.743 0.0 81251.773 4893.575 33665.14363333333 30
110 1.8 15464.278388888888 4110.515086729455 81251.773 4893.575 32793.0984516129 31
120 2.6 18506.409615384622 4465.868173654005 81251.773 4893.575 26427.409448979593 49
130 0.6 27869.44516666667 4660.771956535078 81251.773 4893.575 23681.462840000004 75
140 0 0 0 81251.773 4893.575 23991.683753086425 81
150 0 0 0 81251.773 4893.575 23991.683753086425 81
160 0 0 0 81251.773 4893.575 23991.683753086425 81
170 0.4 73935.044 4532.391390994658 81251.773 4893.575 23991.683753086425 81
180 0.5 75580.5546 2722.9784303691117 81251.773 4893.575 26341.95952941177 85
182 0 0 0 81251.773 4893.575 29077.43703333334 90
