0 0.1 12.435 0 12.435 12.435 0 0
10 0.2 26.9025 15.3265 42.229 11.576 12.435 1
20 0.6 10.756166666666667 1.4571561820508085 42.229 8.922 22.08 3
30 0.2 11.030999999999999 1.2709999999999995 42.229 8.922 14.530777777777777 9
40 0 0 0 42.229 8.922 13.894454545454545 11
50 0 0 0 42.229 8.922 13.894454545454545 11
60 0 0 0 42.229 8.922 13.894454545454545 11
70 0 0 0 42.229 8.922 13.894454545454545 11
80 0 0 0 42.229 8.922 13.894454545454545 11
90 0 0 0 42.229 8.922 13.894454545454545 11
100 0.3 19.244 10.205886569361166 42.229 8.922 13.894454545454545 11
110 0.7 10.393857142857144 0.6031053991210652 42.229 8.922 15.040785714285715 14
120 0.1 11.719 0.0 42.229 8.922 13.491809523809522 21
130 0 0 0 42.229 8.922 13.411227272727272 22
140 0 0 0 42.229 8.922 13.411227272727272 22
150 0 0 0 42.229 8.922 13.411227272727272 22
160 0 0 0 42.229 8.922 13.411227272727272 22
170 0 0 0 42.229 8.922 13.411227272727272 22
180 0 0 0 42.229 8.922 13.411227272727272 22
182 0 0 0 42.229 8.922 13.411227272727272 22
