60 0.1 15.533 0 15.533 15.533 0 0
70 0.3 31.182 21.993373956717054 62.271 14.82 15.533 1
80 0.4 30.651500000000002 20.04464497690094 65.287 14.82 27.26975 4
90 0.1 13.916 0.0 65.287 13.916 28.960625 8
100 0 0 0 65.287 13.916 27.289 9
110 0 0 0 65.287 13.916 27.289 9
120 0 0 0 65.287 13.916 27.289 9
130 0 0 0 65.287 13.916 27.289 9
140 0 0 0 65.287 13.916 27.289 9
150 0 0 0 65.287 13.916 27.289 9
160 0.2 13.8735 0.7885000000000004 65.287 13.085 27.289 9
170 0.5 14.6638 2.925317446021884 65.287 12.321 24.849818181818183 11
180 0.2 13.591 0.8330000000000002 65.287 12.321 21.666687500000002 16
182 0 0 0 65.287 12.321 20.76938888888889 18
