10 0.1 10.986 0 10.986 10.986 0 0
20 0 0 0 10.986 10.986 10.986 1
30 0 0 0 10.986 10.986 10.986 1
40 0 0 0 10.986 10.986 10.986 1
50 0 0 0 10.986 10.986 10.986 1
60 0 0 0 10.986 10.986 10.986 1
70 0 0 0 10.986 10.986 10.986 1
80 0 0 0 10.986 10.986 10.986 1
90 0 0 0 10.986 10.986 10.986 1
100 0.1 9.614 0.0 10.986 9.614 10.986 1
110 0.5 12.994 7.770893204773824 28.475 8.101 10.3 2
120 0.5 8.16 1.2340677453041224 28.475 6.236 12.224285714285713 7
130 0 0 0 28.475 6.236 10.530833333333332 12
140 0 0 0 28.475 6.236 10.530833333333332 12
150 0 0 0 28.475 6.236 10.530833333333332 12
160 0 0 0 28.475 6.236 10.530833333333332 12
170 0 0 0 28.475 6.236 10.530833333333332 12
180 0 0 0 28.475 6.236 10.530833333333332 12
182 0 0 0 28.475 6.236 10.530833333333332 12
