10 0.6 809.2093333333332 9.431331342333836 825.691 794.101 0 0
20 0.1 788.179 0.0 825.691 788.179 809.2093333333332 6
30 0 0 0 825.691 788.179 806.2049999999999 7
40 0 0 0 825.691 788.179 806.2049999999999 7
50 0 0 0 825.691 788.179 806.2049999999999 7
60 0 0 0 825.691 788.179 806.2049999999999 7
70 0 0 0 825.691 788.179 806.2049999999999 7
80 0 0 0 825.691 788.179 806.2049999999999 7
90 0 0 0 825.691 788.179 806.2049999999999 7
100 0.5 954.0211999999999 21.358640391186004 984.441 788.179 806.2049999999999 7
110 1.1 969.3791818181818 26.289990237621133 1015.314 788.179 867.7950833333333 12
120 0.5 1007.9558000000001 18.831429657888467 1041.491 788.179 916.3787826086956 23
130 0 0 0 1041.491 788.179 932.7318214285715 28
140 0 0 0 1041.491 788.179 932.7318214285715 28
150 0 0 0 1041.491 788.179 932.7318214285715 28
160 0 0 0 1041.491 788.179 932.7318214285715 28
170 0 0 0 1041.491 788.179 932.7318214285715 28
180 0 0 0 1041.491 788.179 932.7318214285715 28
182 0 0 0 1041.491 788.179 932.7318214285715 28
