10 0.2 105.3095 16.141499999999994 121.451 89.168 0 0
20 0 0 0 121.451 89.168 105.3095 2
30 0 0 0 121.451 89.168 105.3095 2
40 0 0 0 121.451 89.168 105.3095 2
50 0 0 0 121.451 89.168 105.3095 2
60 0 0 0 121.451 89.168 105.3095 2
70 0 0 0 121.451 89.168 105.3095 2
80 0 0 0 121.451 89.168 105.3095 2
90 0 0 0 121.451 89.168 105.3095 2
100 0.7 102.79542857142857 2.465759857218334 121.451 89.168 105.3095 2
110 0.1 103.562 0.0 121.451 89.168 103.35411111111111 9
120 0 0 0 121.451 89.168 103.3749 10
130 0 0 0 121.451 89.168 103.3749 10
140 0 0 0 121.451 89.168 103.3749 10
150 0 0 0 121.451 89.168 103.3749 10
160 0 0 0 121.451 89.168 103.3749 10
170 0 0 0 121.451 89.168 103.3749 10
180 0 0 0 121.451 89.168 103.3749 10
182 0 0 0 121.451 89.168 103.3749 10
