10 0.1 9.592 0 9.592 9.592 0 0
20 0 0 0 9.592 9.592 9.592 1
30 0 0 0 9.592 9.592 9.592 1
40 0 0 0 9.592 9.592 9.592 1
50 0 0 0 9.592 9.592 9.592 1
60 0 0 0 9.592 9.592 9.592 1
70 0 0 0 9.592 9.592 9.592 1
80 0 0 0 9.592 9.592 9.592 1
90 0 0 0 9.592 9.592 9.592 1
100 0.1 11.526 0.0 11.526 9.592 9.592 1
110 0.8 10.833 0.665496243415393 12.016 9.592 10.559000000000001 2
120 0.2 11.7255 0.3234999999999997 12.049 9.592 10.778200000000002 10
130 0 0 0 12.049 9.592 10.936083333333334 12
140 0 0 0 12.049 9.592 10.936083333333334 12
150 0 0 0 12.049 9.592 10.936083333333334 12
160 0 0 0 12.049 9.592 10.936083333333334 12
170 0 0 0 12.049 9.592 10.936083333333334 12
180 0 0 0 12.049 9.592 10.936083333333334 12
182 0 0 0 12.049 9.592 10.936083333333334 12
