60 0.1 60031.463 0 60031.463 60031.463 0 0
70 0.5 60024.1862 24.327264987252434 60061.76 60000.781 60031.463 1
80 0.2 60001.843 1.2479999999995925 60061.76 60000.595 60025.399 6
90 0.1 60001.485 0.0 60061.76 60000.595 60019.509999999995 8
100 0 0 0 60061.76 60000.595 60017.507222222215 9
110 0 0 0 60061.76 60000.595 60017.507222222215 9
120 0 0 0 60061.76 60000.595 60017.507222222215 9
130 0 0 0 60061.76 60000.595 60017.507222222215 9
140 0 0 0 60061.76 60000.595 60017.507222222215 9
150 0 0 0 60061.76 60000.595 60017.507222222215 9
160 0.3 60038.00633333333 9.601513399230889 60061.76 60000.595 60017.507222222215 9
170 0.4 60029.86275 22.642892498253953 60061.76 60000.595 60022.63199999999 12
180 0.2 60031.084 30.853000000000975 60061.937 60000.231 60024.439687499995 16
182 0 0 0 60061.937 60000.231 60025.17794444444 18
