10 0.6 42.994499999999995 27.884217607516504 95.714 16.518 0 0
20 0.1 32.623 0.0 95.714 16.518 42.994499999999995 6
30 0 0 0 95.714 16.518 41.512857142857136 7
40 0 0 0 95.714 16.518 41.512857142857136 7
50 0 0 0 95.714 16.518 41.512857142857136 7
60 0 0 0 95.714 16.518 41.512857142857136 7
70 0 0 0 95.714 16.518 41.512857142857136 7
80 0 0 0 95.714 16.518 41.512857142857136 7
90 0 0 0 95.714 16.518 41.512857142857136 7
100 0.5 26.962199999999996 9.244751622407172 95.714 14.743 41.512857142857136 7
110 1.1 27.615272727272725 6.635816906495305 95.714 14.743 35.45008333333333 12
120 0.5 16.0706 1.5121884274124047 95.714 14.409 31.702999999999996 23
130 0 0 0 95.714 14.409 28.911499999999993 28
140 0 0 0 95.714 14.409 28.911499999999993 28
150 0 0 0 95.714 14.409 28.911499999999993 28
160 0 0 0 95.714 14.409 28.911499999999993 28
170 0 0 0 95.714 14.409 28.911499999999993 28
180 0 0 0 95.714 14.409 28.911499999999993 28
182 0 0 0 95.714 14.409 28.911499999999993 28
