20 0.1 141.76 0 141.76 141.76 0 0
30 0 0 0 141.76 141.76 141.76 1
40 0 0 0 141.76 141.76 141.76 1
50 0 0 0 141.76 141.76 141.76 1
60 0 0 0 141.76 141.76 141.76 1
70 0 0 0 141.76 141.76 141.76 1
80 0 0 0 141.76 141.76 141.76 1
90 0 0 0 141.76 141.76 141.76 1
100 0.1 122.771 0.0 141.76 122.771 141.76 1
110 0.2 124.1045 0.05750000000000455 141.76 122.771 132.2655 2
120 0.8 121.25999999999999 1.7977045780661534 141.76 118.868 128.185 4
130 0 0 0 141.76 118.868 123.56833333333333 12
140 0 0 0 141.76 118.868 123.56833333333333 12
150 0 0 0 141.76 118.868 123.56833333333333 12
160 0 0 0 141.76 118.868 123.56833333333333 12
170 0 0 0 141.76 118.868 123.56833333333333 12
180 0 0 0 141.76 118.868 123.56833333333333 12
182 0 0 0 141.76 118.868 123.56833333333333 12
