10 0.3 28.752 13.992254071449675 48.513 17.976 0 0
20 0.3 38.42366666666667 18.507630036164965 63.822 17.976 28.752 3
30 0.1 18.318 0.0 63.822 17.976 33.587833333333336 6
40 0 0 0 63.822 17.976 31.406428571428574 7
50 0 0 0 63.822 17.976 31.406428571428574 7
60 0 0 0 63.822 17.976 31.406428571428574 7
70 0 0 0 63.822 17.976 31.406428571428574 7
80 0 0 0 63.822 17.976 31.406428571428574 7
90 0 0 0 63.822 17.976 31.406428571428574 7
100 0.2 18.146 0.4499999999999993 63.822 17.696 31.406428571428574 7
110 1.1 25.497636363636364 8.556799160186511 63.822 16.013 28.459666666666674 9
120 0.7 18.94442857142857 4.625980756464911 63.822 14.017 26.830550000000006 20
130 0.1 28.887 0.0 63.822 14.017 24.786000000000005 27
140 0 0 0 63.822 14.017 24.932464285714293 28
150 0 0 0 63.822 14.017 24.932464285714293 28
160 0 0 0 63.822 14.017 24.932464285714293 28
170 0 0 0 63.822 14.017 24.932464285714293 28
180 0 0 0 63.822 14.017 24.932464285714293 28
182 0 0 0 63.822 14.017 24.932464285714293 28
