10 0.7 820.7071428571427 15.386724207469715 850.045 800.511 0 0
20 0.6 880.3111666666667 60.867492857892174 964.025 800.511 820.7071428571427 7
30 0.1 1012.382 0.0 1012.382 800.511 848.2166923076923 13
40 0 0 0 1012.382 800.511 859.9427857142856 14
50 0 0 0 1012.382 800.511 859.9427857142856 14
60 0 0 0 1012.382 800.511 859.9427857142856 14
70 0 0 0 1012.382 800.511 859.9427857142856 14
80 0 0 0 1012.382 800.511 859.9427857142856 14
90 0 0 0 1012.382 800.511 859.9427857142856 14
100 0.3 947.7783333333333 25.50888563270102 1012.382 800.511 859.9427857142856 14
110 2 1037.5356000000004 44.82923822172317 1161.727 800.511 875.4431764705882 17
120 1.6 1038.2030625000002 34.18822278663513 1161.727 800.511 963.0607027027029 37
130 0.3 1051.2766666666666 21.135382093121077 1161.727 800.511 985.7451886792454 53
140 0 0 0 1161.727 800.511 989.2558035714288 56
150 0 0 0 1161.727 800.511 989.2558035714288 56
160 0 0 0 1161.727 800.511 989.2558035714288 56
170 0 0 0 1161.727 800.511 989.2558035714288 56
180 0 0 0 1161.727 800.511 989.2558035714288 56
182 0 0 0 1161.727 800.511 989.2558035714288 56
