0 0.2 123.193 2.355000000000004 125.548 120.838 0 0
10 1.6 104.3705 11.578307950646327 137.183 85.308 123.193 2
20 1.1 102.30481818181819 11.150844858478267 137.183 85.308 106.4618888888889 18
30 0.1 111.946 0.0 137.183 85.308 104.88506896551725 29
40 0 0 0 137.183 85.308 105.12043333333334 30
50 0 0 0 137.183 85.308 105.12043333333334 30
60 0 0 0 137.183 85.308 105.12043333333334 30
70 0 0 0 137.183 85.308 105.12043333333334 30
80 0 0 0 137.183 85.308 105.12043333333334 30
90 0 0 0 137.183 85.308 105.12043333333334 30
100 1.8 102.72455555555554 9.676490681728596 137.183 83.986 105.12043333333334 30
110 3.6 110.24558333333334 11.379289360683586 137.183 83.986 104.22197916666666 48
120 0.6 120.32300000000002 6.628971413424557 137.183 83.986 106.8035238095238 84
130 0 0 0 137.183 83.986 107.70482222222222 90
140 0 0 0 137.183 83.986 107.70482222222222 90
150 0 0 0 137.183 83.986 107.70482222222222 90
160 0 0 0 137.183 83.986 107.70482222222222 90
170 0 0 0 137.183 83.986 107.70482222222222 90
180 0 0 0 137.183 83.986 107.70482222222222 90
182 0 0 0 137.183 83.986 107.70482222222222 90
